5 0.20382265568044097 0.29087768612594533 0.07064854470512981 0.16186885949664293
2 0.19618456960055125 0.36427890766538584 0.07799993484481628 0.18599123488223726
1 0.17382272548956643 0.4895306492067843 0.06328316939762857 0.13534263795720244
1 0.23197734507491183 0.20281563176321823 0.05361184411098481 0.12561536821230737
3 0.2444441012142161 0.1257526984282533 0.05836359574741797 0.11605592616167798
3 0.15751944485054878 0.6062990010037772 0.07521848915997062 0.12105941744601349
6 0.14114623837245718 0.7350865835700009 0.07287058367738361 0.13064683077902062
6 0.24726750240250614 0.05360934253049106 0.048692270460774144 0.10632865641678291
4 0.330193202126291 0.05384625636538668 0.04142479132797647 0.09662935795426547
4 0.32371508361987994 0.13444503072517686 0.03899297483850074 0.09179369436419556
4 0.3112133645610387 0.2175175794447572 0.04382863748182263 0.09665732923664311
4 0.3023244073168741 0.2993462481638481 0.04142479132797647 0.09662935795426542
4 0.2897457698350515 0.39563995072958225 0.04863632978951493 0.09671327180139827
4 0.27709021393024746 0.5051548071414703 0.053485977600651595 0.10398075282769198
4 0.26082888879467425 0.6147116204769247 0.04872024079640372 0.1111363487244752
4 0.24449064523611957 0.737489587658533 0.05351394793628117 0.10878844513538428
11 0.8085018447152671 0.26461213937720784 0.06107511559318969 0.16896851282867098
8 0.820017609443165 0.3510107445037814 0.06844049090069095 0.1954947343681114
7 0.8017448242077094 0.1865710532243407 0.04886009247455165 0.13517481026293673
7 0.8337064650559652 0.4770448398864388 0.05604366060046054 0.1304510318023773
9 0.7865743421616903 0.10862786655979512 0.05361184411098481 0.12561536821230737
9 0.8258236385393165 0.592513369118187 0.06331113973325841 0.14015033026489476
12 0.8526077814879373 0.7400282378323829 0.06809086170532087 0.1353985805219574
12 0.785770996367489 0.04484539789699538 0.048650314957329716 0.08969079579399077
10 0.7107622847247403 0.12513396195468976 0.04382863748182276 0.09665732923664311
10 0.7088409268605047 0.0452649671326595 0.039020945174130454 0.090529934265319
10 0.7114747269281454 0.20925459169811633 0.04142479132797661 0.09662935795426549
10 0.7169738836875209 0.29692504810755693 0.043856607817452056 0.10146502154433534
10 0.7175884297162225 0.3978726009279066 0.04624646880348356 0.0990891466728668
10 0.7265884669477559 0.503529946567627 0.04623248363566891 0.09668530051902066
10 0.7283979434694733 0.6056654368237109 0.04867828529295929 0.10392481026293673
10 0.7408918685892577 0.730511594770634 0.0631433177194807 0.11130417641874092