5 0.21051582560105078 0.2957158337816707 0.07401743181706194 0.1638810934959824
2 0.20245116302699528 0.36899118597053404 0.07910483694853031 0.18794752537007356
1 0.17936204095874433 0.4938653194602009 0.06406639181314602 0.13497899897856933
1 0.23918100817706422 0.20813627859615627 0.05433912206825099 0.12530767369192558
3 0.25210930562356726 0.13008120443523025 0.059034929246432895 0.11572025941217053
3 0.16236644812224157 0.6115628774078663 0.0783216410419573 0.12063983306238112
6 0.14523099887385077 0.7412796661247624 0.07362583386377543 0.13022724734213617
6 0.2553522902487416 0.057979804987660435 0.05171150565538395 0.1060629192933415
4 0.33825701127405633 0.06086613943111708 0.04198423591048886 0.0963915940066977
4 0.331310357929791 0.14136002266542624 0.03955241847426522 0.09397376268503678
4 0.3183261179185329 0.22422278913404453 0.04438808206433501 0.09640557917451244
4 0.31016355585615574 0.3059116028613694 0.04438808206433501 0.09640557917451244
4 0.2958235507148976 0.40198853059223416 0.04922374565440494 0.0988373956639883
4 0.2837335496744088 0.5113005973370677 0.054115351809230106 0.10607690446115633
4 0.2656199476081158 0.6217796242392871 0.04936360206629304 0.11085662643321907
4 0.24975634964259205 0.7454937901554752 0.05414332309160773 0.1084807506150025
11 0.8177107497062255 0.2800163194241376 0.06208211489496389 0.17102270611844686
8 0.8299249373867854 0.36663169938558055 0.06957336618027855 0.19510312316035275
7 0.8126102009988825 0.20185635650460063 0.049643314890069234 0.13489508797168054
7 0.8416636132669262 0.49411246396240804 0.05679891078685218 0.13012935116743252
9 0.7978942676761546 0.12364045291380445 0.054367093350628545 0.12771151984577164
9 0.8343113763281855 0.6094621164274865 0.06412233437790113 0.13978669128626164
12 0.8602213875900048 0.7586614073958182 0.06887408412083847 0.1350069693141989
12 0.7975035117881821 0.0539219218683586 0.049195774372027316 0.09643354951014207
10 0.720803363058812 0.13761600446680788 0.04438808206433501 0.0964055791745125
10 0.7193645261469933 0.05466932699130078 0.0395803897566427 0.0963776088388829
10 0.7222282143294418 0.2217646050192381 0.04438808206433501 0.09640557917451244
10 0.7260009691891628 0.31073488304717534 0.04444402462909025 0.10121327148220474
10 0.7260141127650375 0.41290533716954425 0.0468478707829364 0.10122725665001954
10 0.7356006840327306 0.5187375011939417 0.049195774372027316 0.09643354951014214
10 0.7356138276086053 0.6209079553163105 0.05171150565538395 0.10606291929334169
10 0.7473804747711235 0.7459848737392919 0.06378667898936996 0.11094053744010779