5 0.7890147539453723 0.3016826923076923 0.07305239085897597 0.16105769230769232
2 0.7954439243644317 0.3737980769230769 0.08040378099866256 0.18509615384615385
1 0.8154019223215703 0.4987980769230769 0.06328316939762857 0.1346153846153846
1 0.762068980211732 0.21514423076923078 0.05601569026483096 0.125
3 0.7520060702262739 0.13822115384615385 0.05836359574741797 0.11538461538461539
3 0.8293013568067418 0.6153846153846154 0.0776223353138165 0.1201923076923077
6 0.8432567319631724 0.7415865384615384 0.07527442983122977 0.12980769230769232
6 0.7503915846988143 0.0673076923076923 0.05108213144680544 0.10336538461538461
4 0.6674518998072146 0.06610576923076923 0.041410806160161684 0.09375
4 0.6727211026527952 0.14543269230769232 0.041410806160161684 0.09375
4 0.6840278912186206 0.22956730769230768 0.04382863748182276 0.09615384615384616
4 0.6917079328019548 0.31009615384615385 0.04382863748182276 0.09615384615384616
4 0.7018757315460241 0.4050480769230769 0.05104017594336122 0.09615384615384616
4 0.7121204487130744 0.5132211538461539 0.055889823754497754 0.10336538461538461
4 0.7259709351108941 0.6213942307692307 0.05111010178243502 0.10817307692307693
4 0.7398983399316952 0.7427884615384616 0.05591779409012732 0.10817307692307693
11 0.19148417011691815 0.27163461538461536 0.06347896174703571 0.16826923076923078
8 0.1775575666512665 0.35697115384615385 0.07083035188672217 0.19230769230769232
7 0.19825517579229052 0.19591346153846154 0.0512639386283978 0.1346153846153846
7 0.16265979537763592 0.48197115384615385 0.05604366060046054 0.12980769230769232
9 0.2146345734991401 0.11899038461538461 0.05361184411098481 0.125
9 0.16813877574043845 0.5973557692307693 0.0633111397332582 0.13942307692307693
12 0.13893680147015675 0.7427884615384616 0.07049470785916703 0.1346153846153846
12 0.21784176544718764 0.05048076923076923 0.05106814627899066 0.10096153846153846
10 0.2904466309360902 0.1346153846153846 0.04623248363566878 0.09615384615384616
10 0.2923749813842332 0.052884615384615384 0.04142479132797647 0.09615384615384616
10 0.2873233499949314 0.21754807692307693 0.04382863748182263 0.09615384615384616
10 0.280622270158633 0.30528846153846156 0.04626045397129835 0.10096153846153846
10 0.2787988084691009 0.4050480769230769 0.048650314957329716 0.0985576923076923
10 0.26738793249981374 0.5096153846153846 0.04863632978951493 0.09615384615384616
10 0.264369540317266 0.6105769230769231 0.05108213144680544 0.10336538461538461
10 0.2506597069527437 0.7331730769230769 0.06314331771948065 0.11057692307692307