5 0.7771399633727486 0.2932692307692308 0.07303840569116132 0.15865384615384615
2 0.7863427855375968 0.3641826923076923 0.08040378099866229 0.18509615384615385
1 0.8084730730244879 0.4855769230769231 0.06326918422981392 0.13221153846153846
1 0.7499991986448505 0.20673076923076922 0.05361184411098481 0.125
3 0.7372115850009554 0.13221153846153846 0.05836359574741797 0.11538461538461539
3 0.8258236385393165 0.6021634615384616 0.07521848915997034 0.1201923076923077
6 0.8419163403059629 0.7283653846153846 0.07287058367738361 0.12980769230769232
6 0.7340183782207226 0.06129807692307692 0.05108213144680572 0.10336538461538461
4 0.6534755468990618 0.06370192307692307 0.04141080616016141 0.09375
4 0.6590236517457888 0.14302884615384615 0.04139682099234676 0.09134615384615384
4 0.671776302470147 0.22355769230769232 0.043814652314007836 0.09375
4 0.6809301765476433 0.30288461538461536 0.04382863748182276 0.09615384615384616
4 0.6948008393420358 0.39783653846153844 0.04863632978951507 0.09615384615384616
4 0.7061977301435081 0.5048076923076923 0.053485977600651595 0.10336538461538461
4 0.7235972437456885 0.6129807692307693 0.05111010178243502 0.10817307692307693
4 0.7397249084318717 0.7331730769230769 0.05349996276846652 0.10576923076923077
11 0.18343891146010047 0.2848557692307692 0.06347896174703578 0.16826923076923078
8 0.1721251303103675 0.3701923076923077 0.07083035188672217 0.19230769230769232
7 0.18870112172177367 0.20673076923076922 0.05124995346058302 0.13221153846153846
7 0.15938566339867472 0.49399038461538464 0.05604366060046054 0.12980769230769232
9 0.20357172401492407 0.12980769230769232 0.05361184411098481 0.125
9 0.1683367525428565 0.6081730769230769 0.0633111397332582 0.13942307692307693
12 0.14225026527467668 0.7536057692307693 0.07048072269135225 0.13221153846153846
12 0.20399127904936792 0.057692307692307696 0.05109611661462023 0.10576923076923077
10 0.2792159594380965 0.14302884615384615 0.04623248363566878 0.09615384615384616
10 0.2796844625598922 0.0625 0.04142479132797647 0.09615384615384616
10 0.277531548071563 0.22596153846153846 0.04382863748182263 0.09615384615384616
10 0.2722133971386306 0.3137019230769231 0.04626045397129835 0.10096153846153846
10 0.2740438514120701 0.41225961538461536 0.048650314957329716 0.0985576923076923
10 0.2638201119967418 0.5168269230769231 0.04863632978951493 0.09615384615384616
10 0.2644416506093509 0.6165865384615384 0.05108213144680544 0.10336538461538461
10 0.25170218369765807 0.7403846153846154 0.06314331771948065 0.11057692307692307