5 0.7807177622678882 0.2889722706630119 0.07063455953731516 0.15946501334279672
2 0.7887186613558134 0.35978783271315184 0.07798594967700148 0.18358738872839112
1 0.808438110104951 0.48214623065909595 0.060865338075967765 0.1329108205209787
1 0.7547789206169132 0.20274149323070403 0.05361184411098481 0.12561536821230737
3 0.7432002226338486 0.12716019579643822 0.05836359574741797 0.11605592616167798
3 0.8233848294659334 0.59855095578518 0.07280065783830955 0.11862760000978986
6 0.8382756081556567 0.7245710655266486 0.07285659850956869 0.12824298462517447
6 0.741208938930539 0.05627470554035428 0.04866430012514464 0.10152096410909062
4 0.6606731001927854 0.05841366657692721 0.03900696000631553 0.09419754051804172
4 0.6650192819625893 0.13768464708909506 0.03899297483850061 0.09179369436419556
4 0.6765630170261171 0.21927555990797626 0.043814652314007836 0.09425348308279695
4 0.6845149680266902 0.2985045834965777 0.04142479132797661 0.09662935795426549
4 0.6959817846672366 0.39331665016161277 0.04863632978951507 0.09671327180139827
4 0.7061767523917859 0.5001619332370674 0.05347199243283667 0.10157690667384582
4 0.72117241984012 0.6081531968246898 0.048706255628588865 0.10873250257062904
4 0.7360911688654729 0.7293656142584661 0.05349996276846652 0.10638459898153813
11 0.18707964361040666 0.27665040817951164 0.05867126943934341 0.16894054154629337
8 0.17456393938375064 0.36212680305293815 0.06842650573287602 0.1930908882142654
7 0.19353678436509553 0.19965740305049076 0.04884610730673686 0.1327709641090906
7 0.1594206263182117 0.48609270767028073 0.05363981444661438 0.13042306051999966
9 0.20960930973516903 0.12255251279195936 0.05361184411098481 0.12561536821230737
9 0.16596786930854732 0.6001914861308403 0.0633111397332582 0.14015033026489476
12 0.13747753588652137 0.745945848185875 0.06807687653750613 0.13299473436811127
12 0.21123078784653604 0.051793735371888694 0.048692270460774074 0.10358747074377739
10 0.2852465525744341 0.13609449432014165 0.04382863748182263 0.09665732923664311
10 0.28691697877315286 0.05555166252510669 0.039020945174130316 0.09660138667188788
10 0.2823602181309775 0.21905515791021157 0.04142479132797647 0.09662935795426549
10 0.275840144121122 0.3068654707315402 0.043856607817452195 0.10146502154433534
10 0.27526675224071534 0.40542316303923254 0.04623248363566878 0.09668530051902066
10 0.26384108974846404 0.5101163415022394 0.04623248363566878 0.09668530051902066
10 0.2620587822072269 0.6098899425280437 0.048664300125144506 0.10152096410909059
10 0.24812438480251842 0.7326399384272743 0.06314331771948065 0.11130417641874092