5 0.21514423076923078 0.28841178901903725 0.07451923076923077 0.16389507866379718
2 0.20552884615384615 0.36178503738260415 0.07932692307692307 0.18796151053788834
1 0.1814903846153846 0.485722965983829 0.0625 0.13738284513241547
1 0.2439903846153846 0.20050358238987506 0.055288461538461536 0.1277255050135865
3 0.25721153846153844 0.1223016639668937 0.06009615384615385 0.11813809073383143
3 0.16346153846153846 0.6036163162809015 0.07692307692307693 0.12304367921622728
6 0.14783653846153846 0.73351491217939 0.07451923076923077 0.13264507866379724
6 0.2608173076923077 0.05220633474559776 0.055288461538461536 0.10441266949119551
4 0.34375 0.05449050561786872 0.04326923076923077 0.09640557917451249
4 0.33653846153846156 0.13506130727515925 0.040865384615384616 0.09398774785285154
4 0.3233173076923077 0.21686899492890988 0.04326923076923077 0.0964055791745125
4 0.3137019230769231 0.2986557048309383 0.04326923076923077 0.09880942532835867
4 0.29927884615384615 0.3948934619916732 0.05048076923076923 0.09885138083180309
4 0.2860576923076923 0.5043453804146546 0.055288461538461536 0.10609088962897112
4 0.26802884615384615 0.6150271922501886 0.05048076923076923 0.11087061160103372
4 0.25 0.7377282348549534 0.055288461538461536 0.10849473578281714
11 0.8221153846153846 0.2764670726073396 0.0625 0.17103669128626164
8 0.8341346153846154 0.3629356083067271 0.06971153846153846 0.19511710832816753
7 0.8173076923076923 0.1983700429429692 0.05048076923076923 0.1373129192933415
7 0.8449519230769231 0.49027652120540677 0.057692307692307696 0.1325471824890936
9 0.8028846153846154 0.11912703087293489 0.055288461538461536 0.12772550501358648
9 0.8365384615384616 0.6057100846773739 0.06490384615384616 0.14220452260792257
12 0.8617788461538461 0.7546017019537801 0.06971153846153846 0.13742480063586
12 0.8040865384615384 0.04941359882974158 0.04807692307692308 0.09882719765948315
10 0.7259615384615384 0.13279571008916222 0.04567307692307692 0.09882341049617345
10 0.7247596153846154 0.04987001036537732 0.040865384615384616 0.09879544016054384
10 0.7259615384615384 0.2169303254737776 0.04326923076923077 0.09880942532835867
10 0.7307692307692307 0.30584466283045575 0.04567307692307692 0.10363110280386569
10 0.7295673076923077 0.4080151169528246 0.04807692307692308 0.10124124181783446
10 0.7379807692307693 0.5137353996347037 0.04807692307692308 0.0988373956639883
10 0.7379807692307693 0.6158988611731652 0.052884615384615384 0.10607690446115633
10 0.7487980769230769 0.7420378509949216 0.06490384615384616 0.1133583687617686