5 0.787826816036264 0.30865968833697693 0.07305239085897597 0.16147724734213617
2 0.7954579095322464 0.3808170284558059 0.08041776616647721 0.18796151053788834
1 0.815415907489385 0.5059289097983243 0.06328316939762857 0.13497899897856933
1 0.7608740497187163 0.22076546687562953 0.05601569026483096 0.12532165885974036
3 0.7508111397332582 0.14378644928129342 0.05836359574741797 0.11572025941217048
3 0.828120411481541 0.6237872971758598 0.0776363204816317 0.12304367921622728
6 0.8420827792218789 0.7512680617526873 0.07527442983122977 0.1302412325099511
6 0.7491966542057986 0.0728659951589245 0.05108213144680544 0.10365907313949535
4 0.6662569693141989 0.07118158379239094 0.04382863748182276 0.09640557917451249
4 0.6715331647436869 0.15173840028186666 0.041410806160161684 0.09398774785285154
4 0.6828329607256052 0.23473402584472558 0.04382863748182276 0.0964055791745125
4 0.6905199948928467 0.3165067505789392 0.04382863748182276 0.09640557917451258
4 0.7006877936369157 0.4115146143271215 0.051054161111175875 0.09885138083180295
4 0.7121344338808893 0.519750624505365 0.055889823754497754 0.10368704347512497
4 0.7259919128626163 0.6292025429283464 0.05112408695024994 0.110870611601034
4 0.7387243871904017 0.7518686226135741 0.05591779409012732 0.10849473578281714
11 0.1878853934700563 0.2739203889671852 0.06347896174703571 0.16863284513241547
8 0.1739657825883121 0.360374939498758 0.07084433705453695 0.19511710832816753
7 0.19466339172933614 0.19944311370139883 0.0512639386283978 0.13490907313949532
7 0.15907500389858892 0.48648595898488484 0.05844750675430669 0.13014333633524744
9 0.21103579685227827 0.12141600987610238 0.053625829278799594 0.1277115198457717
9 0.16335206118446835 0.6018915521212225 0.06571498588710437 0.13980067645407643
12 0.13415707949809402 0.7483513529081528 0.07049470785916706 0.13502095448201382
12 0.2154379192933415 0.05173244175019352 0.05106814627899066 0.10125522698564919
10 0.2868478542892283 0.13748154266226847 0.04623248363566878 0.09641956434232729
10 0.28997812781429444 0.05577175118322143 0.04142479132797647 0.0963915940066977
10 0.28373156593197696 0.22159518029516168 0.04382863748182263 0.09640557917451244
10 0.27823240917260167 0.30930060199100934 0.04626045397129835 0.10122725665001954
10 0.2752140169900539 0.41024116270082556 0.048650314957329716 0.0988373956639883
10 0.2650050640976898 0.5147455371379667 0.04863632978951493 0.09643354951014214
10 0.2607777562543116 0.6144771821869525 0.05108213144680544 0.10365907313949527
10 0.24708190805760405 0.7393932711800637 0.06314331771948065 0.11094053744010779