5 0.7848557692307693 0.30384500344537724 0.06971153846153846 0.1614632621743214
2 0.7932692307692307 0.3772112592250367 0.07692307692307693 0.18554367921622741
1 0.8149038461538461 0.5023371257353699 0.0625 0.13497899897856933
1 0.7572115384615384 0.21594378940012243 0.052884615384615384 0.1253076736919255
3 0.7463942307692307 0.1389577792218789 0.057692307692307696 0.11572025941217053
3 0.8305288461538461 0.6190145677877046 0.07451923076923077 0.1206258478945662
6 0.8449519230769231 0.7477042480253625 0.07211538461538461 0.13022724734213617
6 0.7439903846153846 0.06682840943867951 0.04807692307692308 0.1060489341255267
4 0.6610576923076923 0.06754784422599211 0.040865384615384616 0.0963915940066977
4 0.6670673076923077 0.14811165329937526 0.038461538461538464 0.09156991653119059
4 0.6790865384615384 0.23111427144614155 0.04326923076923077 0.0964055791745125
4 0.6862980769230769 0.31288699618035515 0.040865384615384616 0.09639159400669765
4 0.6995192307692307 0.4091177607571827 0.04807692307692308 0.09643354951014214
4 0.7103365384615384 0.5185556940123492 0.052884615384615384 0.10367305830731019
4 0.7259615384615384 0.6280215976031455 0.04807692307692308 0.11085662643321907
4 0.7415865384615384 0.7507086550400955 0.052884615384615384 0.1084807506150025
11 0.1814903846153846 0.28110395709309405 0.06009615384615385 0.1686188599646007
8 0.16826923076923078 0.36756550020857426 0.0673076923076923 0.19510312316035275
7 0.1875 0.20301392001263105 0.04807692307692308 0.13489508797168054
7 0.15504807692307693 0.4936905048625159 0.055288461538461536 0.13012935116743266
9 0.203125 0.12497982360342721 0.052884615384615384 0.12530767369192553
9 0.16105769230769232 0.6091100831666683 0.0625 0.13978669128626164
12 0.13341346153846154 0.7567857921983366 0.0673076923076923 0.1350069693141989
12 0.20432692307692307 0.05287143157195002 0.04807692307692308 0.10364508797168054
10 0.2800480769230769 0.1410523489735007 0.04326923076923077 0.0964055791745125
10 0.28125 0.058126649249715806 0.038461538461538464 0.0963776088388829
10 0.2776442307692308 0.22517297919030133 0.040865384615384616 0.09639159400669765
10 0.27163461538461536 0.312878400886149 0.04326923076923077 0.10121327148220488
10 0.27163461538461536 0.4138399393476874 0.04567307692307692 0.09882341049617338
10 0.2608173076923077 0.5195462368617516 0.04567307692307692 0.09641956434232722
10 0.25961538461538464 0.6217027058163057 0.04807692307692308 0.10364508797168061
10 0.24519230769230768 0.746618794809417 0.0625 0.11094053744010779