5 0.2180243739839294 0.28972020356487016 0.07306637602679075 0.16388109349598232
2 0.21003746006381918 0.36298856316982603 0.07801392001263106 0.18794752537007356
1 0.18913007340557322 0.4878626966594929 0.06328316939762857 0.13497899897856933
1 0.2451581461279201 0.2021406483793557 0.05361184411098481 0.1253076736919255
3 0.25552093586624697 0.12407858163452226 0.05836359574741797 0.11572025941217053
3 0.17419034662849822 0.6055602546071582 0.07762233531381678 0.12063983306238125
6 0.15932054569049725 0.7352770433240544 0.07287058367738361 0.13022724734213617
6 0.25751921215346396 0.05438102834079861 0.053499962768466386 0.10607690446115631
4 0.3416538275380793 0.05487050921431648 0.04142479132797647 0.0963915940066977
4 0.33611271527525965 0.13536439244862566 0.03900696000631553 0.09397376268503675
4 0.3245759727956394 0.21822715891724398 0.04382863748182263 0.0964055791745125
4 0.3166380069628809 0.2999089800606614 0.04382863748182263 0.09640557917451244
4 0.305178182906242 0.39599290037543367 0.048650314957329716 0.0988373956639883
4 0.2937952772725845 0.5052979745363596 0.053499962768466386 0.10607690446115633
4 0.27881359499206515 0.6157839940224865 0.04872024079640372 0.11085662643321907
4 0.2639088311345271 0.7394911673547673 0.05351394793628124 0.1084807506150025
11 0.8248836464875648 0.274020689207337 0.06108910076100434 0.17102270611844686
8 0.8374063432981285 0.3606290765848726 0.06844049090069095 0.19510312316035275
7 0.8172175900720456 0.19585373370389264 0.04886009247455165 0.13489508797168054
7 0.8525706341153895 0.48811683374560744 0.05604366060046054 0.13012935116743252
9 0.8011380721180645 0.11763783011309648 0.053625829278799456 0.1277115198457717
9 0.8460303837089612 0.6034594936267784 0.06331113973325814 0.13978669128626164
12 0.8757436179596325 0.7526657771790176 0.06809086170532087 0.1350069693141989
12 0.7995445643423272 0.05032314522149676 0.048608359453885225 0.09162585720244977
10 0.7242989062018766 0.13161338166609987 0.04382863748182276 0.0964055791745125
10 0.7226284800031577 0.05107754292834635 0.041410806160161684 0.09398774785285155
10 0.7271922332292404 0.2157619822185301 0.04382863748182276 0.0964055791745125
10 0.7337192998230033 0.3047392528303748 0.043856607817452056 0.10121327148220481
10 0.7343136694551322 0.40690271436883635 0.046260453971298215 0.10122725665001954
10 0.7457463245312911 0.5127348783932336 0.04863632978951507 0.09643354951014214
10 0.7487445403172661 0.6149123250995101 0.051096116614620365 0.10606291929334141
10 0.7626929228897894 0.7399892435224913 0.06314331771948044 0.11094053744010779