5 0.21688538416217293 0.2980271736344219 0.07063455953731503 0.1590594160204753
2 0.21008640815117094 0.3689825906763278 0.07798594967700148 0.18313983306238113
1 0.18917202890901758 0.4929065341097379 0.06328316939762857 0.13497899897856933
1 0.24402614889007104 0.2113278826660902 0.05361184411098481 0.12530767369192558
3 0.25439593121230525 0.13434187248784665 0.0583635957474179 0.11572025941217053
3 0.17422530954803522 0.6095839761620725 0.07521848915997062 0.12062584789456633
6 0.16054344651914254 0.7370717333228074 0.07287058367738361 0.13022724734213617
6 0.2563872149156149 0.06341442578157032 0.04867828529295929 0.10364508797168054
4 0.3393268998072146 0.06413386056888291 0.03900696000631553 0.09397376268503675
4 0.33377879496048746 0.143495746565343 0.03899297483850074 0.09156991653119056
4 0.3222350598969598 0.22529644163518622 0.04382863748182263 0.09640557917451244
4 0.315492024557217 0.3058672432924767 0.04142479132797647 0.09639159400669765
4 0.30282328483974763 0.4008960847923812 0.04863632978951493 0.09643354951014214
4 0.2926353096991058 0.5091320949706246 0.05347199243283681 0.10126921215346403
4 0.27763964225077165 0.6173960754844978 0.04870625562858893 0.10845278027937291
4 0.26272788580932627 0.7400831329214478 0.053499962768466386 0.10607690446115633
11 0.8141222794665163 0.2741191671247526 0.05867126943934354 0.16860487479678585
8 0.827846899354003 0.3605807102402328 0.06842650573287602 0.1926992770065066
7 0.8076721312957349 0.19843297619813577 0.04886009247455165 0.13489508797168054
7 0.8417952819265262 0.4855037918172514 0.053639814446614656 0.13011536599961787
9 0.7915996059256614 0.12160080286585503 0.05361184411098481 0.1253076736919255
9 0.8364499620131135 0.5997214470444807 0.06331113973325841 0.13978669128626164
12 0.864947288019047 0.746195232999226 0.06809086170532087 0.1350069693141989
12 0.7899711352303871 0.050657477410109036 0.04869227046077421 0.10131495482021807
10 0.7159623630863963 0.13646441257509803 0.04382863748182276 0.09640557917451248
10 0.7142849443037702 0.054740635928236206 0.039020945174130454 0.09637760883888288
10 0.718848697529853 0.21938311971497557 0.04142479132797661 0.09639159400669765
10 0.7253687715397086 0.3070885414108232 0.043856607817452056 0.10121327148220481
10 0.7259491560040225 0.40684815679543856 0.04624646880348356 0.09882341049617338
10 0.7373748184962737 0.5113525312325796 0.04623248363566891 0.09641956434232722
10 0.7391641186214184 0.6123070771102108 0.04866430012514464 0.10124124181783446
10 0.7531055086100343 0.7360282356103063 0.06314331771948044 0.11094053744010779