10 0.7228575681829381 0.16346153846153846 0.06138283283552381 0.11057692307692307
7 0.5550473373769957 0.4338942307692308 0.06415030566027888 0.14182692307692307
8 0.8342299886769948 0.3016826923076923 0.08416427079762091 0.2091346153846154
11 0.6509100112618191 0.14903846153846154 0.06940553848601311 0.18028846153846154
12 0.5621198614919602 0.3425480769230769 0.06401044924839078 0.12980769230769232
9 0.5476802727317523 0.6538461538461539 0.07155764309846055 0.15865384615384615
10 0.7413042994418203 0.33413461538461536 0.059090871811187856 0.1201923076923077
10 0.6460989506928706 0.5625 0.06395450668363568 0.125
6 0.7276101599911893 0.06490384615384616 0.06160660309454449 0.12980769230769232
3 0.7568988019635007 0.6466346153846154 0.07398946053468446 0.16105769230769232
2 0.22358313739412777 0.3076923076923077 0.09618350156685182 0.2091346153846154
4 0.45612433426776644 0.671875 0.06152268924741177 0.12259615384615384
4 0.40693192815699525 0.3545673076923077 0.05182339078489443 0.11538461538461539
4 0.3914870573618216 0.5456730769230769 0.05917478565832086 0.12740384615384615