10 0.7225857231445639 0.1754866636879675 0.0583356254117884 0.11124823385398568
7 0.5527781239157056 0.4379517508446119 0.060907293579411985 0.14012235898251701
8 0.8323515064882289 0.31619641960041434 0.07812580135514935 0.20762585026685265
11 0.651770157780806 0.15783458778090503 0.06353490241829499 0.17861186872643314
12 0.561716029247222 0.34790541956370274 0.06085135290815284 0.13050697436713238
9 0.5443009277669281 0.655415913920556 0.06821672821565408 0.15703319590657308
10 0.739628614967467 0.3451676021519534 0.058377580915232624 0.11845977231552414
10 0.6421741482068448 0.5676064431645413 0.05840555125086247 0.12326746462321644
6 0.7291617378256785 0.07820082266314231 0.05843352158649177 0.1280751569309087
3 0.7510526747494196 0.654215674974261 0.068230713383469 0.15943704206041895
2 0.22781916171545813 0.3031520266978307 0.09014503212438019 0.20776570667874067
4 0.45406579340690106 0.6699919908313957 0.05839156608304755 0.1208636184693703
4 0.407813934729809 0.3557306421069205 0.048748211132033356 0.1159440410321675
4 0.38988917597942435 0.5442367662072004 0.058419536418677115 0.1256713107770626