10 0.728623308864809 0.16650411381640612 0.058335625411788126 0.11091256710447822
7 0.5563908857303821 0.4335400130554017 0.06332512490107306 0.1421905374401078
8 0.8395840227014895 0.3077794241197942 0.078139786522964 0.2095821407546888
11 0.6566058204241279 0.14925763570503914 0.06356287275392457 0.1830559220554924
12 0.565335783645806 0.34224280729659967 0.063255199061999 0.130171306670877
9 0.5478927118298824 0.6546519037058035 0.06823071338346888 0.15904543085266043
10 0.745652215519897 0.3384840025750171 0.05839156608304727 0.12052795171986283
10 0.6469748479306296 0.5650810648169794 0.060823382572523274 0.1253496291953698
6 0.734004393052908 0.06797439184434341 0.05843352158649177 0.12773949018140127
3 0.75704830496622 0.6522628440749215 0.07064854470512981 0.16146326217432153
2 0.22542930072942677 0.29939852143542134 0.0925628634460412 0.20966605176157765
4 0.455246738732102 0.6709403978218569 0.05839156608304755 0.12052795171986283
4 0.4090298429745468 0.3509491560040225 0.048748211132033356 0.11566431874091138
4 0.38988218339551695 0.5431519595531038 0.058433521586491906 0.1277394901814013