10 0.2685446307472038 0.1606862840054508 0.06138283283552381 0.110926552272293
7 0.4397186645571356 0.4264992824158011 0.06655415181412504 0.14220452260792257
8 0.1562894307276243 0.30556037095570066 0.08419224207999867 0.21201395724416455
11 0.3396538912623086 0.14344679847799122 0.06943350976839045 0.18308389239112197
12 0.4323820973902119 0.33400015358007595 0.06401044924839078 0.130171306670877
9 0.44916453734762646 0.6475832027305733 0.0739614892523067 0.15907340118829
10 0.2520936358517504 0.3350490411661857 0.06149471796503422 0.12054193688767761
10 0.3504398594109826 0.5592212795025796 0.06395450668363568 0.12536361436318472
6 0.2624519435807696 0.06457439335504901 0.061550660529789455 0.1253496291953699
3 0.238827998886088 0.648806904914368 0.07398946053468432 0.16147724734213617
2 0.7706679220119598 0.28516023750209707 0.0986153190030756 0.2120978682510534
4 0.5403568491407035 0.6602729201997648 0.06152268924741177 0.12294578304152391
4 0.5885341979018903 0.34150457921057575 0.05182339078489443 0.11567830390872604
4 0.6067431732605628 0.5324914745149192 0.06157863181216701 0.12775347534921608