10 0.27283653846153844 0.1658653846153846 0.057692307692307696 0.11057692307692307
7 0.4423076923076923 0.4326923076923077 0.06009615384615385 0.14182692307692307
8 0.1622596153846154 0.30649038461538464 0.07692307692307693 0.20673076923076922
11 0.3449519230769231 0.1502403846153846 0.0625 0.18028846153846154
12 0.43509615384615385 0.34134615384615385 0.0625 0.12980769230769232
9 0.45072115384615385 0.6538461538461539 0.0673076923076923 0.15865384615384615
10 0.25600961538461536 0.33774038461538464 0.057692307692307696 0.1201923076923077
10 0.35216346153846156 0.5637019230769231 0.06009615384615385 0.125
6 0.26802884615384615 0.0673076923076923 0.057692307692307696 0.12980769230769232
3 0.24158653846153846 0.6502403846153846 0.06971153846153846 0.15865384615384615
2 0.7728365384615384 0.3016826923076923 0.09134615384615384 0.20673076923076922
4 0.5420673076923077 0.6694711538461539 0.057692307692307696 0.1201923076923077
4 0.5901442307692307 0.35216346153846156 0.04807692307692308 0.11538461538461539
4 0.6069711538461539 0.5432692307692307 0.057692307692307696 0.125