10 0.25983834594527194 0.16675184006132535 0.06073947156563449 0.110926552272293
7 0.43256483847167565 0.43256483847167565 0.06572897105491922 0.1422045226079227
8 0.14842231279946108 0.31162592701157527 0.08296146399847133 0.21201395724416455
11 0.330849703658437 0.14951235453386577 0.06837056506161687 0.18308389239112197
12 0.4246898058940838 0.34006570963595056 0.063255199061999 0.130171306670877
9 0.4432974338019452 0.6536487587864479 0.07303840569116118 0.15907340118829
10 0.24440134435562225 0.3411145972220603 0.0607954122368937 0.12054193688767761
10 0.3428533465495542 0.5652938281423616 0.06322722872636942 0.12536361436318472
6 0.2531932067802327 0.06943802633400051 0.06085135290815284 0.13015732150306222
3 0.2329608953404067 0.6548724609702425 0.07305239085897597 0.16147724734213617
2 0.762702901281857 0.2912257935579717 0.09738454092154843 0.2120978682510534
4 0.5345666692251176 0.6663384762556395 0.06080939740470848 0.12294578304152363
4 0.580890857806732 0.3475701352664503 0.05115205728587951 0.11567830390872616
4 0.6002047366892407 0.5397589536477169 0.06083736774033792 0.12775347534921608