10 0.2687009989962228 0.15950533868024988 0.058978986681677656 0.11091256710447822
7 0.44249287390440284 0.4265412379192455 0.06415030566027888 0.1421905374401078
8 0.15855847286146665 0.30078064898363793 0.07935657848992875 0.2095821407546889
11 0.34062058463496414 0.14225886056888293 0.06462581746069815 0.1830559220554924
12 0.4342044410713266 0.334035116499613 0.06401044924839078 0.130171306670877
9 0.45227777034468125 0.6476531285696473 0.06915379694461439 0.15904543085266043
10 0.25267209953237557 0.33148522743886083 0.059090871811188064 0.12052795171986283
10 0.3526711549478287 0.5580822896808232 0.061550660529789386 0.12534962919537007
6 0.2627604697522373 0.06242268089944391 0.059146814375943234 0.12484536179888782
3 0.24310119803649946 0.6452640689387652 0.07158561438083816 0.16146326217432153
2 0.7726712369632149 0.291197823222342 0.09377965541300554 0.20966605176157765
4 0.5450216462444014 0.6639416226857006 0.059090871811188134 0.12052795171986283
4 0.5893783887651027 0.3439503808678663 0.04941954463104828 0.11566431874091138
4 0.6096449375091575 0.5361531844169476 0.05917478565832086 0.1277394901814013