10 0.2860576923076923 0.16198242875678143 0.06009615384615385 0.11127620513636323
7 0.45072115384615385 0.4343311539073399 0.06490384615384616 0.1425821477011184
8 0.17067307692307693 0.2988609610488101 0.08173076923076923 0.2124894851393002
11 0.35697115384615385 0.14718258158692082 0.0673076923076923 0.1834755035988807
12 0.44471153846153844 0.34291507185524195 0.0625 0.13053494564951015
9 0.45552884615384615 0.6555409426259412 0.07211538461538461 0.15949298462517447
10 0.2644230769230769 0.333605687215383 0.06009615384615385 0.12089158975174791
10 0.35697115384615385 0.5630479662023055 0.0625 0.12572725334181784
6 0.28125 0.06577264003818006 0.0625 0.12572725334181778
3 0.24519230769230768 0.645881916956362 0.07211538461538461 0.16189683077902062
2 0.7848557692307693 0.3120172390809042 0.09615384615384616 0.2126573128335658
4 0.546875 0.6758346205870596 0.06009615384615385 0.12329543590559393
4 0.6009615384615384 0.35675243597901724 0.05048076923076923 0.11597201231454513
4 0.6141826923076923 0.5504158934167095 0.06009615384615385 0.12810312821328637