10 0.7334379937564086 0.16105769230769232 0.06315730288729536 0.11298076923076923
7 0.5647833695171216 0.4338942307692308 0.06574295622273386 0.14423076923076922
8 0.8480114694077658 0.3004807692307692 0.0829614639984715 0.21153846153846154
11 0.6614135127318203 0.14543269230769232 0.06837056506161687 0.18269230769230768
12 0.5725333369395297 0.34134615384615385 0.06567303038366007 0.13221153846153846
9 0.5598769796795763 0.6574519230769231 0.07305239085897597 0.16105769230769232
10 0.754072669642266 0.3329326923076923 0.06080939740470835 0.12259615384615384
10 0.6589731009481382 0.5649038461538461 0.06322722872636942 0.125
6 0.7388120853606003 0.06370192307692307 0.06564506004803022 0.12740384615384615
3 0.7714573967214822 0.6502403846153846 0.07547022218063705 0.16346153846153846
2 0.22779119137982856 0.30528846153846156 0.09739852608936307 0.21394230769230768
4 0.4672310065817957 0.6742788461538461 0.06080939740470835 0.12259615384615384
4 0.41380257236270207 0.3545673076923077 0.05356988860754031 0.11778846153846154
4 0.39945561250745715 0.5480769230769231 0.06085135290815284 0.12980769230769232