10 0.2713766911351911 0.1654063846520962 0.058335625411788335 0.11124823385398568
7 0.4436161068535252 0.4366231149316756 0.06333911006888772 0.14495802257258708
8 0.15922104680549481 0.30591865745727176 0.07813978652296427 0.2100296964206988
11 0.3433941795758721 0.14941860004650137 0.06596671890777071 0.18344753231650313
12 0.4358731320150244 0.3451930472383889 0.063255199061999 0.13053494564951015
9 0.45212127333793234 0.6590627980095776 0.06823071338346888 0.15943704206041895
10 0.2543547770640103 0.33827352311118725 0.05839156608304755 0.1208636184693703
10 0.35303913723718516 0.567771744662865 0.060823382572523274 0.12569928205944023
6 0.2648006764540764 0.06798068721538296 0.063255199061999 0.1305349456495101
3 0.24177074970857906 0.6542114646476909 0.07064854470512981 0.16186885949664287
2 0.7757796149314037 0.30828559907943576 0.09257684861385584 0.21260137026881054
4 0.5447672464357128 0.6769666154580386 0.05840555125086219 0.12326746462321644
4 0.592186065270191 0.3578284882852411 0.05115205728587951 0.11597201231454513
4 0.6101318017722979 0.5503319795695767 0.05843352158649204 0.12807515693090876