7 0.4387019230769231 0.4241303991814919 0.0625 0.14940207590164625
12 0.4338942307692308 0.3292064464401985 0.0673076923076923 0.13741081546804507
11 0.34375 0.13622127484863794 0.0673076923076923 0.18308389239112202
9 0.453125 0.6427964881746031 0.07692307692307693 0.14948598690853496
10 0.35336538461538464 0.5556364880235326 0.055288461538461536 0.13012935116743252
10 0.27283653846153844 0.160672298837636 0.04807692307692308 0.1060489341255267
10 0.2536057692307692 0.3290534109493851 0.0625 0.1157482297478001
8 0.15745192307692307 0.29595897150813083 0.08173076923076923 0.21441780339801084
6 0.26802884615384615 0.06300616097813695 0.057692307692307696 0.1260123219562739
3 0.23197115384615385 0.6368715851520259 0.08413461538461539 0.16395101933505637
2 0.7704326923076923 0.28878698448458845 0.08653846153846154 0.20242654296440962
4 0.5877403846153846 0.33672485723851303 0.052884615384615384 0.1132884429226948
4 0.4254807692307692 0.5311784714506271 0.057692307692307696 0.11812410556601668
4 0.5396634615384616 0.6603218682871166 0.057692307692307696 0.11572025941217053