7 0.4327358659060509 0.4206730769230769 0.06338106557233221 0.15144230769230768
12 0.42736876688576675 0.3245192307692308 0.06811883204095046 0.13942307692307693
11 0.3348758292787996 0.12740384615384615 0.07078839638327782 0.18509615384615385
9 0.4484525708519965 0.6430288461538461 0.07780414249540914 0.15144230769230768
10 0.3469735811813106 0.5540865384615384 0.05844750675430669 0.12980769230769232
10 0.26290728892547033 0.15264423076923078 0.05111010178243509 0.10817307692307693
10 0.24466946660955166 0.3233173076923077 0.06317128805511021 0.11538461538461539
8 0.14711790502937527 0.28966346153846156 0.0829894343341009 0.21634615384615385
6 0.25875609814992406 0.05889423076923077 0.05836359574741797 0.11538461538461539
3 0.22365099996393673 0.6358173076923077 0.08751742328549725 0.16826923076923078
2 0.769693081123807 0.2860576923076923 0.08774118597053396 0.20673076923076922
4 0.5836677149731185 0.3329326923076923 0.05595974959357182 0.11538461538461539
4 0.4201510371954703 0.5300480769230769 0.05839156608304755 0.1201923076923077
4 0.5374997673029152 0.6610576923076923 0.060781427069078915 0.11778846153846154