7 0.43990384615384615 0.4277291758283538 0.0625 0.14940207590164625
12 0.43509615384615385 0.33280522308706034 0.0673076923076923 0.13741081546804507
11 0.3449519230769231 0.13982005149549978 0.0673076923076923 0.18308389239112202
9 0.4543269230769231 0.646395264821465 0.07692307692307693 0.14948598690853496
10 0.3545673076923077 0.5592352646703944 0.055288461538461536 0.13012935116743266
10 0.27403846153846156 0.1642710754844978 0.04807692307692308 0.1060489341255267
10 0.2548076923076923 0.332652187596247 0.0625 0.1157482297478001
8 0.15985576923076922 0.30075267864800836 0.08173076923076923 0.2144178033980107
6 0.2704326923076923 0.06540651084002941 0.06009615384615385 0.13081302168005882
3 0.23317307692307693 0.6404703617988878 0.08413461538461539 0.16395101933505613
2 0.7728365384615384 0.293580691624466 0.08653846153846154 0.20242654296440962
4 0.5889423076923077 0.3403236338853748 0.052884615384615384 0.1132884429226948
4 0.4266826923076923 0.534777248097489 0.057692307692307696 0.11812410556601668
4 0.5408653846153846 0.6639206449339785 0.057692307692307696 0.11572025941217053