7 0.5587737541325062 0.4371597674539857 0.06577092655836345 0.14941606106946118
12 0.5641268679849756 0.34343773778961534 0.0681048468731358 0.13741081546804507
11 0.6589886888262518 0.15287739010362317 0.07317825736930918 0.1831118627267516
9 0.5394722577075135 0.6558048786953747 0.08019400348144036 0.14949997207634988
10 0.6397353391334616 0.5698468016212274 0.05844750675430669 0.13014333633524744
10 0.729755306102658 0.17853033716954428 0.05111010178243502 0.10846676544718771
10 0.7431994212786991 0.34688347894566385 0.06317128805511028 0.1157482297478001
8 0.8407369976910608 0.31619987824216306 0.0853792953201323 0.21443178856582562
6 0.7351503754585718 0.07759676904363542 0.06085135290815284 0.13015732150306222
3 0.7594451585361589 0.6534787523196595 0.08750343811768274 0.1663688506567172
2 0.23024398562102646 0.29822456869412783 0.09011706178875055 0.20244052813222435
4 0.41144767429620777 0.34855929501799116 0.0559457644257569 0.11330242809050958
4 0.5677667987801324 0.5441868619713988 0.058377580915232756 0.11812410556601668
4 0.45164096950133276 0.6709194200701347 0.060767441901264124 0.11573424457998517