7 0.566062211017026 0.4239805691112763 0.06578491172617837 0.15181990722330718
12 0.5690254638834641 0.3278407081252449 0.0705226781947966 0.139828646789706
11 0.6579056396757544 0.13243770521202347 0.0731922425371241 0.18551570888059774
9 0.5539582678857571 0.6450714820099559 0.08020798864925528 0.15190381823019605
10 0.6542423270634272 0.5555076357050391 0.05846149192212161 0.1325471824890936
10 0.7310900882738216 0.15570079129191322 0.05351394793628117 0.1084807506150025
10 0.7505438188344782 0.3240888959875698 0.06558911937677109 0.11816606106946104
8 0.848102372998562 0.2897995260532998 0.08779712664179311 0.2168496198874865
6 0.7352342864654606 0.0631736921205585 0.06318527322292493 0.11815207590164625
3 0.7775858860325233 0.6343528718475012 0.08751742328549739 0.16877269681056334
2 0.22786810980280992 0.29340289121862073 0.09014503212438019 0.20724822043991672
4 0.4151093841982361 0.3389648881543287 0.05595974959357182 0.11570627424435574
4 0.579855955388437 0.532237557041242 0.05839156608304755 0.12052795171986283
4 0.466106001927854 0.6637917926154849 0.060781427069078915 0.11813809073383161