7 0.42884541430007267 0.4338942307692308 0.06423421950741161 0.14903846153846154
12 0.42514258764629587 0.3389423076923077 0.06893002668559343 0.13942307692307693
11 0.3372640307496513 0.14423076923076922 0.06943350976839045 0.18269230769230768
9 0.44070911888559855 0.6538461538461539 0.07865729643048852 0.14903846153846154
10 0.3419704553077658 0.5661057692307693 0.05920275694069861 0.12980769230769232
10 0.26486893331049055 0.16826923076923078 0.04933563078391542 0.10817307692307693
10 0.24486811174902307 0.33774038461538464 0.0638426215541252 0.11538461538461539
8 0.14910586354846342 0.30408653846153844 0.08424818464475388 0.21634615384615385
6 0.2624519435807696 0.06610576923076923 0.059230728223076096 0.13221153846153846
3 0.2184372635019621 0.6466346153846154 0.08606463386867033 0.1658653846153846
2 0.7645324358566452 0.3004807692307692 0.0888880492581805 0.20192307692307693
4 0.5800927650810511 0.3473557692307692 0.05422723693874058 0.11538461538461539
4 0.41556747582384956 0.5420673076923077 0.05906290052881037 0.11778846153846154
4 0.5282257332419622 0.6730769230769231 0.059034929246432895 0.11538461538461539