7 0.4324511835308419 0.43134893022693777 0.06423421950741161 0.14940207590164625
12 0.4287483568770651 0.33642497748564437 0.06893002668559343 0.1398146616218912
11 0.3408697999804205 0.14223788281716074 0.06943350976839045 0.18308389239112197
9 0.44431488811636777 0.6512169422969721 0.07865729643048852 0.14948598690853496
10 0.34557622453853504 0.5640569421459015 0.05920275694069861 0.13014333633524744
10 0.26847470254125977 0.16669589939006618 0.04933563078391542 0.10845278027937286
10 0.24847388097979228 0.33627194199483096 0.0638426215541252 0.1157482297478001
8 0.15271163277923266 0.30317750255357667 0.08424818464475388 0.21682164955185698
6 0.2660577128115389 0.0654135034239368 0.059230728223076096 0.1308270068478736
3 0.22204303273273135 0.6452990318583023 0.08606463386867033 0.16635486548890255
2 0.7681382050874144 0.29599153036221953 0.0888880492581805 0.20242654296440962
4 0.5836985343118204 0.3439363957000515 0.05422723693874058 0.11569228907654096
4 0.4191732450546188 0.5395919329890887 0.05906290052881037 0.11812410556601668
4 0.5318315024727315 0.6699372529025012 0.059034929246432895 0.11572025941217053