7 0.5600961538461539 0.4326923076923077 0.06490384615384616 0.1466346153846154
12 0.5661057692307693 0.3389423076923077 0.0673076923076923 0.13701923076923078
11 0.6586538461538461 0.14903846153846154 0.06971153846153846 0.18028846153846154
9 0.5420673076923077 0.6490384615384616 0.07932692307692307 0.14903846153846154
10 0.6418269230769231 0.5637019230769231 0.057692307692307696 0.12980769230769232
10 0.7283653846153846 0.17307692307692307 0.05048076923076923 0.10576923076923077
10 0.7439903846153846 0.34134615384615385 0.0625 0.11538461538461539
8 0.8401442307692307 0.31009615384615385 0.08413461538461539 0.21394230769230768
6 0.734375 0.0733173076923077 0.06009615384615385 0.12980769230769232
3 0.7608173076923077 0.6454326923076923 0.08653846153846154 0.16346153846153846
2 0.23317307692307693 0.2956730769230769 0.08653846153846154 0.20192307692307693
4 0.41346153846153844 0.3449519230769231 0.055288461538461536 0.11298076923076923
4 0.5697115384615384 0.5384615384615384 0.057692307692307696 0.11778846153846154
4 0.45552884615384615 0.6646634615384616 0.06009615384615385 0.11538461538461539