7 0.5636513722792724 0.421875 0.06577092655836345 0.14903846153846154
12 0.5666076325618031 0.3269230769230769 0.0705226781947966 0.13942307692307693
11 0.6554878083540936 0.1310096153846154 0.07317825736930918 0.18269230769230768
9 0.5515544217319109 0.6418269230769231 0.08020798864925528 0.15144230769230768
10 0.6506295652487506 0.5528846153846154 0.05844750675430696 0.12980769230769232
10 0.7262684107983145 0.15384615384615385 0.05111010178243502 0.10817307692307693
10 0.7469240644358942 0.32211538461538464 0.06317128805511028 0.11538461538461539
8 0.843280695523055 0.28725961538461536 0.08779712664179311 0.21634615384615385
6 0.7304196015738609 0.06009615384615385 0.06319925839073985 0.1201923076923077
3 0.7739731242178467 0.6310096153846154 0.08751742328549739 0.16826923076923078
2 0.22665220155807206 0.29447115384615385 0.0901310469565654 0.20432692307692307
4 0.4126985454604827 0.33774038461538464 0.05595974959357182 0.11538461538461539
4 0.5762431935737605 0.5300480769230769 0.058377580915232624 0.11778846153846154
4 0.46369516319010046 0.6622596153846154 0.060781427069078915 0.11778846153846154