7 0.4422641340939491 0.4180858208773396 0.06336708040451729 0.14940207590164625
12 0.43921777157577174 0.3219529524752156 0.06811883204095046 0.1398146616218912
11 0.34901140890652377 0.12657092731371633 0.07077441121546303 0.1830978775589368
9 0.45660949123889516 0.6379468403634665 0.07779015732759421 0.14948598690853496
10 0.3561584114025968 0.5507938327963033 0.05844750675430669 0.13014333633524744
10 0.2767491800290838 0.15223086696354485 0.05111010178243502 0.10846676544718764
10 0.2565324564673714 0.3218139021522171 0.06317128805511021 0.1157482297478001
8 0.16057440266293238 0.28871946271096277 0.08298943433410094 0.21682164955185693
6 0.273695824926999 0.05818098721067615 0.058377580915232756 0.1163619744213523
3 0.23309375443464728 0.6320359225087041 0.0850995919638363 0.16635486548890255
2 0.7795857650300392 0.2815125127678834 0.08772720080271931 0.2048303891182557
4 0.5942169004114969 0.32946437068962275 0.05355590343972567 0.11569228907654096
4 0.4296155707730524 0.5263288236394904 0.05839156608304755 0.12052795171986283
4 0.5442379945117615 0.6566671509689956 0.05836359574741797 0.11572025941217053