2 0.307750776453005 0.3166729698824179 0.09137580925915952 0.20965206659376287
11 0.25767390668608303 0.14451826652612199 0.08377267284433451 0.17595626493647235
7 0.5603372780076197 0.43712480453444874 0.06666603694363551 0.15181990722330718
12 0.5640401046613964 0.3422008517931553 0.07370974771090825 0.13743878580367463
6 0.7219230564192304 0.07030131957520819 0.05920275694069861 0.13014333633524744
8 0.8340112708098583 0.3041107216338583 0.09143175182391489 0.2144597589014552
10 0.7194081672011878 0.164030341823486 0.06141080411790129 0.11333039842613915
10 0.6519220298192973 0.5614473252505806 0.0638426215541252 0.1157482297478001
10 0.7430567149169909 0.33723313141074224 0.059090871811188134 0.12052795171986283
4 0.6565330810850323 0.4412899804778098 0.05900695796405513 0.11331641325832437
4 0.41026387902118666 0.3473154164376237 0.059034929246432895 0.11572025941217053
4 0.46689664624440136 0.6697384747449339 0.05665905437496422 0.11811012039820176