2 0.3016102379058062 0.31432965291829007 0.09380762669538328 0.21206989791542383
11 0.25556123280125964 0.14033051012073985 0.08617651899818067 0.17597025010428713
7 0.5550193660946181 0.43303953282222934 0.06666603694363538 0.15181990722330718
12 0.5609459096974146 0.3368577163327536 0.07373771899328574 0.13984263195752078
6 0.7263942512730773 0.06407791989762374 0.06163457437692225 0.12815583979524747
8 0.8330420512412606 0.29561393083122006 0.09145972310629237 0.21686360505530133
10 0.7216976020295813 0.15564623371851546 0.06143877540027905 0.11573424457998531
10 0.6437090901802132 0.5575150890291745 0.0638426215541252 0.1157482297478001
10 0.7413182850830091 0.3285972902851054 0.059090871811188134 0.12052795171986283
4 0.652333178401821 0.43607890275649935 0.059034929246432895 0.11572025941217053
4 0.405813918927205 0.3449712981183464 0.059034929246432895 0.11572025941217053
4 0.4537204881139203 0.6691898477795591 0.056687025657341975 0.12051396655204791