2 0.6904966130756761 0.3153258052537383 0.08774118597053396 0.2072342352721018
11 0.7371766220814184 0.14251460036529637 0.08033385515958849 0.17353843361481136
7 0.44097830001013716 0.4376764173079838 0.06336708040451729 0.14940207590164625
12 0.4355210987542063 0.34268953131152374 0.07050869302698196 0.13742480063585985
6 0.27122904551798627 0.07129186242461047 0.05844750675430669 0.13014333633524744
8 0.1640892683029055 0.3062534381176825 0.08536531015231752 0.2120279424119794
10 0.2754913162809015 0.16506983276024007 0.05834961057960312 0.11331641325832437
10 0.35251068666838314 0.5621659586827437 0.06317128805511028 0.1157482297478001
10 0.25645553804439003 0.33804186707855216 0.05598771992920139 0.12051396655204805
4 0.34479648352066145 0.4419247029030843 0.05834961057960305 0.11331641325832437
4 0.5893462748486379 0.3471903512824399 0.05836359574741797 0.11572025941217053
4 0.5393953392845321 0.6690260325415286 0.05356988860754045 0.1180961352303871