2 0.6941257641236158 0.3084722716693386 0.08775517113834888 0.2096380814259481
11 0.73878491638012 0.13392770732701134 0.08273770131343465 0.17355241878262614
7 0.44244914669613916 0.4349407142898922 0.06338106557233221 0.1518059220554924
12 0.4358801245989319 0.3388218310555831 0.07292652434864276 0.13984263195752078
6 0.26842742343656784 0.06695026917326558 0.05844750675430669 0.13014333633524744
8 0.16284080120407884 0.30555337837179325 0.08779712664179325 0.21684961988748655
10 0.2725856067960215 0.16188121449846646 0.05836359574741797 0.11572025941217053
10 0.35544298339103125 0.5616530959920554 0.06317128805511028 0.1157482297478001
10 0.2555706853087481 0.3362649494109236 0.05598771992920139 0.12051396655204805
4 0.34512134780099946 0.44031480589408384 0.05836359574741797 0.11572025941217053
4 0.5921580949345615 0.34272048745531364 0.05836359574741797 0.11572025941217053
4 0.5459691695126359 0.6675194215808402 0.053583873775355235 0.12049998138423326