2 0.692874892959341 0.3081072742082924 0.08776915630616354 0.21204192757979412
11 0.7387289757088609 0.13289921574991176 0.08275168648124957 0.1759562649364723
7 0.44119827553186425 0.43163883158773886 0.063395050740147 0.15420976820933857
12 0.43342733035773395 0.3354430299304483 0.07292652434864276 0.13984263195752078
6 0.26478669128626164 0.06403836845962761 0.058419536418677115 0.1253356440275551
8 0.15918608388595784 0.29899295156879224 0.08779712664179325 0.21684961988748655
10 0.2701258199709162 0.15541249264141105 0.060767441901264124 0.11573424457998531
10 0.3529971817337408 0.5585252265324375 0.06317128805511028 0.1157482297478001
10 0.2531178910675502 0.33078837311356935 0.05839156608304755 0.12052795171986283
4 0.342675546143709 0.4370750550919475 0.05836359574741797 0.11572025941217053
4 0.5896983081094561 0.33995783506917926 0.05836359574741783 0.11572025941217053
4 0.5435233678553454 0.6666012086359603 0.05598771992920139 0.12051396655204791