2 0.30528846153846156 0.30832003753367465 0.08653846153846154 0.2072342352721018
11 0.25961538461538464 0.13550883264523275 0.08173076923076923 0.17355241878262614
7 0.5564903846153846 0.4318585874970285 0.0625 0.14940207590164625
12 0.5625 0.33566977842364526 0.07211538461538461 0.13743878580367463
6 0.7283653846153846 0.06407092731371634 0.057692307692307696 0.1281418546274327
8 0.8341346153846154 0.29923368522980404 0.08413461538461539 0.21443178856582562
10 0.7235576923076923 0.1580500798723616 0.057692307692307696 0.11331641325832437
10 0.6430288461538461 0.5563551214556958 0.0625 0.1157482297478001
10 0.7415865384615384 0.33102211419067373 0.055288461538461536 0.12051396655204805
4 0.6526442307692307 0.4361068730921289 0.057692307692307696 0.11572025941217053
4 0.4074519230769231 0.3401775909784689 0.057692307692307696 0.11572025941217053
4 0.4543269230769231 0.6644241109753111 0.052884615384615384 0.12049998138423326