2 0.29987401714112444 0.307160069960196 0.08776915630616361 0.21204192757979426
11 0.2519780998906443 0.1319520115018153 0.08275168648124936 0.1759562649364723
7 0.5542070150982631 0.430684634755735 0.06339505074014685 0.15420976820933857
12 0.5596572237702866 0.33449582568235187 0.07292652434864276 0.13984263195752078
6 0.7251372149156149 0.06287949311265437 0.05844750675430669 0.12575898622530873
8 0.8334859077915262 0.2968438242437727 0.08779712664179311 0.21684961988748655
10 0.7220768672296227 0.1544582958094072 0.060767441901264124 0.11573424457998531
10 0.6426886136078319 0.5575780222843411 0.06317128805511028 0.1157482297478001
10 0.739924707557026 0.3298411688654728 0.05839156608304727 0.12052795171986283
4 0.6515907546646619 0.434925927766928 0.05836359574741797 0.11572025941217053
4 0.4034282015220088 0.3390106308210828 0.05836359574741797 0.11572025941217053
4 0.45340710742174417 0.6656540043878638 0.05598771992920139 0.12051396655204791