2 0.6935096153846154 0.3125 0.08653846153846154 0.20673076923076922
11 0.7391826923076923 0.13822115384615385 0.08173076923076923 0.17307692307692307
7 0.4423076923076923 0.4362980769230769 0.0625 0.14903846153846154
12 0.4362980769230769 0.34134615384615385 0.07211538461538461 0.13701923076923078
6 0.2704326923076923 0.06971153846153846 0.057692307692307696 0.12980769230769232
8 0.16466346153846154 0.30649038461538464 0.08413461538461539 0.21394230769230768
10 0.27524038461538464 0.16346153846153846 0.057692307692307696 0.11298076923076923
10 0.3545673076923077 0.5625 0.0625 0.11538461538461539
10 0.25721153846153844 0.33774038461538464 0.055288461538461536 0.1201923076923077
4 0.34615384615384615 0.4423076923076923 0.057692307692307696 0.11538461538461539
4 0.5913461538461539 0.3449519230769231 0.057692307692307696 0.11538461538461539
4 0.5432692307692307 0.6682692307692307 0.052884615384615384 0.1201923076923077