2 0.3076923076923077 0.30347279378798625 0.08653846153846154 0.21204192757979426
11 0.2608173076923077 0.1265173907079054 0.08173076923076923 0.17836011109031846
7 0.5625 0.4311571446532778 0.0625 0.15420976820933857
12 0.5685096153846154 0.3338363383420455 0.07211538461538461 0.13984263195752078
6 0.7367788461538461 0.06558453085831205 0.057692307692307696 0.12293179787370898
8 0.8449519230769231 0.30058886340997787 0.08653846153846154 0.21684961988748655
10 0.7319711538461539 0.15570079129191322 0.06009615384615385 0.11573424457998531
10 0.6514423076923077 0.5590784420162714 0.0625 0.1157482297478001
10 0.75 0.3312864492812934 0.057692307692307696 0.12052795171986283
4 0.6598557692307693 0.43653123625746937 0.057692307692307696 0.11572025941217053
4 0.4110576923076923 0.3377280021578687 0.057692307692307696 0.11572025941217053
4 0.45913461538461536 0.6661327055141647 0.055288461538461536 0.12051396655204791