2 0.7001283869243239 0.30723538567287856 0.08775517113834862 0.2096380814259481
11 0.7459894622577512 0.13268382874664386 0.08273770131343437 0.17355241878262614
7 0.44965369257377014 0.4336968357095248 0.06338106557233221 0.1518059220554924
12 0.4430846704765629 0.3375779524752156 0.07292652434864276 0.13984263195752078
6 0.27443004623727585 0.0657133831768055 0.05844750675430669 0.13014333633524744
8 0.16884342400478683 0.30431649237533315 0.08779712664179325 0.21684961988748655
10 0.2797901526736526 0.16063733591809898 0.05836359574741797 0.11572025941217053
10 0.3626475292686624 0.5604092174116879 0.06317128805511028 0.1157482297478001
10 0.2627752311863792 0.3350210708305561 0.05598771992920139 0.12051396655204791
4 0.35232589367863054 0.43907092731371633 0.05836359574741797 0.11572025941217053
4 0.5981537251513621 0.34028167838193046 0.05836359574741797 0.11572025941217053
4 0.5519717923133439 0.6662825355843803 0.053583873775355235 0.12049998138423326