2 0.7681382050874144 0.3004807692307692 0.09134783797678189 0.20673076923076922
12 0.42764433328846363 0.33052884615384615 0.06893002668559357 0.13942307692307693
9 0.3424887660970656 0.4182692307692308 0.07144575796895006 0.14903846153846154
7 0.4325490830191635 0.4254807692307692 0.06434610463692209 0.15865384615384615
11 0.3457893774176232 0.1346153846153846 0.07421323079370513 0.18028846153846154
8 0.160077013293848 0.29086538461538464 0.08668000208097769 0.21875
10 0.27222032818391706 0.15625 0.061354861553146185 0.10817307692307693
10 0.2509896122631489 0.328125 0.059034929246432895 0.11538461538461539
10 0.34089440300154195 0.5552884615384616 0.06152268924741177 0.12259615384615384
6 0.27329722255545497 0.06370192307692307 0.06879017027370547 0.12740384615384615
4 0.5861723086716105 0.34134615384615385 0.056687025657341975 0.1201923076923077
4 0.4168393271067166 0.5360576923076923 0.06138283283552381 0.11057692307692307
4 0.529525555807207 0.6646634615384616 0.0638985641188803 0.1201923076923077