2 0.7733757687775575 0.29478960728529646 0.08771321563490439 0.20242654296440962
12 0.4370470847563179 0.33280522308706034 0.0657149858871043 0.13980067645407643
9 0.3558337667346962 0.4222230264850711 0.06817477271220973 0.14943004623727582
7 0.44480404476263347 0.4265132675836159 0.05860134360026947 0.15658564402755515
11 0.3481808941318422 0.13980606632768497 0.0683425947259873 0.17827620008342968
8 0.16881545366915726 0.29950880006764086 0.08298943433410094 0.21682164955185693
10 0.2761983686106982 0.16306215982366734 0.05830765507615876 0.1061048747967859
10 0.2615733081094561 0.33502806341446356 0.05595974959357182 0.1157062742443556
10 0.3590277748700784 0.558026349009564 0.05839156608304755 0.12052795171986283
6 0.27202620008342965 0.06660843391695248 0.06328316939762857 0.13321686783390496
4 0.5945479559205928 0.3403026561336527 0.053583873775355235 0.12049998138423326
4 0.4334281317128834 0.5371601164996129 0.0583356254117884 0.11091256710447822
4 0.548338052746945 0.6614958210284101 0.06319925839073985 0.1205559220554924