2 0.7752403846153846 0.2956730769230769 0.08653846153846154 0.20432692307692307
12 0.4362980769230769 0.3317307692307692 0.06490384615384616 0.13942307692307693
9 0.3545673076923077 0.421875 0.0673076923076923 0.14903846153846154
7 0.44471153846153844 0.4266826923076923 0.057692307692307696 0.15865384615384615
11 0.34975961538461536 0.13701923076923078 0.0673076923076923 0.18028846153846154
8 0.16706730769230768 0.2980769230769231 0.08173076923076923 0.21634615384615385
10 0.27524038461538464 0.15985576923076922 0.057692307692307696 0.10576923076923077
10 0.25961538461538464 0.33413461538461536 0.055288461538461536 0.11538461538461539
10 0.35697115384615385 0.5576923076923077 0.057692307692307696 0.1201923076923077
6 0.27283653846153844 0.06490384615384616 0.0625 0.12980769230769232
4 0.5961538461538461 0.34134615384615385 0.052884615384615384 0.1201923076923077
4 0.43149038461538464 0.5384615384615384 0.057692307692307696 0.11057692307692307
4 0.546875 0.6634615384615384 0.0625 0.1201923076923077