2 0.7739151169637044 0.29927884615384615 0.09134783797678189 0.20673076923076922
12 0.43171668107034755 0.3293269230769231 0.06893002668559357 0.13942307692307693
9 0.3498189262106267 0.4182692307692308 0.07147372925132782 0.15144230769230768
7 0.44004707082699035 0.4254807692307692 0.06434610463692209 0.15865384615384615
11 0.34530240617195723 0.13341346153846154 0.07421323079370513 0.18028846153846154
8 0.16203837132153665 0.29086538461538464 0.08668000208097769 0.21875
10 0.2710349169441249 0.15504807692307693 0.061354861553146185 0.10817307692307693
10 0.2550200031214665 0.328125 0.05906290052881044 0.11778846153846154
10 0.35022535187041615 0.5564903846153846 0.06152268924741177 0.12259615384615384
6 0.26877008513685274 0.06370192307692307 0.07119401642755162 0.12740384615384615
4 0.5917123067130048 0.34134615384615385 0.056687025657341975 0.1201923076923077
4 0.4257227354575491 0.5372596153846154 0.06141080411790129 0.11298076923076923
4 0.5426038144493665 0.6658653846153846 0.06392653540125792 0.12259615384615384