2 0.2361021682251274 0.29823855386194265 0.08772720080271917 0.2048303891182558
12 0.5704815240465018 0.3422497998805071 0.0681048468731358 0.13741081546804507
9 0.6515278214094954 0.4316606106946104 0.06817477271220987 0.14943004623727582
7 0.5614115609758941 0.43594385920924783 0.06340903590796178 0.15661361436318472
11 0.6595139339744561 0.15166847444279272 0.07074644087983345 0.1782901852512445
8 0.8383355556026628 0.31376106916877994 0.08539328048794695 0.21683563471967177
10 0.7329710933449118 0.1761334835996055 0.06071150123000498 0.1061188599646007
10 0.7447883405359774 0.3480714168547721 0.05836359574741797 0.11572025941217053
10 0.647510291083339 0.5674499480512885 0.05839156608304755 0.12052795171986283
6 0.7360104632791818 0.0787986921205585 0.06567303038366007 0.13258913799253796
4 0.4130645638891156 0.34734338677325327 0.055973734761386604 0.11811012039820189
4 0.5728721863876824 0.5465837155413376 0.060739471565634556 0.110926552272293
4 0.4581938219777143 0.667306658255458 0.06319925839073985 0.1205559220554924