2 0.22596153846153846 0.2932692307692308 0.08653846153846154 0.20673076923076922
12 0.5697115384615384 0.3293269230769231 0.0673076923076923 0.13942307692307693
9 0.6538461538461539 0.4206730769230769 0.0673076923076923 0.15144230769230768
7 0.5625 0.4266826923076923 0.06009615384615385 0.15865384615384615
11 0.6586538461538461 0.13221153846153846 0.06971153846153846 0.18269230769230768
8 0.84375 0.29447115384615385 0.08173076923076923 0.22115384615384615
10 0.7331730769230769 0.15504807692307693 0.057692307692307696 0.10817307692307693
10 0.7487980769230769 0.3317307692307692 0.057692307692307696 0.11778846153846154
10 0.6514423076923077 0.5588942307692307 0.057692307692307696 0.125
6 0.7367788461538461 0.0625 0.06490384615384616 0.125
4 0.40865384615384615 0.3389423076923077 0.052884615384615384 0.1201923076923077
4 0.5745192307692307 0.5384615384615384 0.06009615384615385 0.11298076923076923
4 0.4579326923076923 0.6658653846153846 0.0625 0.12259615384615384