2 0.7740384615384616 0.2878682470744104 0.08653846153846154 0.20533388924251697
12 0.43509615384615385 0.3278698901973453 0.06490384615384616 0.14017830154727223
9 0.35336538461538464 0.41776322149049167 0.0673076923076923 0.14982165744503462
7 0.44350961538461536 0.4227239137859468 0.057692307692307696 0.15932515693090876
11 0.3485576923076923 0.13416531790140077 0.0673076923076923 0.18107165744503456
8 0.1658653846153846 0.29614690459286813 0.08173076923076923 0.2172971774469925
10 0.27403846153846156 0.15786896611664505 0.057692307692307696 0.10644054154629337
10 0.25841346153846156 0.33112770252902257 0.055288461538461536 0.11602795487930037
10 0.3557692307692308 0.5547544809773449 0.057692307692307696 0.1208636184693703
6 0.27163461538461536 0.06472119075307767 0.0673076923076923 0.12944238150615534
4 0.5949519230769231 0.334423261457696 0.052884615384615384 0.12080767590461505
4 0.43028846153846156 0.5334546789159467 0.057692307692307696 0.11124823385398568
4 0.5456730769230769 0.6583139804387446 0.0625 0.12091956103412553