2 0.7692307692307693 0.2948035924531113 0.08653846153846154 0.20242654296440962
12 0.43149038461538464 0.3328262008387825 0.06490384615384616 0.13980067645407643
9 0.35096153846153844 0.42223701165288585 0.0673076923076923 0.14943004623727582
7 0.43990384615384615 0.42652725275143066 0.057692307692307696 0.15658564402755515
11 0.3449519230769231 0.13982005149549978 0.0673076923076923 0.1782762000834297
8 0.16466346153846154 0.29952278523545567 0.08173076923076923 0.21682164955185693
10 0.27163461538461536 0.16308313757538956 0.057692307692307696 0.1061048747967859
10 0.25600961538461536 0.3350490411661857 0.055288461538461536 0.11570627424435574
10 0.35216346153846156 0.5580473267612861 0.057692307692307696 0.12052795171986283
6 0.2692307692307692 0.06661542650085989 0.0625 0.13323085300171977
4 0.5901442307692307 0.3403166413014675 0.052884615384615384 0.12049998138423326
4 0.42788461538461536 0.5371741016674277 0.057692307692307696 0.11091256710447822
4 0.5420673076923077 0.6615098061962249 0.0625 0.1205559220554924