2 0.7830051385607569 0.30622787184750117 0.08774118597053396 0.20723423527210194
12 0.44186876223182503 0.3402996703254924 0.0657149858871043 0.13980067645407643
9 0.3606624367941107 0.4299684053890201 0.06817477271220973 0.14943004623727582
7 0.45084163048287845 0.4365024645666903 0.061019174921930416 0.15900347534921608
11 0.3529885864395345 0.14387575016179077 0.06835657989380209 0.18068004623727585
8 0.1712332849908182 0.30387056971555854 0.08298943433410094 0.21682164955185693
10 0.2798041378414674 0.16628574100497792 0.05830765507615876 0.1061048747967859
10 0.26519306250804014 0.34047368356802793 0.0583635957474179 0.11572025941217053
10 0.3626615144364772 0.5669946287421582 0.05840555125086233 0.12293179787370899
6 0.2756319693141989 0.06890899402248651 0.06328316939762857 0.13497899897856933
4 0.6017734795499461 0.3496431455236379 0.053583873775355235 0.12049998138423326
4 0.4394727100170357 0.5482113848814625 0.0583356254117884 0.11091256710447822
4 0.555591546711928 0.6750845960134958 0.06319925839073985 0.1205559220554924