2 0.2336843369034664 0.29447115384615385 0.0901310469565654 0.20432692307692307
12 0.5692656158017638 0.33653846153846156 0.06811883204095046 0.13942307692307693
9 0.6503189057486648 0.4266826923076923 0.07057861886605575 0.14903846153846154
7 0.5614045683919867 0.43149038461538464 0.06340903590796178 0.15625
11 0.6594929562227339 0.14423076923076922 0.07316427220149425 0.18028846153846154
8 0.8383285630187556 0.3076923076923077 0.08540726565576187 0.21875
10 0.7317481925162667 0.16826923076923078 0.06071150123000498 0.10576923076923077
10 0.7447813479520702 0.3425480769230769 0.05836359574741797 0.11538461538461539
10 0.6463013754225085 0.5625 0.06080939740470862 0.12259615384615384
6 0.7359894855274596 0.07091346153846154 0.06568701555147473 0.1346153846153846
4 0.41185564822828513 0.34375 0.05598771992920139 0.1201923076923077
4 0.5716632707268521 0.5420673076923077 0.060739471565634556 0.11057692307692307
4 0.4569918989007912 0.6646634615384616 0.06319925839073985 0.1201923076923077