5 0.21801738140002203 0.28725961538461536 0.07303840569116118 0.15865384615384615
2 0.21364322929458843 0.36177884615384615 0.07563804419441447 0.19230769230769232
1 0.3004412177927731 0.6129807692307693 0.05851743259338062 0.14182692307692307
1 0.24756199228176629 0.20072115384615385 0.05368176995005874 0.13701923076923078
12 0.17013785338280496 0.734375 0.07774820182414992 0.14182692307692307
12 0.25515732150306225 0.06009615384615385 0.05352793310409602 0.11057692307692307
3 0.5683294109133219 0.38221153846153844 0.06087932324378242 0.1346153846153846
3 0.40812321113203337 0.11538461538461539 0.0512639386283978 0.1346153846153846
4 0.33370886912141356 0.13341346153846154 0.041368850656717186 0.08653846153846154
4 0.33802008797168054 0.04807692307692308 0.046204513300039204 0.09134615384615384
4 0.29740104650335375 0.5036057692307693 0.05106814627899066 0.10096153846153846
4 0.30638709856707247 0.3954326923076923 0.05108213144680544 0.10336538461538461
4 0.32696583378167077 0.21394230769230768 0.04627443913911314 0.10336538461538461
4 0.4896589893685448 0.28846153846153844 0.04148073199923575 0.10576923076923077
4 0.3965880713627119 0.6117788461538461 0.05352793310409609 0.11057692307692307
4 0.3684761388268348 0.7379807692307693 0.055973734761386465 0.11778846153846154
12 0.800739494835343 0.04447115384615385 0.0630174512091475 0.0889423076923077
12 0.7674866300296668 0.7331730769230769 0.07050869302698168 0.13701923076923078
8 0.8433530254275771 0.3449519230769231 0.0805016771733662 0.20192307692307693
11 0.8272245593862445 0.25841346153846156 0.07793000900574207 0.17307692307692307
7 0.8585243088287456 0.4735576923076923 0.06572897105491922 0.14182692307692307
7 0.6408977107723886 0.046875 0.055833883083238604 0.09375
9 0.6416738875861097 0.18028846153846154 0.05848946225775091 0.13701923076923078
9 0.85197706583841 0.5877403846153846 0.07535834083811849 0.14423076923076922
10 0.5679534140926212 0.7307692307692307 0.055931779257942245 0.11057692307692307
10 0.7516860140768323 0.4963942307692308 0.04866430012514437 0.10096153846153846
10 0.7559141232753601 0.6033653846153846 0.060725486397819634 0.10817307692307693
10 0.7390794062593802 0.3954326923076923 0.04869227046077421 0.10576923076923077
10 0.5701808429384836 0.28725961538461536 0.04624646880348356 0.0985576923076923
10 0.5752394669116928 0.12379807692307693 0.04623248363566878 0.09615384615384616
10 0.7271432851418888 0.203125 0.04628842430692806 0.10576923076923077
10 0.7190227107723886 0.046875 0.05343003692939245 0.09375