5 0.7903401394671804 0.2876584624565784 0.068230713383469 0.15943704206041917
2 0.7959232072334443 0.36090584194294206 0.0732202128727534 0.19074298462517433
1 0.7151348341198751 0.6130308173383262 0.05609960127171968 0.14006641641776177
1 0.7596005980924203 0.20028170451210264 0.051277923796212446 0.13760662769916052
12 0.8442502606207349 0.73051075270532 0.07292652434864302 0.14026221539440525
12 0.7496224004690005 0.05767537482251975 0.04876219629984801 0.1153507496450395
3 0.44240398577209705 0.39145992814475805 0.058461491922121474 0.13288284923860105
3 0.5966075627526777 0.1216549055599338 0.04886009247455165 0.13517481026293673
4 0.6722308204241279 0.13760073324196223 0.038965004502871034 0.08698600205650325
4 0.6655367331717368 0.048742339396787376 0.04382863748182276 0.09665732923664308
4 0.7145622435946178 0.504871726056438 0.04866430012514437 0.10152096410909059
4 0.7031723453770529 0.39683850554524913 0.04866430012514437 0.10152096410909059
4 0.6813846945016243 0.21681577118937487 0.043856607817452056 0.10146502154433534
4 0.5198794768238584 0.2956129240317515 0.03907688584538946 0.10621677128727255
4 0.6189739953821215 0.6153515917103536 0.05112408695024994 0.11116432000685282
4 0.647092920501906 0.7400159363218223 0.05355590343972567 0.11599998359692275
12 0.20642309553884372 0.05184967793664392 0.05830765507615869 0.10369935587328784
12 0.2504443199494758 0.7470350440679737 0.06809086170532087 0.1353985805219574
8 0.16975624707605833 0.36218274561769337 0.07566601453004405 0.1979824943690904
11 0.18348086696354485 0.275490442026155 0.07309434636242039 0.16910836924055894
7 0.15698880982873595 0.49092837126035066 0.0633111397332582 0.14015033026489476
7 0.3650699491087825 0.0515136015154556 0.05349996276846652 0.1030272030309112
9 0.3666486703615556 0.1916338553346876 0.056071630936090106 0.1352587241100696
9 0.16473797589599465 0.6050131640797213 0.07292652434864283 0.14026221539440525
10 0.44880358314522795 0.7375158748102826 0.05352793310409609 0.11119229128923044
10 0.26383409716455664 0.5113182645791625 0.048664300125144506 0.10152096410909059
10 0.26081490362685944 0.6171154666307709 0.05830765507615869 0.10644054154629337
10 0.2752457744889932 0.40902893227000175 0.048692270460774144 0.1063286564167829
10 0.4393506306700123 0.2965499619914014 0.04384262264963741 0.09906117539048925
10 0.43188116795904946 0.1343882460951076 0.04382863748182263 0.09665732923664311
10 0.28236721071488485 0.21785323483328847 0.04387059298526698 0.1038688676981815
10 0.2869309639409677 0.05314781637126054 0.04627443913911321 0.10389683898055917