5 0.2100593518337045 0.2872604167397648 0.06915379694461439 0.15904543085266043
2 0.20491684620279496 0.36174468458945863 0.07432511592321561 0.19032340118829
1 0.287166768288178 0.61340811820427 0.0569107959163628 0.13974473578281726
1 0.24030238566811063 0.20090376238289562 0.05207513232629287 0.1373129192933415
12 0.15874365445817726 0.7316433037576555 0.07373771899328588 0.13984263195752078
12 0.24946938770013952 0.05913977256113913 0.04941954463104828 0.1156643187409113
3 0.5585899149243333 0.39024281195054134 0.059230728223076096 0.1325471824890936
3 0.40281290052881047 0.12012398456353256 0.049643314890069096 0.13489508797168054
4 0.32728754565929985 0.13651037485428955 0.03946850462713236 0.08676222422349829
4 0.3334921179552444 0.050013868819272396 0.04438808206433501 0.09640557917451249
4 0.28709599801691993 0.5040401107881773 0.049251716936782555 0.10124124181783446
4 0.29787050672034715 0.39713888278109744 0.049251716936782555 0.10124124181783446
4 0.3186091990035651 0.2169832803368765 0.04444402462909025 0.10121327148220481
4 0.4805619723473408 0.2948433635035448 0.039692274886153185 0.10599299345426748
4 0.38332061444202414 0.6139675249168618 0.05176744822013919 0.11087061160103386
4 0.3559289672795059 0.7387997029030843 0.05422723693874058 0.11569228907654096
12 0.7914248102629368 0.052678043287991125 0.05881115898741193 0.09648949018140127
12 0.7525915539464988 0.7435111017463718 0.06887408412083847 0.1350069693141989
8 0.831048841073774 0.3593782054205977 0.07681287592419449 0.19754892481764338
11 0.8168207210620262 0.27276282545915476 0.07407337438181717 0.1686887858036747
7 0.8445645354502067 0.4880539004904409 0.06412233437790113 0.13978669128626164
7 0.6339868728272026 0.05296393787304503 0.056435284115943535 0.09887935116743263
9 0.63317738976888 0.189969183474461 0.0568548533516077 0.1349370434751249
9 0.8374657241834929 0.6009857216338583 0.07373771899328574 0.13984263195752078
10 0.5542043180482472 0.7363477100170357 0.054171294373985344 0.11088459676884864
10 0.7378311375042627 0.5078642528303748 0.04925171693678283 0.10124124181783446
10 0.7414797057239123 0.6148493918443434 0.05892304411692241 0.1061048747967859
10 0.7258390359520953 0.40683978111366975 0.0493076595015378 0.10604893412552677
10 0.561090818501187 0.2953118666253405 0.04441605334671263 0.09880942532835867
10 0.566414295402237 0.13309420674416947 0.04438808206433501 0.0964055791745125
10 0.7175917179772713 0.2144971258864404 0.044471995911467735 0.1036171176360509
10 0.7121118728272026 0.05341845582702592 0.04681989950055892 0.09882341049617345