5 0.7877498976132826 0.3000119939528622 0.06821672821565408 0.15703319590657294
2 0.7929841375393263 0.3733852442099251 0.07320622770493876 0.18833913847132833
1 0.7163135949920652 0.6224761775326529 0.05369575511787353 0.14003844513538427
1 0.7559964315719501 0.21310990574349178 0.0512639386283978 0.13520278154531434
12 0.8468065605226825 0.7417750883195052 0.07292652434864302 0.14026221539440525
12 0.7443400138107545 0.06875326574202333 0.04876219629984801 0.11834788718601369
3 0.4421764359237506 0.39574374467510215 0.058461491922121474 0.13288284923860105
3 0.593268313065539 0.13069299802915715 0.04884610730673686 0.1327709641090906
4 0.6678854400094733 0.14838703085978605 0.03895101933505639 0.0845821559026571
4 0.6601564503387874 0.05936080932034553 0.04382863748182276 0.09665732923664308
4 0.7144823393634762 0.5142891149683871 0.04866430012514437 0.10152096410909059
4 0.7018407686264869 0.4071781047103453 0.04866430012514437 0.10152096410909059
4 0.6779623351627462 0.22782583906621953 0.043856607817452056 0.10146502154433541
4 0.518547098718143 0.3016869026342625 0.0390768858453896 0.10621677128727255
4 0.620159748838219 0.6213573262375486 0.05112408695024994 0.11116432000685268
4 0.6497331314107423 0.7466929816260799 0.05355590343972567 0.11599998359692275
12 0.20462061160103379 0.052858328232865855 0.05347199243283681 0.10157690667384583
12 0.25551634734778783 0.7445095374699984 0.06809086170532087 0.1353985805219577
8 0.17036001335754286 0.3613329897664326 0.07566601453004405 0.1979824943690904
11 0.1842726316553797 0.27376043284531354 0.07309434636242039 0.16910836924055903
7 0.1590750038985889 0.4873950564314675 0.0633111397332582 0.14015033026489476
7 0.3608776041849412 0.05587838466433341 0.05106814627899066 0.10154893539146823
9 0.36409259007204553 0.19532943286978793 0.056071630936090106 0.1352587241100696
9 0.16815276090825326 0.6016756482274814 0.07292652434864283 0.14026221539440525
10 0.4525967690436354 0.740793567240347 0.05351394793628117 0.10878844513538428
10 0.2661720242550759 0.5102743938818864 0.048664300125144506 0.10152096410909059
10 0.2643835254850808 0.6160156533687396 0.05830765507615869 0.10644054154629337
10 0.2764019548991622 0.40943872619104726 0.048692270460774074 0.1063286564167829
10 0.4380252451482043 0.30195178775153575 0.04382863748182263 0.09665732923664311
10 0.429869707859167 0.1396082585197875 0.04382863748182276 0.09665732923664311
10 0.28129974944250125 0.21840288516622203 0.04387059298526698 0.10386886769818157
10 0.28395452726186426 0.054983303628249984 0.04627443913911314 0.10389683898055915