5 0.19831730769230768 0.28365384615384615 0.0673076923076923 0.15865384615384615
2 0.1935096153846154 0.3581730769230769 0.07211538461538461 0.19230769230769232
1 0.27403846153846156 0.6105769230769231 0.055288461538461536 0.14182692307692307
1 0.23076923076923078 0.19471153846153846 0.052884615384615384 0.13942307692307693
12 0.14182692307692307 0.7307692307692307 0.07451923076923077 0.14182692307692307
12 0.24158653846153846 0.055288461538461536 0.05048076923076923 0.11057692307692307
3 0.5492788461538461 0.38461538461538464 0.057692307692307696 0.1346153846153846
3 0.3954326923076923 0.11298076923076923 0.04807692307692308 0.1346153846153846
4 0.31971153846153844 0.12980769230769232 0.040865384615384616 0.08653846153846154
4 0.3269230769230769 0.04567307692307692 0.04326923076923077 0.09134615384615384
4 0.27403846153846156 0.5012019230769231 0.04807692307692308 0.10096153846153846
4 0.28725961538461536 0.39302884615384615 0.04807692307692308 0.10336538461538461
4 0.31009615384615385 0.21033653846153846 0.04326923076923077 0.10336538461538461
4 0.4723557692307692 0.28846153846153844 0.040865384615384616 0.10576923076923077
4 0.3701923076923077 0.6117788461538461 0.05048076923076923 0.11057692307692307
4 0.34134615384615385 0.7379807692307693 0.052884615384615384 0.11538461538461539
12 0.7896634615384616 0.04447115384615385 0.055288461538461536 0.0889423076923077
12 0.7415865384615384 0.7403846153846154 0.0673076923076923 0.1346153846153846
8 0.8257211538461539 0.35216346153846156 0.07692307692307693 0.20192307692307693
11 0.8112980769230769 0.2644230769230769 0.07451923076923077 0.17067307692307693
7 0.8377403846153846 0.4807692307692308 0.0625 0.14182692307692307
7 0.6310096153846154 0.04567307692307692 0.052884615384615384 0.09134615384615384
9 0.6286057692307693 0.1814903846153846 0.057692307692307696 0.13701923076923078
9 0.8293269230769231 0.5961538461538461 0.07211538461538461 0.14182692307692307
10 0.5408653846153846 0.734375 0.055288461538461536 0.11057692307692307
10 0.7295673076923077 0.5024038461538461 0.04807692307692308 0.10096153846153846
10 0.7319711538461539 0.609375 0.057692307692307696 0.10817307692307693
10 0.71875 0.40024038461538464 0.04807692307692308 0.10576923076923077
10 0.5528846153846154 0.28846153846153844 0.04326923076923077 0.10096153846153846
10 0.5612980769230769 0.125 0.04326923076923077 0.09615384615384616
10 0.7127403846153846 0.20673076923076922 0.04326923076923077 0.10576923076923077
10 0.7091346153846154 0.046875 0.04567307692307692 0.09375