5 0.2173548041423758 0.2907797866376237 0.06909785437985914 0.15462934975272694
2 0.21219831287027743 0.36416702253587546 0.07189329848699184 0.18831116718895055
1 0.29440627803209407 0.6108401240635681 0.054506949762516646 0.14003844513538427
1 0.24759783797678192 0.2038776984282533 0.052047161043915255 0.13520278154531434
12 0.1659691785609045 0.7301390348504206 0.07373771899328581 0.14026221539440525
12 0.25675085436762196 0.06072298150370789 0.04941954463104828 0.11594404103216754
3 0.5622516267198576 0.38533758556531816 0.05920275694069861 0.1304790030847549
3 0.40771849232482443 0.12147477635510742 0.049587372325313996 0.13036711795524442
4 0.33339506053223683 0.13916880918573635 0.03944053334475474 0.0845821559026571
4 0.3395856471869927 0.05134451072321889 0.04438808206433501 0.09665732923664308
4 0.29314757032510175 0.5026670471404913 0.04922374565440494 0.09911711795524443
4 0.30513798774664086 0.39674397431818365 0.049251716936782555 0.10152096410909059
4 0.32589066567104763 0.21739170867405794 0.04444402462909025 0.10146502154433534
4 0.4854395928609772 0.2924686809602128 0.039692274886153185 0.10621677128727255
4 0.38937218675020596 0.6109371814865757 0.04933563078391542 0.10873250257062904
4 0.3619665539464989 0.735070913798184 0.05422723693874058 0.11599998359692275
12 0.7938706133403493 0.0466203112300024 0.05405940924447514 0.0932406224600048
12 0.7550233713827227 0.7329014552832913 0.06887408412083847 0.1353985805219574
8 0.8323206923566411 0.3509408162978373 0.07681287592419477 0.1979824943690904
11 0.8168906492679704 0.26457018245364144 0.07407337438181717 0.16910836924055894
7 0.8458084154506964 0.47700288296287235 0.06412233437790113 0.14015033026489476
7 0.6376345989815382 0.04932526970206485 0.05171150565538395 0.0986505394041297
9 0.636867072846782 0.18612519683692702 0.0568548533516077 0.1352587241100696
9 0.8387096041839823 0.5900815516819632 0.07373771899328574 0.14026221539440525
10 0.5578240729202052 0.7279835619767167 0.05414332309160773 0.10878844513538428
10 0.7402909262228641 0.49986823477210246 0.04922374565440508 0.09911711795524443
10 0.742709600083213 0.6044215568232214 0.05892304411692241 0.10644054154629337
10 0.7282988246706968 0.3990325670812632 0.04927968821916004 0.10392481026293673
10 0.5647665159379003 0.29154562864175176 0.04438808206433501 0.09665732923664311
10 0.570103978480139 0.13040402248692662 0.04438808206433501 0.09665732923664307
10 0.7200794779782503 0.20919864913336111 0.04444402462909025 0.10146502154433541
10 0.7145856471869927 0.048856750722239925 0.04444402462909025 0.09771350144447985