5 0.7872596153846154 0.30385898861319205 0.06971153846153846 0.15665556986662907
2 0.7908653846153846 0.3771972740572219 0.07211538461538461 0.18791955503444385
1 0.7067307692307693 0.6231020239529348 0.057692307692307696 0.13975872095063208
1 0.7572115384615384 0.21714571247704553 0.052884615384615384 0.13732690446115628
12 0.8353365384615384 0.7440425381233341 0.07451923076923077 0.1398566171253357
12 0.7475961538461539 0.07406092565194017 0.05048076923076923 0.11808215006257225
3 0.4423076923076923 0.39440019395484566 0.057692307692307696 0.1325471824890936
3 0.5961538461538461 0.13207409084883875 0.04807692307692308 0.1324912418178344
4 0.6706730769230769 0.1505364772049436 0.040865384615384616 0.08437236323746691
4 0.6646634615384616 0.062761129670022 0.04567307692307692 0.09641956434232729
4 0.7091346153846154 0.5161448552745956 0.05048076923076923 0.09885138083180295
4 0.6983173076923077 0.40911076817327535 0.04807692307692308 0.10124124181783446
4 0.6790865384615384 0.23111427144614155 0.04567307692307692 0.10122725665001961
4 0.5192307692307693 0.3022996424018422 0.040865384615384616 0.10600697862208228
4 0.6129807692307693 0.6225566024081577 0.05048076923076923 0.10846676544718784
4 0.6394230769230769 0.7465085161771974 0.055288461538461536 0.1157062742443556
12 0.21394230769230768 0.05172544916628612 0.057692307692307696 0.10129718248909357
12 0.24759615384615385 0.7394212415156933 0.0673076923076923 0.1350069693141989
8 0.171875 0.3567691702679887 0.07692307692307693 0.1999667561393042
11 0.18629807692307693 0.27031461973641596 0.07692307692307693 0.17112060229315035
7 0.15745192307692307 0.482887182338023 0.06490384615384616 0.13980067645407643
7 0.36778846153846156 0.05622626913720233 0.057692307692307696 0.10850872095063203
9 0.36778846153846156 0.19444742298335616 0.057692307692307696 0.13495102864293976
9 0.16466346153846154 0.5959099070722366 0.07451923076923077 0.1422604632791817
10 0.44350961538461536 0.738157186538753 0.055288461538461536 0.10849473578281714
10 0.26322115384615385 0.5075409912603356 0.04807692307692308 0.0988373956639883
10 0.25841346153846156 0.6120803286170137 0.06009615384615385 0.1061188599646007
10 0.27403846153846156 0.40664238605396374 0.04807692307692308 0.10364508797168061
10 0.43990384615384615 0.30063620878703085 0.04567307692307692 0.09882341049617338
10 0.4338942307692308 0.13954355355980155 0.04567307692307692 0.09641956434232729
10 0.2848557692307692 0.21680147315528414 0.04567307692307692 0.10363110280386575
10 0.28966346153846156 0.05456982810629836 0.04567307692307692 0.10363110280386575