5 0.7814153014983235 0.30480570061936574 0.06909785437985914 0.1546293497527268
2 0.786571792770422 0.37819293651761743 0.07189329848699198 0.18831116718895055
1 0.7043638276086053 0.6248660380453102 0.05450694976251651 0.14003844513538427
1 0.7523741907408403 0.21791759805118407 0.05204716104391539 0.13520278154531434
12 0.8328009270797948 0.7441649488321626 0.07373771899328574 0.14026221539440525
12 0.7420192512730773 0.07474889548544991 0.04941954463104828 0.11594404103216752
3 0.43651847892084167 0.3993634995470602 0.05920275694069847 0.1304790030847549
3 0.591051613315875 0.13550069033684944 0.04958737232531386 0.13036711795524442
4 0.6653750451084625 0.15319472316747837 0.03944053334475474 0.0845821559026571
4 0.6591844584537067 0.06537042470496092 0.04438808206433501 0.09665732923664308
4 0.7056085496744089 0.5178948841991564 0.04922374565440508 0.09911711795524443
4 0.6948340409709816 0.41078387394111454 0.049251716936782555 0.10152096410909059
4 0.674067377405386 0.23263353137391185 0.04444402462909025 0.10146502154433541
4 0.5145324358566452 0.3065085805831436 0.039692274886153185 0.10621677128727255
4 0.6105998419674165 0.6249770811095067 0.04933563078391542 0.10873250257062904
4 0.6380054747711235 0.7491108134211149 0.05422723693874058 0.11599998359692275
12 0.20611540101846187 0.05529014566908962 0.054115351809230106 0.10638459898153813
12 0.24494865733489976 0.7469413549062222 0.06887408412083833 0.1353985805219577
8 0.1664494132840582 0.3649667302795793 0.07681287592419456 0.1979824943690904
11 0.181879456372729 0.27859609643538347 0.07407337438181717 0.16910836924055894
7 0.15296169019000305 0.4910287969446144 0.06412233437790123 0.14015033026489476
7 0.36235141537727306 0.058310202100557165 0.05173947693776157 0.10876047385300668
9 0.36190303279391733 0.20015111081866904 0.05685485335160756 0.1352587241100696
9 0.16006050145671702 0.6041074656637052 0.07373771899328588 0.14026221539440525
10 0.44093204707930533 0.7432113990353818 0.05414332309160759 0.10878844513538428
10 0.2584791794178353 0.5138941487538445 0.04922374565440494 0.09911711795524443
10 0.2560605055574864 0.6184474708049634 0.05892304411692241 0.10644054154629337
10 0.27047128097000256 0.41305848106300525 0.04927968821916018 0.10392481026293673
10 0.43400358970279906 0.3055715426234938 0.04438808206433501 0.09665732923664304
10 0.42865214151937153 0.1456318595455917 0.04438808206433501 0.09665732923664311
10 0.2786906276624489 0.22322456311510314 0.04444402462909025 0.10146502154433534
10 0.28418445845370666 0.061006904654054166 0.04444402462909025 0.1014650215443354