5 0.21536547483230953 0.29086538461538464 0.07152967181608293 0.15625
2 0.20730081225825403 0.3641826923076923 0.074297144640838 0.1875
1 0.27891102966021364 0.6141826923076923 0.05931464207020895 0.13942307692307693
1 0.24760845535671458 0.20552884615384615 0.05447897848013902 0.13701923076923078
12 0.14655879272147307 0.7295673076923077 0.076141565147132 0.13942307692307693
12 0.26369582358125915 0.0625 0.05185136206727205 0.11778846153846154
3 0.5566828153307717 0.39663461538461536 0.059230728223076096 0.13221153846153846
3 0.4119650748543365 0.12860576923076922 0.04961534360769148 0.13221153846153846
4 0.3372640307496513 0.14423076923076922 0.0418443794986009 0.08413461538461539
4 0.34671242973608424 0.055288461538461536 0.046791928218181164 0.09615384615384616
4 0.2825735835210521 0.5060096153846154 0.05162759180825109 0.0985576923076923
4 0.29702547379182065 0.40024038461538464 0.049251716936782555 0.10096153846153846
4 0.32555164202126013 0.22115384615384615 0.0468478707829364 0.10096153846153846
4 0.4820805127797222 0.3004807692307692 0.04209612103999934 0.10576923076923077
4 0.3726470440190248 0.6153846153846154 0.05173947693776157 0.10817307692307693
4 0.3411584460535011 0.7391826923076923 0.056631083092586736 0.11538461538461539
12 0.7998094584537067 0.057692307692307696 0.05651919796307626 0.10576923076923077
12 0.7328734840009138 0.7487980769230769 0.06887408412083847 0.1346153846153846
8 0.8274371773858066 0.36899038461538464 0.07924469336041813 0.19951923076923078
11 0.8152090040640576 0.28365384615384615 0.07890903797188724 0.17067307692307693
7 0.8355700840351781 0.4963942307692308 0.06652618053174728 0.13942307692307693
7 0.6435734440948955 0.056490384615384616 0.05414332309160786 0.10817307692307693
9 0.6383033835626585 0.19951923076923078 0.05925869950545385 0.1346153846153846
9 0.8234521117123115 0.6081730769230769 0.07616953642950965 0.14182692307692307
10 0.5382738306688858 0.7391826923076923 0.05654716924545388 0.10817307692307693
10 0.7295910686481152 0.5144230769230769 0.04922374565440508 0.0985576923076923
10 0.7271584091465773 0.6201923076923077 0.06132689027076857 0.10576923076923077
10 0.7211364922514012 0.41466346153846156 0.04927968821916004 0.10336538461538461
10 0.5625813876511907 0.30288461538461536 0.04681989950055892 0.0985576923076923
10 0.574070848185875 0.14182692307692307 0.046791928218181164 0.09615384615384616
10 0.720942377405386 0.2247596153846154 0.04687584206531416 0.10336538461538461
10 0.7216285158889514 0.0625 0.04687584206531389 0.10336538461538461