8 0.8377403846153846 0.40751806175268734 0.08173076923076923 0.21201395724416466
12 0.8064903846153846 0.08281702380186423 0.0625 0.130171306670877
7 0.8161057692307693 0.1453729644731234 0.06490384615384616 0.15422375337715336
7 0.8509615384615384 0.6756238263295149 0.07932692307692307 0.14949997207634988
9 0.8329326923076923 0.551720860647827 0.0673076923076923 0.1446223539295835
9 0.6466346153846154 0.32347354860371874 0.057692307692307696 0.1373548747967859
11 0.6550480769230769 0.13842634284491667 0.06971153846153846 0.1806940314050906
10 0.5841346153846154 0.07310993424053401 0.052884615384615384 0.11328844292269474
10 0.5793269230769231 0.23894734852028907 0.052884615384615384 0.1084807506150025
10 0.7259615384615384 0.15927159760314546 0.05048076923076923 0.11327445775487995
10 0.7355769230769231 0.33601023058209695 0.052884615384615384 0.11088459676884864
10 0.734375 0.4405705456904973 0.06009615384615385 0.11333039842613903
10 0.7451923076923077 0.6738065558687408 0.0673076923076923 0.11818004623727582
5 0.46875 0.4149867231085007 0.0673076923076923 0.1926992770065066
1 0.6322115384615384 0.5445434837506761 0.06490384615384616 0.15181990722330732
3 0.3954326923076923 0.32561786779784174 0.06490384615384616 0.14941606106946104
3 0.3449519230769231 0.6498434100429618 0.06971153846153846 0.16867480063586
2 0.2127403846153846 0.28008384119776336 0.08413461538461539 0.20481640395044093
1 0.34134615384615385 0.07169743229123957 0.0625 0.13978669128626164
6 0.25841346153846156 0.06640725169393678 0.06009615384615385 0.13015732150306222
6 0.17427884615384615 0.5298600785127265 0.07451923076923077 0.14947200174072017
4 0.23557692307692307 0.7826205464458501 0.06490384615384616 0.1181660610694609
4 0.3016826923076923 0.3334859077915262 0.052884615384615384 0.1084807506150025
4 0.41466346153846156 0.1622682106788216 0.052884615384615384 0.11569228907654096
4 0.47836538461538464 0.2527830483951445 0.05048076923076923 0.11087061160103386
4 0.3786057692307692 0.5298468947000612 0.055288461538461536 0.11811012039820189
4 0.44350961538461536 0.6672437250002914 0.055288461538461536 0.12291781270589407