8 0.15264423076923078 0.40201656104636274 0.07692307692307693 0.21243354257454497
12 0.18990384615384615 0.07793088515398483 0.06009615384615385 0.1305069743671325
7 0.17908653846153846 0.1403050143832856 0.0625 0.1545734071879716
7 0.13581730769230768 0.6686476851466424 0.07692307692307693 0.14752969642069866
9 0.15504807692307693 0.5462753015595095 0.0625 0.14495802257258694
9 0.34615384615384615 0.3237394031239139 0.055288461538461536 0.13766257026391576
11 0.3401442307692308 0.13977524414873915 0.0673076923076923 0.18107165744503456
10 0.41225961538461536 0.07691245954314428 0.05048076923076923 0.11116432000685282
10 0.41466346153846156 0.24280581544090651 0.052884615384615384 0.10878844513538428
10 0.26802884615384615 0.15696495183125708 0.04807692307692308 0.1111363487244752
10 0.2548076923076923 0.3346957251627956 0.052884615384615384 0.11119229128923044
10 0.25600961538461536 0.43807509541936906 0.057692307692307696 0.11365208000783183
10 0.2403846153846154 0.6710663590069915 0.06490384615384616 0.11854368616265686
5 0.5204326923076923 0.42071924417321355 0.0625 0.19303494564951015
1 0.3557692307692308 0.5462070574841935 0.0625 0.1521695610341254
3 0.5973557692307693 0.3362777867477585 0.0625 0.14976571488027937
3 0.640625 0.6613005005997862 0.0673076923076923 0.16905242667580384
2 0.7800480769230769 0.2951343734392259 0.08173076923076923 0.20287410052391558
1 0.6550480769230769 0.07853563598635954 0.055288461538461536 0.14247026257160805
6 0.7391826923076923 0.08071655394649889 0.057692307692307696 0.1304790030847549
6 0.8149038461538461 0.5479438031875473 0.07211538461538461 0.14987760000978986
4 0.7487980769230769 0.7971745929221631 0.0625 0.11611186872643323
4 0.6887019230769231 0.3457541570165691 0.052884615384615384 0.10878844513538428
4 0.5793269230769231 0.17140454059146493 0.05048076923076923 0.11597201231454513
4 0.5144230769230769 0.2595916236595772 0.04807692307692308 0.11113634872447527
4 0.6105769230769231 0.5407585518777585 0.052884615384615384 0.1184038297507689
4 0.5432692307692307 0.6757926636634932 0.052884615384615384 0.12321152205846121