8 0.15266360581065413 0.4080516215174136 0.08296146399847133 0.2124894851393002
12 0.18458569522091378 0.08558659587230885 0.06085135290815284 0.1305069743671325
7 0.17461368882625183 0.14699655792489622 0.06578491172617837 0.15219753231650313
7 0.13789709092096525 0.6738304635704904 0.08019400348144047 0.14996151385692258
9 0.15663918063336604 0.5510245251065045 0.06574295622273393 0.1449859938549647
9 0.3430499402541108 0.32290919790189027 0.05848946225775119 0.13769054154629337
11 0.33570634405348115 0.13911286662098113 0.07076042604764823 0.18109962872741214
10 0.4069904125390348 0.07458579071391863 0.05354191827191088 0.11359613744307659
10 0.4108401208514136 0.23919330968762495 0.05351394793628117 0.10878844513538428
10 0.2646740085885938 0.16037071175881285 0.05112408695024987 0.11116432000685282
10 0.25402372155491426 0.33836721227293864 0.05352793310409602 0.11119229128923044
10 0.2546312749997085 0.44051668817021145 0.06075345673344927 0.11368005129020932
10 0.243666321690196 0.6725997271458757 0.06799296553061737 0.11857165744503462
5 0.5191942036009334 0.4134013855702131 0.06841252056506122 0.19068704206041923
1 0.35619337432213377 0.5426932932845477 0.06578491172617837 0.15219753231650301
3 0.5942238929954041 0.3247938912011226 0.06575694139054879 0.1473898400088107
3 0.6404268035851446 0.6463498501689551 0.07069050020857431 0.16908039795818133
2 0.7747780727223469 0.2770229680997251 0.08532335464887317 0.20530591796013936
1 0.6474029982592797 0.06911504354772921 0.058517432593380755 0.13823008709545842
6 0.7315376136438952 0.06600197528524933 0.05844750675430669 0.13047900308475488
6 0.8129940693919769 0.5253595188635715 0.07538631117374833 0.14990557129216733
4 0.7502345424322538 0.7772747096411236 0.06317128805511028 0.11611186872643323
4 0.6855280913381137 0.330942520932312 0.05351394793628117 0.10878844513538428
4 0.573540269022195 0.16158409428098258 0.05355590343972567 0.11599998359692275
4 0.5105228178130475 0.25125365531510807 0.05112408695024994 0.11116432000685282
4 0.609869069391977 0.5277230922244793 0.055973734761386604 0.11843180103314652
4 0.5429731381796719 0.6643096101821713 0.05600170509701604 0.12323949334083896