8 0.8424867463782092 0.3977564146179594 0.07812580135514935 0.20717829460084267
12 0.8057849349958868 0.08065150724358164 0.05843352158649177 0.12773949018140127
7 0.8157499488066413 0.1406917204184763 0.060963234250671135 0.14938809073383147
7 0.8620399758238683 0.6596707566285792 0.07535834083811849 0.14466430943302802
9 0.840908025125436 0.5395973228626972 0.06331113973325814 0.13978669128626164
9 0.6533303053473052 0.32072925029142085 0.05366778478224395 0.1349230583073102
11 0.6582910331458108 0.1404058258334224 0.06593874857214115 0.1782622149156149
10 0.5870139572441647 0.07831838828395889 0.04872024079640379 0.110856626433219
10 0.5855541099178172 0.24059198883638905 0.051096116614620365 0.10606291929334148
10 0.7281074603659602 0.15802910212063945 0.04872024079640351 0.110856626433219
10 0.7423355462947795 0.33102910677458114 0.05111010178243502 0.10846676544718771
10 0.7417279928499853 0.43319956089695005 0.0583356254117884 0.11091256710447822
10 0.7586745912084836 0.6602721188446155 0.06317128805511028 0.1157482297478001
5 0.4819937343081749 0.4142772667132558 0.06359084308955414 0.18786361436318472
1 0.6449735858352523 0.537131344808834 0.06336708040451729 0.14940207590164625
3 0.40698502266542624 0.33057619153089907 0.06333911006888784 0.14459438359395393
3 0.365568826631656 0.6493375399361808 0.06825868371909845 0.16385312316035275
2 0.22765374376712882 0.2895507788407937 0.08047370683773636 0.1975768951532729
1 0.349026195429488 0.07850099682070066 0.05369575511787353 0.13973075061500245
6 0.26730241878262617 0.08017841560332682 0.058433521586491906 0.12773949018140127
6 0.19544036989820673 0.5373427250363547 0.07055064853042624 0.14463633909739831
4 0.26056878009223905 0.7821644257815703 0.06317128805511021 0.1157482297478001
4 0.31689673256745465 0.3407160199393386 0.05109611661462023 0.10606291929334155
4 0.42407686257568106 0.16941361046459583 0.04873422596421843 0.11326047258706516
4 0.4870803286170137 0.25558845763987265 0.048706255628588865 0.10845278027937286
4 0.3949316303318079 0.5313742638000344 0.05355590343972567 0.11569228907654096
4 0.463008506869314 0.6631942175627584 0.053583873775355235 0.12049998138423326