8 0.8413461538461539 0.40015326818789815 0.07692307692307693 0.20717829460084267
12 0.8052884615384616 0.08185343032050472 0.057692307692307696 0.12773949018140127
7 0.8149038461538461 0.14189364349539937 0.06009615384615385 0.14938809073383147
7 0.8581730769230769 0.6644784489362715 0.07692307692307693 0.14467829460084267
9 0.8389423076923077 0.543196099509559 0.0625 0.1421905374401078
9 0.6502403846153846 0.32314008902917446 0.052884615384615384 0.1349230583073102
11 0.65625 0.14161474149425285 0.06490384615384616 0.1782622149156149
10 0.5853365384615384 0.07952730394478937 0.04807692307692308 0.110856626433219
10 0.5829326923076923 0.24180090449721953 0.05048076923076923 0.10606291929334155
10 0.7271634615384616 0.15923102519756252 0.04807692307692308 0.110856626433219
10 0.7403846153846154 0.3334329529284273 0.052884615384615384 0.11088459676884864
10 0.7391826923076923 0.4356034070507962 0.057692307692307696 0.11091256710447822
10 0.7548076923076923 0.6650798111523077 0.0625 0.1157482297478001
5 0.47836538461538464 0.41789002852793244 0.0625 0.18786361436318472
1 0.640625 0.5407441066235106 0.0625 0.14940207590164625
3 0.4026442307692308 0.3329940228525601 0.0625 0.14459438359395393
3 0.3605769230769231 0.6541522248277806 0.0673076923076923 0.1662569693141989
2 0.22355769230769232 0.2919686101624547 0.07932692307692307 0.199980741307119
1 0.3473557692307692 0.07970991248153113 0.055288461538461536 0.13974473578281724
6 0.2644230769230769 0.08139432384806469 0.057692307692307696 0.12773949018140127
6 0.18990384615384615 0.5409624794349388 0.06971153846153846 0.14463633909739831
4 0.2536057692307692 0.7869861032570774 0.0625 0.1157482297478001
4 0.3125 0.3431338512609995 0.05048076923076923 0.10606291929334155
4 0.4206730769230769 0.17062951870933368 0.04807692307692308 0.11326047258706516
4 0.484375 0.2579992963776262 0.04807692307692308 0.10845278027937286
4 0.390625 0.5349870256147109 0.052884615384615384 0.11569228907654096
4 0.4567307692307692 0.6680158950382655 0.052884615384615384 0.12049998138423326