8 0.8472874461019941 0.40635809417920865 0.07812580135514935 0.20717829460084267
12 0.8093697264749339 0.08643677820044826 0.05844750675430669 0.1301433363352474
7 0.8193417328695958 0.14779079579478435 0.06097721941848606 0.1517919368876776
7 0.8656597302224521 0.6720809903539122 0.07776218699196463 0.14467829460084267
9 0.8457227100170357 0.5505748782421631 0.06332512490107306 0.1421905374401078
9 0.655727158917244 0.32712127333793234 0.056071630936090106 0.13493704347512497
11 0.6594719784710118 0.14445693598125423 0.06593874857214115 0.1782622149156149
10 0.588187909985458 0.08034245045379468 0.04872024079640379 0.110856626433219
10 0.5867420478269255 0.2449919268244414 0.05111010178243502 0.10846676544718764
10 0.7316922518450073 0.16290533716954428 0.04872024079640379 0.110856626433219
10 0.7447393924486256 0.3396579553163106 0.05352793310409609 0.11088459676884864
10 0.7453337620807545 0.4418214168547721 0.0583356254117884 0.11091256710447822
10 0.7610924225301444 0.6714726355539686 0.06317128805511028 0.1157482297478001
5 0.48319565738509795 0.41986434125526695 0.06360482825736892 0.19026746051703086
1 0.6473844245730057 0.5458153326666731 0.06336708040451756 0.14940207590164625
3 0.40577610700459577 0.3340802774236551 0.06335309523670264 0.1469982297478001
3 0.36558281179947083 0.6559509216022807 0.06828665405472815 0.16866081546804507
2 0.22524290502937527 0.2909640821452376 0.08290552332721209 0.20239857262878005
1 0.34780329460084264 0.07894393367231502 0.05609960127171968 0.13974473578281724
6 0.2648706022931504 0.07846144538270454 0.05844750675430669 0.1301433363352474
6 0.19304351632826797 0.5407682897958305 0.07056463369824104 0.14704018525124446
4 0.2593878347670382 0.7887420431729838 0.06317128805511028 0.1157482297478001
4 0.31568781690662423 0.34317121824598473 0.05111010178243502 0.10846676544718757
4 0.4228609543309432 0.17192555079765062 0.048748211132033356 0.1156643187409113
4 0.48827525911002934 0.26004353494403476 0.04872024079640379 0.110856626433219
4 0.39493862291571524 0.537135351584581 0.05355590343972567 0.11569228907654096
4 0.46302948462103627 0.6721423208987799 0.053583873775355235 0.12049998138423326