8 0.14312513961825088 0.3974807180374106 0.08296146399847129 0.21201395724416466
12 0.18826838287466435 0.0756170664426923 0.06085135290815284 0.13015732150306222
7 0.17589253032615632 0.13684521752669523 0.0657849117261783 0.15181990722330718
7 0.12114708626702357 0.6629868441109849 0.08019400348144047 0.14949997207634988
9 0.1422930221332705 0.5405095641912567 0.06574295622273393 0.14460836876176872
9 0.3382772108659554 0.3228923627842552 0.05848946225775119 0.1373548747967859
11 0.3369432300499412 0.13898414684720967 0.07076042604764823 0.18069403140509063
10 0.40941523644460315 0.07810562495857666 0.053541918271910745 0.11328844292269473
10 0.40845725244928954 0.24276908649703818 0.05351394793628117 0.1084807506150025
10 0.2647229566759456 0.15659343796661196 0.05112408695024987 0.11087061160103379
10 0.2468751163485424 0.33197631102267755 0.05352793310409602 0.11088459676884864
10 0.24628074671641353 0.43413977256113917 0.06075345673344927 0.11333039842613915
10 0.22570040879151645 0.6659990450647746 0.0679929655306173 0.11818004623727582
5 0.5095928041533636 0.42004614843685933 0.06841252056506122 0.19029543085266043
1 0.3418052603185939 0.5428722561968079 0.06578491172617837 0.15181990722330718
3 0.5882072850268815 0.33636605100622485 0.06575694139054879 0.1470122149156149
3 0.6247808258334224 0.6611090444604925 0.07069050020857431 0.16867480063586
2 0.7711233554042258 0.29896738529861094 0.08532335464887317 0.204816403950441
1 0.6509877897383268 0.08191498047780986 0.058517432593380755 0.1421625671044782
6 0.7351084199551274 0.08480830750517389 0.05844750675430669 0.1301433363352474
6 0.7985150517976408 0.5491352073123885 0.07538631117374833 0.1494720017407203
4 0.7285579715441941 0.7975347069527436 0.06317128805511028 0.1157482297478001
4 0.6782815899570382 0.34890972556851046 0.05351394793628117 0.1084807506150025
4 0.5747351995152107 0.1728206015377976 0.05355590343972567 0.11569228907654089
4 0.5081259642431087 0.25897447096135223 0.05112408695024994 0.11087061160103386
4 0.5954320073010853 0.5407419221704998 0.055973734761386604 0.11811012039820189
4 0.5261462151027487 0.6737568064262397 0.05600170509701604 0.12291781270589407