8 0.1587011915308991 0.4050480769230769 0.07811181618733463 0.20432692307692307
12 0.19538901774540668 0.09014423076923077 0.058419536418677115 0.125
7 0.18542400393465214 0.1502403846153846 0.0609632342506712 0.14903846153846154
7 0.13915495466914754 0.6658653846153846 0.07535834083811856 0.14423076923076922
9 0.16028690536757967 0.5456730769230769 0.0633111397332582 0.13942307692307693
9 0.34785063997789567 0.328125 0.05366778478224395 0.1346153846153846
11 0.34288991217939 0.14783653846153846 0.06592476340432622 0.17548076923076922
10 0.41295807242020577 0.08653846153846154 0.04872024079640379 0.11057692307692307
10 0.4144249123304605 0.24759615384615385 0.051096116614620365 0.10576923076923077
10 0.2718715618823175 0.1658653846153846 0.04870625562858893 0.10817307692307693
10 0.25884539903042136 0.3389423076923077 0.05111010178243509 0.10817307692307693
10 0.25825802198219994 0.43990384615384615 0.058335625411788335 0.11057692307692307
10 0.24252033928453215 0.6658653846153846 0.06317128805511021 0.11538461538461539
5 0.5167833648631798 0.4206730769230769 0.06359084308955414 0.1875
1 0.3550124289969329 0.5432692307692307 0.06336708040451729 0.14903846153846154
3 0.5917920765059285 0.33653846153846156 0.0609352639150417 0.14423076923076922
3 0.6332222577075135 0.6526442307692307 0.06825868371909831 0.16346153846153846
2 0.7699214323273028 0.29447115384615385 0.08047370683773636 0.1971153846153846
1 0.6497439111579594 0.08533653846153846 0.05369575511787353 0.13942307692307693
6 0.7314676878048212 0.08653846153846154 0.05601569026483096 0.125
6 0.8021487913640397 0.5396634615384616 0.07055064853042617 0.14423076923076922
4 0.7370203811700073 0.7848557692307693 0.06075345673344948 0.11298076923076923
4 0.6818873591878075 0.3449519230769231 0.051096116614620365 0.10576923076923077
4 0.5758951670886894 0.17668269230769232 0.04872024079640379 0.11057692307692307
4 0.511696770554341 0.2620192307692308 0.04869227046077421 0.10576923076923077
4 0.6038524614234542 0.5360576923076923 0.05355590343972567 0.11538461538461539
4 0.5369775079628712 0.6682692307692307 0.053583873775355235 0.1201923076923077