8 0.8460785304411635 0.40024038461538464 0.08296146399847124 0.21153846153846154
12 0.8129405327861661 0.07572115384615384 0.063255199061999 0.12980769230769232
7 0.8229195317647354 0.13822115384615385 0.06579889689399301 0.15384615384615385
7 0.8608590304986673 0.6682692307692307 0.08019400348144036 0.14903846153846154
9 0.8421099482023592 0.5444711538461539 0.06814680237658002 0.14423076923076922
9 0.6544902729207839 0.3173076923076923 0.05848946225775119 0.13701923076923078
11 0.6618338691214135 0.13341346153846154 0.07076042604764811 0.18028846153846154
10 0.5905428080519525 0.06850961538461539 0.053541918271910745 0.11298076923076923
10 0.5866930997395736 0.23317307692307693 0.05351394793628117 0.10817307692307693
10 0.7340611350793165 0.15264423076923078 0.05113807211806486 0.11298076923076923
10 0.7447184146969034 0.3317307692307692 0.05352793310409582 0.11057692307692307
10 0.7429089381751861 0.4338942307692308 0.0607534567334492 0.11298076923076923
10 0.7562847302224521 0.6670673076923077 0.06799296553061723 0.11778846153846154
5 0.4783460095739613 0.4098557692307692 0.06842650573287602 0.19230769230769232
1 0.6413538314366682 0.5384615384615384 0.06578491172617837 0.15144230769230768
3 0.4033163201794904 0.32211538461538464 0.06577092655836345 0.14903846153846154
3 0.3559254716806418 0.6466346153846154 0.07069050020857418 0.16826923076923078
2 0.2203582942987016 0.2764423076923077 0.0853233546488731 0.20432692307692307
1 0.34775434651349096 0.06850961538461539 0.06089330841159734 0.13701923076923078
6 0.2635987533771533 0.06490384615384616 0.06085135290815284 0.12980769230769232
6 0.18335121328990195 0.5264423076923077 0.0753863111737482 0.14903846153846154
4 0.2461177328335325 0.7788461538461539 0.06558911937677123 0.11778846153846154
4 0.3108101987598579 0.3293269230769231 0.05351394793628117 0.10817307692307693
4 0.4227980210757766 0.15865384615384615 0.05355590343972567 0.11538461538461539
4 0.4870173953618471 0.24759615384615385 0.05112408695024994 0.11057692307692307
4 0.3876781363668251 0.5264423076923077 0.055973734761386465 0.11778846153846154
4 0.4533721445022072 0.6622596153846154 0.05600170509701618 0.12259615384615384