8 0.15980842385371632 0.40321595792734366 0.08296146399847136 0.2124894851393002
12 0.18917042619871877 0.07833310048720397 0.063255199061999 0.13053494564951013
7 0.17991865594651885 0.1409449856167144 0.06579889689399315 0.15460137847034924
7 0.14814661621891226 0.6713986461342666 0.0801940034814405 0.14996151385692258
9 0.1654552262302964 0.5473907845933577 0.06814680237658009 0.14501396513734216
9 0.350431704794875 0.3180595486706315 0.05848946225775119 0.13769054154629337
11 0.34094837791858157 0.1342632173897224 0.07076042604764811 0.18109962872741217
10 0.41147724734213614 0.06733229532881377 0.053541918271910745 0.11359613744307659
10 0.41724991622904944 0.23314173737944316 0.05351394793628117 0.10878844513538428
10 0.2701467977226384 0.15431913945063108 0.051138072118064655 0.11356816616069897
10 0.2615663155255487 0.3323156399647569 0.05352793310409602 0.11119229128923044
10 0.2633696008185081 0.43566703893895264 0.06075345673344934 0.11368005129020932
10 0.2539088544042356 0.6689659866327288 0.06799296553061737 0.11857165744503462
5 0.5288547491403601 0.40853775069776554 0.06842650573287602 0.1930908882142654
1 0.36614141715691323 0.5390455671302121 0.06578491172617837 0.15219753231650301
3 0.6016615982074277 0.3199442419698639 0.06577092655836357 0.149793686162657
3 0.6540303650931946 0.643876075809165 0.07069050020857431 0.16908039795818133
2 0.7840881877112543 0.2721453475860888 0.08532335464887317 0.20530591796013936
1 0.6554606393736134 0.06727719482937258 0.06092127874722691 0.13455438965874517
6 0.7383653613456762 0.061379043541610605 0.05844750675430669 0.12275808708322121
6 0.8252061067024546 0.5216838214268583 0.07538631117374833 0.14990557129216733
4 0.7641745493230082 0.7748149209225221 0.06558911937677109 0.11854368616265713
4 0.6954535537108721 0.32606490041867564 0.05351394793628117 0.10878844513538428
4 0.5802779144883292 0.15672045940853507 0.05355590343972567 0.11599998359692275
4 0.5182953656974767 0.2463900204426606 0.05112408695024994 0.11116432000685282
4 0.6196772605486085 0.5240753660701437 0.055973734761386465 0.11843180103314652
4 0.5555635763762983 0.6606478983866467 0.05600170509701618 0.12323949334083896