6 0.14182692307692307 0.7832054635704904 0.07451923076923077 0.1354824943690904
6 0.27283653846153844 0.07495025945014157 0.055288461538461536 0.11122026257160805
5 0.29447115384615385 0.4100350563702816 0.0673076923076923 0.17386011898349615
2 0.22956730769230768 0.29420374253293846 0.08173076923076923 0.1980664082162233
3 0.18028846153846154 0.5399694615139872 0.07211538461538461 0.13545452308671294
3 0.3954326923076923 0.3367448778950374 0.0625 0.13534263795720244
1 0.26322115384615385 0.15078329842580585 0.057692307692307696 0.13769054154629334
1 0.4831730769230769 0.3285123876267163 0.05048076923076923 0.13760662769916052
4 0.25 0.7867544481711904 0.06009615384615385 0.11608389744405546
4 0.31850961538461536 0.33884188200804394 0.04807692307692308 0.1063286564167829
4 0.43028846153846156 0.17167583276210058 0.04567307692307692 0.11110837744209758
4 0.5012019230769231 0.08311029531657656 0.04326923076923077 0.10386886769818153
4 0.49158653846153844 0.25990487275377927 0.04567307692307692 0.10630068513440527
4 0.4699519230769231 0.4452527681413316 0.04807692307692308 0.1063286564167829
4 0.39903846153846156 0.5446356132791633 0.04807692307692308 0.11354019487832136
4 0.453125 0.6678043363487441 0.052884615384615384 0.12321152205846121
8 0.8413461538461539 0.40487351270629895 0.07692307692307693 0.19801046565146804
9 0.6526442307692307 0.3289442583729411 0.06009615384615385 0.13771851282867098
9 0.8425480769230769 0.5478883732189563 0.06971153846153846 0.1354265518043352
12 0.6502403846153846 0.7808953065783957 0.06971153846153846 0.14263809026587365
12 0.8125 0.08549762963329179 0.052884615384615384 0.12321152205846121
7 0.8245192307692307 0.14905969629832683 0.057692307692307696 0.14490208000783183
7 0.8569711538461539 0.6679128532169984 0.06490384615384616 0.1425821477011184
11 0.7331730769230769 0.2174302973363682 0.06971153846153846 0.1690803979581814
10 0.7355769230769231 0.16331578759245213 0.04326923076923077 0.10627271385202765
10 0.7439903846153846 0.3362948111810536 0.04567307692307692 0.10389683898055911
10 0.5949519230769231 0.07961556915000371 0.04567307692307692 0.1063006851344053
10 0.5901442307692307 0.24193112709937428 0.04807692307692308 0.10873250257062904
10 0.7451923076923077 0.43844428707832633 0.052884615384615384 0.10638459898153813
10 0.7524038461538461 0.6715334501542706 0.055288461538461536 0.11122026257160819
10 0.5492788461538461 0.7916854850536398 0.057692307692307696 0.11845977231552414
10 0.5709134615384616 0.5594625896660875 0.052884615384615384 0.11359613744307659