6 0.859375 0.7900478103730715 0.07451923076923077 0.1354824943690904
6 0.7295673076923077 0.08421043804775767 0.055288461538461536 0.11122026257160805
5 0.7079326923076923 0.4180933118909746 0.0673076923076923 0.17145627282965
2 0.7716346153846154 0.30224801241244276 0.08173076923076923 0.19566256206237712
3 0.8221153846153846 0.5480277170346801 0.07211538461538461 0.13545452308671294
3 0.6069711538461539 0.3460050564926535 0.06009615384615385 0.13531466667482484
1 0.7391826923076923 0.15884155394649885 0.057692307692307696 0.13769054154629337
1 0.5204326923076923 0.3365846287885982 0.05048076923076923 0.13760662769916052
4 0.7524038461538461 0.7924088575380371 0.06009615384615385 0.11608389744405546
4 0.6838942307692307 0.34810206060566007 0.04567307692307692 0.10389683898055911
4 0.5721153846153846 0.1809360113597167 0.04567307692307692 0.11110837744209758
4 0.5024038461538461 0.09238445955538148 0.04326923076923077 0.10146502154433537
4 0.5120192307692307 0.26797711391566115 0.04567307692307692 0.10389683898055918
4 0.5336538461538461 0.45332500930321346 0.04807692307692308 0.1063286564167829
4 0.6045673076923077 0.5515059313641222 0.04807692307692308 0.11354019487832136
4 0.5480769230769231 0.6746466831513251 0.052884615384615384 0.12321152205846121
8 0.16466346153846154 0.4129737251505584 0.07692307692307693 0.19801046565146804
9 0.35216346153846156 0.33703048517601175 0.06009615384615385 0.13771851282867084
9 0.1622596153846154 0.5547726769451039 0.06971153846153846 0.13542655180433533
12 0.3545673076923077 0.7877796103045432 0.06971153846153846 0.14263809026587365
12 0.19230769230769232 0.09598770259020858 0.052884615384615384 0.12080767590461505
7 0.1814903846153846 0.15836183181950933 0.057692307692307696 0.14490208000783183
7 0.14783653846153846 0.6747971569431459 0.06490384615384616 0.1425821477011184
11 0.27163461538461536 0.22671844721636195 0.06971153846153846 0.16667655180433524
10 0.2692307692307692 0.1726039374724459 0.04326923076923077 0.10627271385202765
10 0.2608173076923077 0.3431791149072012 0.04567307692307692 0.10389683898055925
10 0.40865384615384615 0.08888973338880864 0.04567307692307692 0.1063006851344053
10 0.41346153846153844 0.25120529133817926 0.04807692307692308 0.10873250257062904
10 0.25961538461538464 0.44532859080447385 0.05048076923076923 0.1039527815453145
10 0.25240384615384615 0.678417753880418 0.055288461538461536 0.11122026257160819
10 0.45552884615384615 0.7973678657028643 0.055288461538461536 0.11843180103314666
10 0.4326923076923077 0.5675348308279693 0.05048076923076923 0.11356816616069897