6 0.8687628347670381 0.7922872832140347 0.07289855401301318 0.13503493964982846
6 0.7444029470659211 0.07524187097714105 0.05352793310409582 0.11088459676884861
5 0.7187306249585768 0.41402334923957856 0.0659107782365113 0.17345452260792257
2 0.7853600366272513 0.2978283954768544 0.08287755299158252 0.19759088032108768
3 0.8324805784191598 0.5468921905884124 0.07289855401301318 0.13503493964982846
3 0.6173355462947795 0.33891674142212636 0.06087932324378242 0.13496501381075454
1 0.7544658570513791 0.15222088857147714 0.05848946225775091 0.1373548747967859
1 0.5283372979312126 0.32878390559759435 0.04888806281018122 0.1397027802793729
4 0.759401819934853 0.7940548042323077 0.05836359574741797 0.11572025941217053
4 0.6942796009695786 0.3429700360229691 0.04628842430692806 0.10603494895771184
4 0.583911654054728 0.17166063396431894 0.04631639464255763 0.11084264126540422
4 0.5136756718001347 0.08111083332845906 0.04387059298526698 0.10361711763605097
4 0.5207201896030451 0.2590304116326114 0.0438845781530819 0.10602096378989706
4 0.5410418019233684 0.4466422929751298 0.048692270460774074 0.10604893412552677
4 0.6113407174331283 0.5480094013032973 0.04873422596421843 0.11326047258706523
4 0.5543756384671901 0.6726737572757422 0.053597858943170026 0.12290382753807941
8 0.16579006890270206 0.4011913760267908 0.0780698606838902 0.19756290998545806
9 0.3576642210081357 0.3277909586827437 0.05850344742556583 0.13975872095063208
9 0.16303040232472804 0.5466030905827609 0.07049470785916703 0.13502095448201368
12 0.3555137105852547 0.7844937575778833 0.06814680237658002 0.1446223539295835
12 0.19877881823019597 0.08048069942164379 0.05119401278932387 0.12288984237026455
7 0.18592827133113424 0.14410570407558548 0.05612757160734932 0.14455242809050955
7 0.14690973022245218 0.6678994251772881 0.06333911006888779 0.14459438359395393
11 0.27767999504391716 0.2143486789140862 0.06828665405472809 0.16866081546804507
10 0.27616340569116116 0.16025514786864037 0.04388457815308184 0.10602096378989713
10 0.2639491839276727 0.33325515252258203 0.04388457815308184 0.1060209637898972
10 0.4187027709714894 0.07695264996900536 0.0438845781530819 0.10602096378989713
10 0.42206460112064914 0.24163009667528168 0.04872024079640379 0.110856626433219
10 0.26334862306678586 0.4366135445540593 0.051096116614620296 0.10606291929334141
10 0.25269993874340513 0.6721205417919085 0.05352793310409602 0.11088459676884864
10 0.4577401053788828 0.7959054349023198 0.055973734761386604 0.11811012039820176
10 0.43714578228617096 0.5614185535598015 0.051138072118064586 0.11327445775488001