6 0.8536069196315459 0.7798630643208869 0.07289855401301318 0.13503493964982846
6 0.7399440825984492 0.07141372215919653 0.05352793310409609 0.11088459676884861
5 0.7103489209190544 0.40691109005060516 0.06350693208266542 0.1734405374401078
2 0.7771259782049339 0.29114188255108286 0.08045972166992171 0.19517304899942667
3 0.8213655754269941 0.5372703951318325 0.07289855401301318 0.13503493964982846
3 0.6110158531527904 0.3341741668226115 0.06087932324378242 0.13496501381075454
1 0.7479170113507447 0.1470859279179986 0.056071630936090106 0.13493704347512495
1 0.5233314092086648 0.32506924083246697 0.04887407764236657 0.13729893412552663
4 0.7466147880336698 0.7840911735194146 0.05836359574741797 0.11572025941217053
4 0.6879249449080524 0.33613048760638414 0.04628842430692806 0.10603494895771184
4 0.5807308297320113 0.16849058938881922 0.04391254848871148 0.11082865609758943
4 0.5115367424796203 0.07995385156314064 0.043856607817452195 0.10121327148220481
4 0.5165184480298481 0.256601580951296 0.0438845781530819 0.10602096378989713
4 0.534672359338878 0.44158585345493145 0.04628842430692792 0.10603494895771184
4 0.6026015902591794 0.5409468915568252 0.04873422596421857 0.11326047258706523
4 0.5441890464244097 0.6650806125074572 0.053583873775355235 0.12049998138423326
8 0.1635228690064062 0.4016792541900098 0.07566601453004412 0.19754892481764338
9 0.35386025536251103 0.3260551951634101 0.05848946225775119 0.1373548747967859
9 0.15908498229065657 0.5447290780955781 0.06809086170532094 0.1350069693141989
12 0.346423351505637 0.7780062424221167 0.06813281720876538 0.14221850777573736
12 0.200231672972636 0.08296685387207989 0.05118002762150908 0.12048599621641841
7 0.18664690476329743 0.14554377229506127 0.05612757160734939 0.14455242809050955
7 0.14155880082299369 0.6650192819625894 0.06332512490107299 0.1421905374401078
11 0.2763855656658991 0.21473086696354485 0.06828665405472809 0.16866081546804507
10 0.27549830886480897 0.1606513210859138 0.04148073199923562 0.10600697862208233
10 0.26127721551989713 0.33260323950889514 0.04387059298526698 0.10361711763605104
10 0.4178077202313425 0.0768935038771485 0.04388457815308177 0.1060209637898971
10 0.4192675675576899 0.23913913409394907 0.048706255628588865 0.10845278027937286
10 0.2594809228108452 0.43477369363126417 0.051096116614620296 0.10606291929334141
10 0.24610513076357915 0.668016696393415 0.05352793310409602 0.11088459676884864
10 0.44732195671200886 0.7882361730662029 0.05595974959357182 0.1157062742443556
10 0.4306426792522906 0.55636990797866 0.05112408695024994 0.11087061160103372