6 0.8757331477990161 0.7860576923076923 0.07368177642853077 0.1346153846153846
6 0.7472053979581813 0.06971153846153846 0.054171294373985344 0.11057692307692307
5 0.7235051180041931 0.40865384615384615 0.06691777848503368 0.17307692307692307
2 0.7894562031165717 0.2920673076923077 0.08402441438573323 0.1971153846153846
3 0.8380382934069197 0.5420673076923077 0.07368177642853077 0.1346153846153846
3 0.6216904554301378 0.33533653846153844 0.06166254565929973 0.1346153846153846
1 0.7577158636096495 0.1466346153846154 0.05928667078783106 0.13701923076923078
1 0.5326222769671308 0.3245192307692308 0.0496992574548242 0.13942307692307693
4 0.7664001047225825 0.7896634615384616 0.059034929246432895 0.11538461538461539
4 0.6998434267125154 0.33774038461538464 0.04690381334769164 0.10576923076923077
4 0.5884824656637052 0.16706730769230768 0.04695975591244688 0.11057692307692307
4 0.5165200810360834 0.07692307692307693 0.044471995911467874 0.10336538461538461
4 0.5246135569578306 0.25600961538461536 0.04449996719384549 0.10576923076923077
4 0.5472140236497874 0.4423076923076923 0.0493076595015378 0.10576923076923077
4 0.6169124185354511 0.5444711538461539 0.04939157334867052 0.11298076923076923
4 0.5606746175267789 0.6694711538461539 0.054311150785873306 0.12259615384615384
8 0.17052260313125625 0.40024038461538464 0.07921672207804072 0.1971153846153846
9 0.36194920004405395 0.3245192307692308 0.05931464207020882 0.13942307692307693
9 0.16859511084314344 0.5444711538461539 0.07127793027468449 0.1346153846153846
12 0.36245605138810705 0.78125 0.06898596925034867 0.14423076923076922
12 0.2016442061646149 0.07932692307692307 0.051907304632027224 0.12259615384615384
7 0.19035222873720192 0.14182692307692307 0.05696673848111797 0.14423076923076922
7 0.15319472316747837 0.6670673076923077 0.06417827694265643 0.14423076923076922
11 0.2813216123365721 0.2127403846153846 0.06926568207412487 0.16826923076923078
10 0.27949033540615287 0.15865384615384615 0.04449996719384549 0.10576923076923077
10 0.269471051326921 0.33052884615384615 0.04449996719384549 0.10576923076923077
10 0.42152620103559396 0.0733173076923077 0.04449996719384549 0.10576923076923077
10 0.4258460800323062 0.23798076923076922 0.04936360206629304 0.11057692307692307
10 0.2682839559565008 0.43509615384615385 0.05171150565538395 0.10576923076923077
10 0.25899192521908676 0.6694711538461539 0.054171294373985344 0.11057692307692307
10 0.4647453836972678 0.7920673076923077 0.05665905437496422 0.11778846153846154
10 0.4440033231527937 0.5588942307692307 0.05179541950251681 0.11298076923076923