6 0.1363140542525923 0.7836538461538461 0.07368177642853063 0.1346153846153846
6 0.2623120871688816 0.078125 0.054171294373985344 0.11057692307692307
5 0.286068309687625 0.41225961538461536 0.06448596104881019 0.17067307692307693
2 0.22130516201098085 0.296875 0.0815646256671317 0.19230769230769232
3 0.1727650286441992 0.5432692307692307 0.07365380514615302 0.13221153846153846
3 0.3866810491847574 0.3389423076923077 0.05925869950545358 0.1346153846153846
1 0.2530175302355254 0.15384615384615385 0.05685485335160756 0.1346153846153846
1 0.4733313958527293 0.3293269230769231 0.04967128617244672 0.13701923076923078
4 0.24324325117517973 0.7872596153846154 0.059034929246432895 0.11538461538461539
4 0.30971601533811405 0.3425480769230769 0.044471995911467874 0.10336538461538461
4 0.41984708202762344 0.17427884615384615 0.04455590975860073 0.11057692307692307
4 0.48939163486021037 0.08533653846153846 0.04444402462909025 0.10096153846153846
4 0.4813401158620296 0.2608173076923077 0.044471995911467874 0.10336538461538461
4 0.45995555788818465 0.44591346153846156 0.04690381334769164 0.10576923076923077
4 0.3902851342848985 0.5456730769230769 0.04936360206629304 0.11057692307692307
4 0.4465509065759482 0.6682692307692307 0.05428317950349582 0.1201923076923077
8 0.8294354399451773 0.40384615384615385 0.076784904641817 0.19471153846153846
9 0.6416006266219602 0.3293269230769231 0.05925869950545385 0.1346153846153846
9 0.8325928265925909 0.5456730769230769 0.06887408412083847 0.1346153846153846
12 0.6411637034838511 0.7800480769230769 0.06893002668559343 0.13942307692307693
12 0.7994598174239866 0.08774038461538461 0.05187933334964967 0.1201923076923077
7 0.8107657804925884 0.14903846153846154 0.054562892327272024 0.14423076923076922
7 0.8468192624737104 0.6658653846153846 0.06415030566027888 0.14182692307692307
11 0.7210123056113301 0.21875 0.0692377107917471 0.1658653846153846
10 0.7228435825417493 0.16466346153846154 0.04209612103999934 0.10576923076923077
10 0.7328768522621699 0.33533653846153844 0.04444402462909025 0.10096153846153846
10 0.5831835917837768 0.08173076923076923 0.04449996719384549 0.10576923076923077
10 0.578891684069442 0.2439903846153846 0.0493076595015378 0.10576923076923077
10 0.7340919189149677 0.4375 0.04927968821916004 0.10336538461538461
10 0.7434119209347595 0.6694711538461539 0.054171294373985344 0.11057692307692307
10 0.5400902798928021 0.7896634615384616 0.05422723693874058 0.11538461538461539
10 0.5619923065906328 0.5600961538461539 0.04936360206629304 0.11057692307692307