6 0.15119378009223905 0.7819475979288121 0.07289855401301325 0.13545452308671294
6 0.2648775948770578 0.0750481589384632 0.05352793310409602 0.11119229128923044
5 0.2944657639725453 0.4088611045757361 0.0634929469148505 0.17140033026489476
2 0.22768870668666585 0.2942456994565049 0.08044573650210679 0.19323074462615336
3 0.18465103254152865 0.5411573989497214 0.0728845688451984 0.1330506769328668
3 0.3937988317388094 0.3343829886647577 0.058475477089936265 0.13528669539244723
1 0.25690466612476237 0.15086721227293864 0.056071630936090106 0.1352587241100696
1 0.48148327568293475 0.3237466522425904 0.04887407764236657 0.13757865641678288
4 0.2593878347670382 0.784294659452589 0.05836359574741797 0.11605592616167772
4 0.3180986556443778 0.3388698532904216 0.04387059298526698 0.1038688676981815
4 0.4240908477434958 0.16935590045538726 0.04391254848871148 0.11108040615971995
4 0.4920830119189637 0.07961641121531776 0.043856607817452334 0.10146502154433537
4 0.4882962368617516 0.2551531230108422 0.04387059298526698 0.10386886769818157
4 0.47014232555272173 0.44047304711601687 0.04628842430692806 0.10630068513440527
4 0.40221309463242033 0.541029844048394 0.04872024079640379 0.1111363487244752
4 0.4594167228063596 0.6629686727586742 0.053583873775355235 0.12080767590461505
8 0.8388879697313473 0.39411214757874646 0.0756520293622294 0.19557864821524426
9 0.6497525064521656 0.3217886624761579 0.058475477089936265 0.13528669539244723
9 0.8433188638631895 0.5358971137321031 0.06809086170532087 0.1353985805219577
12 0.6571824177251322 0.7724538737575565 0.06811883204095046 0.14020627282965
12 0.8021931509329323 0.07841196194245256 0.05118002762150908 0.12077970462223747
7 0.8157709265583635 0.13955619681245265 0.053723725453503096 0.1448461374430766
7 0.8608450453308525 0.6558936224477676 0.06332512490107306 0.1425541764187409
11 0.7260322656557618 0.2103166583631514 0.06827266888691323 0.16664858052195763
10 0.7269195224568521 0.1562161342604241 0.04148073199923575 0.1062447425696501
10 0.7411336232178564 0.32673536913042417 0.043856607817452056 0.10146502154433534
10 0.5858120341672416 0.07491976197182183 0.0438845781530819 0.10627271385202772
10 0.5843521868408941 0.23720734863881485 0.04869227046077421 0.1063286564167829
10 0.7429299159269084 0.42888484502769697 0.04867828529295929 0.10392481026293673
10 0.756298715390267 0.6607161424619628 0.05352793310409582 0.11119229128923044
10 0.556276819934853 0.7832440522328006 0.05355590343972567 0.11599998359692275
10 0.5729700825623861 0.5534669599226609 0.04872024079640379 0.1111363487244752