6 0.14903846153846154 0.8034169118151039 0.07451923076923077 0.13788634052293658
6 0.25721153846153844 0.08592561952209629 0.055288461538461536 0.11122026257160805
5 0.29086538461538464 0.4252595251676905 0.0673076923076923 0.17386011898349615
2 0.22115384615384615 0.30906374259412445 0.08413461538461539 0.20049822565244704
3 0.18028846153846154 0.5585882307937051 0.07451923076923077 0.13788634052293658
3 0.390625 0.3519011026171305 0.0625 0.13774648411104862
1 0.24879807692307693 0.16395272003377465 0.057692307692307696 0.13769054154629337
1 0.4795673076923077 0.3397148862189481 0.05048076923076923 0.14001047385300666
4 0.25841346153846156 0.8070934513171312 0.06009615384615385 0.11608389744405546
4 0.3125 0.35459780517062744 0.04807692307692308 0.1063286564167829
4 0.4182692307692308 0.18275161851831906 0.04807692307692308 0.1111363487244752
4 0.4879807692307692 0.09221663186111582 0.04567307692307692 0.10389683898055915
4 0.4855769230769231 0.2700732759633536 0.04567307692307692 0.10630068513440534
4 0.4675480769230769 0.45736349134552157 0.04807692307692308 0.10873250257062904
4 0.4014423076923077 0.5587577426185989 0.05048076923076923 0.11356816616069884
4 0.46153846153846156 0.684457024678039 0.055288461538461536 0.12323949334083896
8 0.84375 0.412462150883771 0.07932692307692307 0.2004422830876918
9 0.6502403846153846 0.33929700111391203 0.06009615384615385 0.14012235898251715
9 0.8497596153846154 0.5579647713974073 0.07211538461538461 0.1354545230867128
12 0.6622596153846154 0.7961676267565694 0.06971153846153846 0.1450419364197198
12 0.8016826923076923 0.09346303805754742 0.052884615384615384 0.12321152205846121
7 0.8161057692307693 0.15492894267489 0.057692307692307696 0.14730592616167798
7 0.8689903846153846 0.6795827724256589 0.06490384615384616 0.14498599385496455
11 0.7271634615384616 0.22600938984230318 0.07211538461538461 0.16910836924055903
10 0.7271634615384616 0.17192285138076466 0.04326923076923077 0.1086765600058738
10 0.7427884615384616 0.3439796647162191 0.04567307692307692 0.10630068513440527
10 0.5829326923076923 0.08851380520733902 0.04567307692307692 0.1063006851344053
10 0.5829326923076923 0.25317726674580054 0.04807692307692308 0.1111363487244752
10 0.7463942307692307 0.4473870062551702 0.052884615384615384 0.10638459898153813
10 0.7632211538461539 0.6831597283087365 0.055288461538461536 0.11122026257160819
10 0.5600961538461539 0.8069980780247518 0.057692307692307696 0.11845977231552414
10 0.5745192307692307 0.5727909057190174 0.052884615384615384 0.11359613744307659