6 0.14543269230769232 0.7857018718835644 0.07211538461538461 0.13503493964982846
6 0.26322115384615385 0.08085829895264328 0.052884615384615384 0.11088459676884857
5 0.29086538461538464 0.41395182069020575 0.0625 0.17103669128626164
2 0.2247596153846154 0.2993845362676065 0.07932692307692307 0.19276920284558066
3 0.18028846153846154 0.5443181183553405 0.07211538461538461 0.13263109349598232
3 0.390625 0.34241682053913525 0.057692307692307696 0.13495102864293976
1 0.2548076923076923 0.15653050471144533 0.055288461538461536 0.13493704347512497
1 0.47836538461538464 0.33331189454899063 0.04807692307692308 0.13729893412552677
4 0.2536057692307692 0.7887350505890764 0.057692307692307696 0.11572025941217025
4 0.3137019230769231 0.34437314132290786 0.04326923076923077 0.1036171176360509
4 0.421875 0.177935166182266 0.04326923076923077 0.11082865609758943
4 0.49038461538461536 0.08939143577268002 0.04326923076923077 0.10121327148220478
4 0.4855769230769231 0.2648442346678197 0.04326923076923077 0.1036171176360509
4 0.4651442307692308 0.44861959151062464 0.04567307692307692 0.10603494895771184
4 0.39783653846153844 0.5479876221964257 0.04807692307692308 0.11085662643321907
4 0.4543269230769231 0.6721143505631504 0.052884615384615384 0.12049998138423326
8 0.8353365384615384 0.40870599966179566 0.07451923076923077 0.19514507866379724
9 0.6466346153846154 0.3342908562960264 0.057692307692307696 0.13495102864293976
9 0.8389423076923077 0.5517558235673641 0.0673076923076923 0.1350069693141989
12 0.6514423076923077 0.7838380574008869 0.0673076923076923 0.1398146616218912
12 0.8004807692307693 0.09239744549771184 0.05048076923076923 0.12048599621641841
7 0.8137019230769231 0.15497436392069325 0.052884615384615384 0.14453844292269474
7 0.8557692307692307 0.6720460274343752 0.0625 0.1421905374401078
11 0.7235576923076923 0.22295953551225375 0.0673076923076923 0.1662569693141989
10 0.7247596153846154 0.17008191271154577 0.040865384615384616 0.10600697862208228
10 0.7379807692307693 0.3408319080576041 0.04326923076923077 0.10121327148220474
10 0.5841346153846154 0.08633108808668787 0.04326923076923077 0.10602096378989713
10 0.5817307692307693 0.24737479522656539 0.04807692307692308 0.10604893412552677
10 0.7391826923076923 0.443002362179973 0.04807692307692308 0.10364508797168061
10 0.7512019230769231 0.6738415187882777 0.052884615384615384 0.11088459676884864
10 0.5504807692307693 0.7940679880449729 0.052884615384615384 0.11569228907654096
10 0.5685096153846154 0.5634036460343531 0.04807692307692308 0.11085662643321907