6 0.13822115384615385 0.7788461538461539 0.07451923076923077 0.13701923076923078
6 0.2692307692307692 0.06850961538461539 0.055288461538461536 0.11057692307692307
5 0.29086538461538464 0.4050480769230769 0.0673076923076923 0.17307692307692307
2 0.22716346153846154 0.28846153846153844 0.08173076923076923 0.1971153846153846
3 0.17668269230769232 0.5360576923076923 0.07211538461538461 0.1346153846153846
3 0.39302884615384615 0.3329326923076923 0.0625 0.13701923076923078
1 0.25961538461538464 0.14302884615384615 0.057692307692307696 0.13701923076923078
1 0.4831730769230769 0.32572115384615385 0.05048076923076923 0.13942307692307693
4 0.24759615384615385 0.7836538461538461 0.06009615384615385 0.11538461538461539
4 0.3161057692307692 0.33533653846153844 0.04807692307692308 0.10576923076923077
4 0.42788461538461536 0.16826923076923078 0.04567307692307692 0.11057692307692307
4 0.4987980769230769 0.07932692307692307 0.04567307692307692 0.10336538461538461
4 0.49158653846153844 0.25721153846153844 0.04567307692307692 0.10576923076923077
4 0.4675480769230769 0.4423076923076923 0.04807692307692308 0.10817307692307693
4 0.39663461538461536 0.5432692307692307 0.05048076923076923 0.11298076923076923
4 0.453125 0.6670673076923077 0.052884615384615384 0.12259615384615384
8 0.8413461538461539 0.40625 0.07932692307692307 0.19951923076923078
9 0.6526442307692307 0.328125 0.06009615384615385 0.13942307692307693
9 0.8425480769230769 0.5504807692307693 0.07211538461538461 0.1346153846153846
12 0.6490384615384616 0.7824519230769231 0.06971153846153846 0.14182692307692307
12 0.8125 0.08533653846153846 0.052884615384615384 0.12259615384615384
7 0.8245192307692307 0.14903846153846154 0.057692307692307696 0.1466346153846154
7 0.8581730769230769 0.671875 0.06490384615384616 0.14423076923076922
11 0.7319711538461539 0.21754807692307693 0.07211538461538461 0.16826923076923078
10 0.734375 0.16346153846153846 0.04326923076923077 0.10817307692307693
10 0.7439903846153846 0.33653846153846156 0.04567307692307692 0.10336538461538461
10 0.59375 0.07692307692307693 0.04567307692307692 0.10576923076923077
10 0.5889423076923077 0.2403846153846154 0.04807692307692308 0.10817307692307693
10 0.7439903846153846 0.43990384615384615 0.052884615384615384 0.10576923076923077
10 0.7536057692307693 0.6742788461538461 0.055288461538461536 0.11057692307692307
10 0.546875 0.7920673076923077 0.057692307692307696 0.11778846153846154
10 0.5697115384615384 0.5588942307692307 0.052884615384615384 0.11298076923076923