2 0.7784048197048384 0.28699011003282454 0.09022894313126911 0.22167129736299365
6 0.5729047452417712 0.0742489240622905 0.06089330841159734 0.1373688599646007
1 0.513143434068023 0.22294474898928954 0.07303840569116118 0.15907340118829008
4 0.6903917243170651 0.33335465140758447 0.058377580915232624 0.11812410556601668
4 0.6158926699444073 0.5360531037892332 0.06322722872636942 0.12536361436318472
4 0.5526584486341304 0.6618914125029716 0.06326918422981392 0.13257515282472318
4 0.41968712259213375 0.17191855821374322 0.06080939740470848 0.12294578304152377
3 0.35204997748564437 0.4347551199449902 0.07784609799885349 0.1591013715239196
3 0.24507802228434108 0.6408705417919083 0.080291899656144 0.16632689515327298
9 0.2369994034182852 0.7898670478269255 0.0826537903065458 0.15912934185954916
12 0.19183918918589662 0.08164765957902988 0.06807687653750609 0.13260312316035278
11 0.3453636841723101 0.13783117185763838 0.07077441121546303 0.1830978775589368
8 0.1617133924846889 0.30143176064217536 0.09256286344604113 0.20966605176157765
7 0.4434660571708721 0.4232673255527217 0.06824469855128366 0.1614492770065066
10 0.3503034342190936 0.32176036554640614 0.05595974959357182 0.11570627424435574
10 0.27192050996966927 0.15903923962390246 0.06075345673344927 0.11333039842613915
10 0.2612981932716193 0.3320602220295664 0.06321324355855464 0.12295976820933856
10 0.3573253715599829 0.5609920059414504 0.07285659850956883 0.12782340118829