2 0.7763189631175506 0.30827161343824694 0.09148769438866985 0.2197849374479715
6 0.5767001487293701 0.09083373751405235 0.061662545659299864 0.1353146666748248
1 0.5170803487489496 0.2343512390441926 0.07393351796992907 0.15708913847132824
4 0.6890960472261517 0.35172181547761805 0.05665905437496422 0.11843180103314652
4 0.6132786780223043 0.5491300564926536 0.06152268924741177 0.12329543590559393
4 0.5485854585516042 0.6697550769965002 0.061606603094544625 0.13050697436713238
4 0.42633473540860034 0.18161962364734 0.061494717965034286 0.12089158975174791
3 0.3536065087768504 0.43795006671398384 0.07633736412377523 0.1571171097537058
3 0.24535120213726874 0.6361826184938446 0.0812289702786004 0.1643845907799995
9 0.2362401426699951 0.7826913631077608 0.08114505643146754 0.15717305231846104
12 0.20287410052391558 0.08408035695048824 0.0688181415560831 0.13059088821426532
11 0.35261184412181734 0.14591073030405374 0.07180938463985899 0.18109962872741217
8 0.16930585234783033 0.2976030954071318 0.09134783797678189 0.20776570667874067
7 0.44363885441657075 0.4293836051877595 0.06674995079076823 0.15940907077804162
10 0.35591161337706095 0.32621317748370404 0.056631083092586736 0.11602795487930037
10 0.28070624412426476 0.16310043798657167 0.058978986681677656 0.11124823385398568
10 0.2658652820961518 0.33357771593300534 0.06152268924741177 0.12329543590559407
10 0.35746486161433216 0.5629780379963615 0.07119401642755162 0.12821501334279672