2 0.771939773294827 0.2926745847206245 0.08911181951720146 0.22216081231944
6 0.5701162799906997 0.07515279494929714 0.061662545659299864 0.1353146666748248
1 0.5070979692013999 0.22227606571020658 0.07155764309846055 0.15946501334279678
4 0.6824660112373448 0.33731272419572994 0.056687025657341704 0.12083564718699268
4 0.6043672983890942 0.5407585518777585 0.061550660529789525 0.12569928205944023
4 0.5380089455516125 0.6650033272535629 0.061606603094544764 0.13050697436713238
4 0.41394935177251857 0.16950249338978762 0.05911884309356562 0.12326746462321644
3 0.33997303481370894 0.431898494405802 0.0739614892523067 0.15949298462517433
3 0.22820649017042355 0.6361546472114671 0.07885309540713187 0.16676046565146818
9 0.21684290040643847 0.7862831466973413 0.078769181559999 0.15954892718992944
12 0.18787677024678368 0.07310920720510371 0.06887408412083833 0.13539858052195763
11 0.34103762767468615 0.13379360004650134 0.06943350976839045 0.1834755035988807
8 0.15286547483230953 0.2926835179699291 0.08894399182293575 0.20773773539636314
7 0.4326469825074851 0.4221580810850322 0.06440204720167732 0.1641887918033563
10 0.3424896081623796 0.3189317108162216 0.05422723693874058 0.11599998359692275
10 0.26748256408216875 0.15337316824167663 0.05900695796405527 0.1136520800078318
10 0.25103156918671526 0.3274841867012572 0.061550660529789386 0.12569928205944023
10 0.342096326078465 0.5593442974832146 0.07122198770992924 0.13061885949664287