2 0.23367035173565162 0.2907177389981798 0.09022894313126897 0.22167129736299365
6 0.43917741878262617 0.07917847610456887 0.06087932324378242 0.13496501381075454
1 0.49773680687945127 0.2278812936154753 0.07303840569116118 0.15907340118829008
4 0.3216834471234247 0.33708228037293975 0.058377580915232756 0.11812410556601668
4 0.3937786553422366 0.5397947179224032 0.06322722872636942 0.12536361436318472
4 0.4582078071455291 0.6644241109753112 0.063255199061999 0.130171306670877
4 0.5911931183553405 0.17685510283992897 0.06080939740470835 0.12294578304152377
3 0.6588232708779226 0.43848974149425285 0.07542826667719255 0.15668354020225878
3 0.7645933030023027 0.6446121559250784 0.08029189965614428 0.16632689515327298
9 0.7726649292844511 0.7924067388831725 0.08024994415269979 0.15911535669173452
12 0.817846121268562 0.08779311986604611 0.06807687653750623 0.13260312316035278
11 0.6643146336982411 0.14277470906773157 0.07077441121546303 0.1830978775589368
8 0.847957932801955 0.30517337477534545 0.09014503212438012 0.20724822043991672
7 0.5674071911926947 0.42700194710198436 0.06824469855128366 0.1614492770065066
10 0.6581659679906272 0.3255089722634836 0.05595974959357182 0.1157062742443556
10 0.737757807900882 0.16398277683399565 0.06075345673344948 0.11333039842613915
10 0.7483801245989318 0.33700375923965953 0.06321324355855477 0.12295976820933856
10 0.6523459537266608 0.5647336200746204 0.07285659850956869 0.12782340118829