2 0.22659626088681287 0.30275794751913276 0.09021495796345419 0.21926745120914742
6 0.4249703106055292 0.08526500991216562 0.06087932324378242 0.13496501381075454
1 0.48542228487581085 0.23034108044058066 0.0730244205233464 0.15666955503444394
4 0.31408491248153114 0.3455167196631235 0.055973734761386604 0.11811012039820189
4 0.39105613613681045 0.5433795094014503 0.06080939740470835 0.12294578304152377
4 0.45645565439293245 0.6643891480557742 0.06085135290815284 0.13015732150306208
4 0.5770761124138902 0.17692502867900298 0.0607954122368937 0.12054193688767761
3 0.6500989302269378 0.4337030269382828 0.07542826667719255 0.15668354020225878
3 0.7595150843752326 0.6325789399880328 0.08027791448832908 0.1639230489994268
9 0.7694792968308378 0.7791506221174818 0.08023595898488486 0.15671151053788834
12 0.7987823726964209 0.08068647016311863 0.0680628913696913 0.1301992770065066
11 0.6493942819625894 0.14164970441378985 0.07076042604764811 0.1806940314050906
8 0.833588392484689 0.2956209234151274 0.09014503212438012 0.20724822043991672
7 0.5600106401289662 0.42461208611595297 0.06582686722962272 0.15903144568484565
10 0.6471434712995566 0.3219451585361588 0.05595974959357182 0.11570627424435574
10 0.7214047778193631 0.1592589955331921 0.0583356254117884 0.11091256710447822
10 0.7372387539814356 0.3298341762815654 0.06080939740470862 0.12294578304152377
10 0.6481697784236453 0.5587100195221901 0.0704527523557228 0.12780941602047521