2 0.23251038416217293 0.30196408926209645 0.08539328048794709 0.21732514872937006
6 0.4319938506567173 0.09155930672524205 0.058475477089936265 0.13528669539244723
1 0.49294309973957373 0.23889320416929763 0.06821672821565408 0.15703319590657308
4 0.3205094943821313 0.347456194915033 0.05355590343972567 0.11599998359692275
4 0.39618949407999016 0.5478425354379696 0.05840555125086233 0.12326746462321644
4 0.46060466071546785 0.67117992826713 0.05844750675430669 0.1304790030847549
4 0.5839885724777094 0.1882734205919544 0.05839156608304755 0.1208636184693703
3 0.6552035164793384 0.44749804931936654 0.07301043535553148 0.15468529231748201
3 0.7633494244219354 0.650665848308247 0.07787406833448293 0.16435661949762176
9 0.7738179042740223 0.797412348822373 0.07781812766322378 0.15474123488223712
12 0.8070148284084394 0.09952859600691805 0.06565904521584515 0.1305629169318877
11 0.6559081647436869 0.15545871290943644 0.0683425947259873 0.1786678112911884
8 0.8395234935117711 0.3162383765239808 0.08772720080271931 0.20533388924251697
7 0.5649963524549412 0.4356318185378986 0.06342302107577656 0.15938109949566398
10 0.6545532061759505 0.3357192031655204 0.05355590343972567 0.11599998359692275
10 0.7281354307015899 0.1755286206115339 0.0583356254117884 0.11124823385398568
10 0.7423495314625943 0.34635553958768767 0.05839156608304755 0.1208636184693703
10 0.6523249759749388 0.5724560923958001 0.06803492103406174 0.12578319590657294