2 0.2277306621901102 0.30277193268694763 0.09022894313126897 0.22167129736299365
6 0.42478231219517887 0.08407007941914996 0.06087932324378242 0.1349650138107545
1 0.48813540743188144 0.23034108044058066 0.07303840569116118 0.15907340118829008
4 0.3169247029030843 0.3455237122470309 0.058377580915232756 0.11812410556601668
4 0.3962104718317124 0.5445884250622808 0.06080939740470835 0.12294578304152377
4 0.4630294846210362 0.6667999867935277 0.063255199061999 0.130171306670877
4 0.5779719645091868 0.17693202126291038 0.0607954122368937 0.12054193688767761
3 0.655196523895431 0.43490495001520585 0.07542826667719255 0.15668354020225878
3 0.7669412084848897 0.634982786141879 0.080291899656144 0.16632689515327298
9 0.7798135344908231 0.7815474756874204 0.08023595898488486 0.15671151053788834
12 0.8009702501042871 0.07947755450228816 0.06807687653750623 0.13260312316035275
11 0.6510794946842723 0.14044778133686678 0.07076042604764811 0.1806940314050906
8 0.838286607515311 0.29561393083122006 0.09014503212438012 0.20724822043991672
7 0.563794429378018 0.4258210017767835 0.0658408523974375 0.16143529183869193
10 0.6521423674381969 0.32314008902917446 0.05595974959357182 0.11570627424435574
10 0.7233067606421754 0.1592589955331921 0.0583356254117884 0.11091256710447822
10 0.7423285537108721 0.32982718369765807 0.06321324355855477 0.12295976820933856
10 0.6535199064679543 0.5599189351830206 0.07045275235572254 0.12780941602047535