2 0.23514957410342238 0.2800480769230769 0.08782509697742281 0.22115384615384615
6 0.43951226145503186 0.0673076923076923 0.06328316939762857 0.1346153846153846
1 0.5011591662183292 0.21394230769230768 0.07063455953731503 0.15865384615384615
4 0.3238191710233415 0.3269230769230769 0.05598771992920139 0.1201923076923077
4 0.3983585781891451 0.5300480769230769 0.060823382572523274 0.125
4 0.4637371186935449 0.6550480769230769 0.06085135290815284 0.12980769230769232
4 0.5952168399102548 0.16105769230769232 0.05840555125086219 0.12259615384615384
3 0.664598925572996 0.42427884615384615 0.07303840569116132 0.15865384615384615
3 0.7727712011409237 0.6310096153846154 0.07788805350229812 0.1658653846153846
9 0.7815195053517907 0.7800480769230769 0.07784609799885363 0.15865384615384615
12 0.8229257229934934 0.0673076923076923 0.06809086170532087 0.1346153846153846
11 0.6687369325358771 0.12620192307692307 0.0683705650616166 0.18269230769230768
8 0.8552929337083783 0.28846153846153844 0.08774118597053396 0.20673076923076922
7 0.5721137819050858 0.41346153846153844 0.06345099141140614 0.16346153846153846
10 0.6640543053833684 0.3112980769230769 0.05355590343972567 0.11538461538461539
10 0.7419353663017589 0.1466346153846154 0.05834961057960332 0.11298076923076923
10 0.7553445185582631 0.32091346153846156 0.060823382572523274 0.125
10 0.6602519424480426 0.5516826923076923 0.07046673752353746 0.12980769230769232