2 0.23148786420139397 0.2910200228164968 0.09021495796345419 0.2192674512091475
6 0.4370314968782043 0.0830741466961391 0.06087932324378242 0.13496501381075454
1 0.49386371674990204 0.23124632918523272 0.0730244205233464 0.15666955503444394
4 0.31776060755137436 0.3371965657809064 0.055973734761386604 0.11811012039820189
4 0.38750630757730037 0.5383302820775968 0.06080939740470848 0.12294578304152377
4 0.44928607143483834 0.6624919733638583 0.06085135290815284 0.13015732150306208
4 0.5867054821970896 0.18130398891533311 0.0607954122368937 0.12054193688767761
3 0.6500989302269378 0.4412969730617172 0.07542826667719255 0.15668354020225878
3 0.7522755755780646 0.6462252583546765 0.08027791448832908 0.1639230489994268
9 0.7586340188029006 0.7929018292427364 0.08023595898488486 0.15671151053788834
12 0.8107736331300222 0.09486422490672458 0.0680628913696913 0.13019927700650663
11 0.6590096665779741 0.14927162087285395 0.07076042604764811 0.18069403140509063
8 0.8383541292889368 0.3125801238435791 0.09014503212438012 0.20724822043991672
7 0.560024625296781 0.42875329849943167 0.06582686722962272 0.15903144568484565
10 0.6519441710233416 0.33072704256870156 0.05595974959357182 0.11570627424435574
10 0.731006177266933 0.17012386821499012 0.0583356254117884 0.11091256710447822
10 0.7396216223835594 0.34205480888624934 0.06080939740470862 0.12294578304152377
10 0.643362086115953 0.5662620101421802 0.0704527523557228 0.12780941602047521