2 0.7752403846153846 0.296875 0.0889423076923077 0.22115384615384615
6 0.578125 0.08052884615384616 0.06009615384615385 0.1346153846153846
1 0.5144230769230769 0.22596153846153846 0.07211538461538461 0.15865384615384615
4 0.6862980769230769 0.34134615384615385 0.057692307692307696 0.11778846153846154
4 0.6081730769230769 0.5408653846153846 0.06009615384615385 0.12259615384615384
4 0.5420673076923077 0.6622596153846154 0.0625 0.12980769230769232
4 0.42427884615384615 0.17307692307692307 0.06009615384615385 0.1201923076923077
3 0.34975961538461536 0.4326923076923077 0.07451923076923077 0.15625
3 0.23798076923076922 0.6322115384615384 0.07932692307692307 0.1658653846153846
9 0.22596153846153846 0.7800480769230769 0.07932692307692307 0.15625
12 0.20072115384615385 0.078125 0.0673076923076923 0.13221153846153846
11 0.35096153846153844 0.13822115384615385 0.06971153846153846 0.18028846153846154
8 0.16466346153846154 0.2932692307692308 0.0889423076923077 0.20673076923076922
7 0.43990384615384615 0.421875 0.06490384615384616 0.16105769230769232
10 0.35216346153846156 0.31971153846153844 0.055288461538461536 0.11538461538461539
10 0.27884615384615385 0.15625 0.057692307692307696 0.11057692307692307
10 0.2620192307692308 0.328125 0.0625 0.12259615384615384
10 0.35096153846153844 0.5576923076923077 0.06971153846153846 0.12740384615384615