3 0.5957420850584592 0.13581730769230768 0.05844750675430669 0.12980769230769232
3 0.44100947576636457 0.39663461538461536 0.05853141776119541 0.14423076923076922
1 0.7127987293520921 0.6298076923076923 0.06570100071928965 0.13701923076923078
1 0.7669535909424057 0.2283653846153846 0.05850344742556583 0.13942307692307693
2 0.7978827334378148 0.3798076923076923 0.08051566234118085 0.20432692307692307
6 0.8421177421414158 0.7524038461538461 0.08019400348144064 0.14903846153846154
6 0.5941206069470921 0.06370192307692307 0.05356988860754045 0.11778846153846154
5 0.6038976223474963 0.2980769230769231 0.06108910076100448 0.17067307692307693
4 0.6703312416667638 0.14783653846153846 0.04623248363566891 0.09615384615384616
4 0.6816729931521264 0.23798076923076922 0.04867828529295956 0.10336538461538461
4 0.7121554116326114 0.5192307692307693 0.05587583858668283 0.10096153846153846
4 0.7043215332033145 0.41225961538461536 0.04867828529295956 0.10336538461538461
4 0.6178607914429838 0.6322115384615384 0.05595974959357182 0.11538461538461539
4 0.6438284047847378 0.7572115384615384 0.05355590343972567 0.11538461538461539
4 0.5232211305764454 0.06610576923076923 0.04624646880348356 0.0985576923076923
4 0.517415101480294 0.3076923076923077 0.046260453971298486 0.10096153846153846
7 0.3633024280905096 0.055288461538461536 0.0583356254117884 0.11057692307692307
8 0.166796199630218 0.36658653846153844 0.07809783101951985 0.20192307692307693
7 0.14948059703492647 0.4891826923076923 0.06570100071928958 0.13701923076923078
11 0.18310567149799362 0.2776442307692308 0.07556811835534048 0.18028846153846154
12 0.24596389598756976 0.7524038461538461 0.0729544946842724 0.14423076923076922
12 0.20825435116743263 0.055288461538461536 0.06554716387332679 0.11057692307692307
9 0.1561475153068373 0.6021634615384616 0.0753863111737482 0.14903846153846154
9 0.3629326224985669 0.19831730769230768 0.056071630936090106 0.1346153846153846
10 0.43687926274254035 0.30649038461538464 0.051096116614620365 0.10576923076923077
10 0.4299046707787041 0.140625 0.05111010178243502 0.10817307692307693
10 0.2839685124296791 0.054086538461538464 0.04870625562858893 0.10817307692307693
10 0.28013278928511515 0.22115384615384615 0.048692270460774144 0.10576923076923077
10 0.2692253793571607 0.41225961538461536 0.05347199243283681 0.10096153846153846
10 0.26022534212562715 0.5180288461538461 0.05586185341886818 0.0985576923076923
10 0.25601201945006363 0.6201923076923077 0.05591779409012732 0.10817307692307693
10 0.4418284094386795 0.7439903846153846 0.05591779409012732 0.10817307692307693