3 0.4026442307692308 0.11766595902901847 0.057692307692307696 0.13288284923860103
3 0.5504807692307693 0.3874150390490874 0.057692307692307696 0.14490208000783183
1 0.2692307692307692 0.6077000913185997 0.06490384615384616 0.14017830154727223
1 0.22716346153846154 0.20096059387699158 0.057692307692307696 0.14009438770013952
2 0.19110576923076922 0.3531852554105583 0.07932692307692307 0.20524997539538412
6 0.13701923076923078 0.7251520554032159 0.07932692307692307 0.15236536001076872
6 0.4074519230769231 0.056423824670696746 0.06009615384615385 0.10406466667482481
5 0.3894230769230769 0.27977173236055697 0.0625 0.1714003302648947
4 0.32572115384615385 0.12518433953139657 0.04567307692307692 0.09668530051902072
4 0.3125 0.2151747282475505 0.04807692307692308 0.10392481026293673
4 0.27403846153846156 0.4971791108064319 0.057692307692307696 0.10163284923860107
4 0.2860576923076923 0.38914589029524294 0.04807692307692308 0.10392481026293673
4 0.3641826923076923 0.6136126492802075 0.055288461538461536 0.11602795487930023
4 0.33533653846153844 0.7406808400455224 0.052884615384615384 0.1184038297507689
4 0.47716346153846156 0.05362922262887814 0.04567307692307692 0.0966853005190207
4 0.47475961538461536 0.29398586673111593 0.04567307692307692 0.10149299282671304
7 0.6370192307692307 0.05428738983006595 0.055288461538461536 0.08958564718699266
8 0.8257211538461539 0.36898313549670814 0.07692307692307693 0.2052220041130065
7 0.8389423076923077 0.49293505447286184 0.06490384615384616 0.1377744553934261
11 0.8112980769230769 0.2786710770332117 0.07692307692307693 0.18118354257454497
12 0.734375 0.7525356113817436 0.07211538461538461 0.14506990770209754
12 0.7944711538461539 0.059725278056568465 0.06009615384615385 0.09204543590559403
9 0.8293269230769231 0.6058039385741207 0.07451923076923077 0.14990557129216733
9 0.6346153846153846 0.19007672623999602 0.055288461538461536 0.1352587241100696
10 0.5564903846153846 0.29613881340887765 0.05048076923076923 0.10635662769916052
10 0.5673076923076923 0.1291973764872692 0.05048076923076923 0.10876047385300666
10 0.7163461538461539 0.05761428830237315 0.04807692307692308 0.09190557949370598
10 0.7151442307692307 0.21745607189195357 0.04807692307692308 0.1063286564167829
10 0.7211538461538461 0.40863176932866685 0.052884615384615384 0.10157690667384582
10 0.7283653846153846 0.5168887600988765 0.055288461538461536 0.10160487795622344
10 0.7271634615384616 0.6202401590730724 0.055288461538461536 0.10881641641776205
10 0.5384615384615384 0.7358328749448918 0.055288461538461536 0.10881641641776205