3 0.5997596153846154 0.10960770350832541 0.055288461538461536 0.1304510318023773
3 0.44711538461538464 0.37460503378545734 0.055288461538461536 0.1448741087254542
1 0.7223557692307693 0.5997677065686059 0.0625 0.13774648411104848
1 0.7716346153846154 0.1965500645106342 0.055288461538461536 0.1400664164177619
2 0.8040865384615384 0.3476147598908442 0.07692307692307693 0.20281815795916033
6 0.8533653846153846 0.7184355793713342 0.07692307692307693 0.14993354257454483
6 0.5985576923076923 0.04955603278168011 0.052884615384615384 0.09911206556336022
5 0.609375 0.27175543376343037 0.057692307692307696 0.17134438770013952
4 0.6742788461538461 0.1195579014469273 0.04326923076923077 0.09665732923664307
4 0.6862980769230769 0.20836035272734696 0.04807692307692308 0.10392481026293673
4 0.7199519230769231 0.4892187547740604 0.052884615384615384 0.10157690667384582
4 0.7103365384615384 0.382359486057417 0.04807692307692308 0.10392481026293673
4 0.6274038461538461 0.6044783414532907 0.052884615384615384 0.11599998359692275
4 0.6550480769230769 0.7291566717059481 0.052884615384615384 0.11599998359692275
4 0.5264423076923077 0.04574089996573584 0.04326923076923077 0.09148179993147168
4 0.5228365384615384 0.28357970762133194 0.04326923076923077 0.10146502154433541
7 0.36658653846153844 0.0436941086948612 0.052884615384615384 0.0873882173897224
8 0.17307692307692307 0.35255337536111997 0.07451923076923077 0.20279018667678272
7 0.15745192307692307 0.4753313425427282 0.0625 0.13534263795720244
11 0.18870192307692307 0.2634292543333578 0.07211538461538461 0.17872375385594358
12 0.25721153846153844 0.7361897650932883 0.0673076923076923 0.14501396513734205
12 0.21033653846153846 0.04581908409024533 0.057692307692307696 0.09163816818049066
9 0.1658653846153846 0.5882142122851758 0.07211538461538461 0.1474737538559437
9 0.36778846153846156 0.17841270148853375 0.052884615384615384 0.13523075282769198
10 0.4423076923076923 0.2845167455809818 0.04807692307692308 0.1063286564167829
10 0.4338942307692308 0.1187492604539188 0.04807692307692308 0.10632865641678292
10 0.28725961538461536 0.0453365794692316 0.04567307692307692 0.0906731589384632
10 0.2848557692307692 0.20341617226902275 0.04567307692307692 0.10630068513440527
10 0.2764423076923077 0.39461984098811365 0.052884615384615384 0.10157690667384582
10 0.26802884615384615 0.5016888943225891 0.052884615384615384 0.09917306051999966
10 0.265625 0.6038803271434282 0.052884615384615384 0.10638459898153813
10 0.453125 0.7218908748102826 0.052884615384615384 0.10638459898153813