3 0.4029667425818873 0.1333451384096864 0.05679891078685232 0.13012935116743263
3 0.5586878144126549 0.3986562734890029 0.0569667384811179 0.14455242809050958
1 0.2860907159819541 0.6242184333126702 0.06409436309552365 0.13738284513241547
1 0.23212668002985873 0.22128750660323615 0.0569107959163628 0.13974473578281726
2 0.20145093338391376 0.37374293760696714 0.07927266464279595 0.20237060229315035
6 0.15647966471621913 0.7436485493590715 0.07865729643048859 0.14948598690853496
6 0.40573337334132825 0.06125073154602398 0.051851362067271915 0.11808215006257226
5 0.3952534051681799 0.29675073619996567 0.059678268741117736 0.17100872095063208
4 0.3285733825833558 0.1437289058997354 0.04438808206433501 0.0964055791745125
4 0.3175890892620965 0.23260128775296912 0.04927968821916018 0.10364508797168054
4 0.2872078831464304 0.5136554954035619 0.05405940924447487 0.10126921215346403
4 0.2955785456960115 0.40674028222866726 0.04927968821916018 0.10364508797168061
4 0.38108459598244365 0.6283766166721239 0.05422723693874058 0.11569228907654096
4 0.3549088575380373 0.7544177103191768 0.05422723693874058 0.11569228907654096
4 0.4766887918033563 0.06526906322732971 0.04441605334671277 0.09880942532835865
4 0.4819037518361519 0.306869586856683 0.04444402462909025 0.10121327148220481
7 0.6352307528276919 0.05657669968772166 0.054115351809230106 0.10607690446115628
8 0.8324185918449627 0.37380827492758206 0.07686881848894973 0.2023566171253357
7 0.8494701272462207 0.496495332364532 0.06406639181314588 0.13497899897856933
11 0.8157586543969912 0.28477506364447813 0.07418525951132765 0.1783041704190593
12 0.7527593816407645 0.7579341786694488 0.06898596925034867 0.1446223539295835
12 0.7914947384688809 0.05868765867260651 0.05895101539930017 0.10850872095063203
9 0.8423713159795068 0.6094271535079495 0.07382163284041873 0.14705417041905924
9 0.6357071066934252 0.20080047633458348 0.05445100719776154 0.1349230583073101
10 0.5624465836311869 0.3085400130554017 0.0493076595015378 0.10604893412552677
10 0.5689160410444047 0.14152165345044582 0.0493076595015378 0.1060489341255267
10 0.714571661545804 0.05824013330253302 0.046931784630069404 0.10843879511155805
10 0.7189195118248938 0.2253214261626555 0.04690381334769164 0.10603494895771184
10 0.729556690312375 0.4164761434807765 0.05405940924447487 0.10126921215346403
10 0.7392288595578289 0.5246981684912052 0.05403143796209738 0.09886536599961787
10 0.7428074995715346 0.6256736921205585 0.054115351809230106 0.10607690446115633
10 0.556706063690415 0.7447751567233121 0.054115351809230106 0.10607690446115633