3 0.5853365384615384 0.13541677648971662 0.057692307692307696 0.1304790030847549
3 0.4375 0.3993215426234938 0.057692307692307696 0.14490208000783183
1 0.7151442307692307 0.6249079949688767 0.06490384615384616 0.1377744553934261
1 0.7572115384615384 0.222753261641254 0.057692307692307696 0.14009438770013952
2 0.7920673076923077 0.374601152928037 0.07932692307692307 0.20524997539538412
6 0.8473557692307693 0.7430329539611835 0.07932692307692307 0.14996151385692258
6 0.5805288461538461 0.06564929546342295 0.055288461538461536 0.1184318010331465
5 0.5973557692307693 0.29781624828622005 0.06009615384615385 0.17137235898251715
4 0.6598557692307693 0.14589927085880705 0.04567307692307692 0.09668530051902069
4 0.6730769230769231 0.2337934975272685 0.04807692307692308 0.10392481026293673
4 0.7103365384615384 0.5142751293271984 0.055288461538461536 0.1016048779562233
4 0.7007211538461539 0.4071920903515341 0.04807692307692308 0.10392481026293673
4 0.6213942307692307 0.6274228841869192 0.055288461538461536 0.1160279548793005
4 0.6514423076923077 0.7539744482935623 0.052884615384615384 0.11599998359692275
4 0.5108173076923077 0.06724197442831849 0.04567307692307692 0.09908914667286685
4 0.5120192307692307 0.3088424985310458 0.04567307692307692 0.1014929928267131
7 0.35216346153846156 0.05938625440678102 0.055288461538461536 0.10641257026391575
8 0.16466346153846154 0.37451218668902 0.07692307692307693 0.20281815795916033
7 0.15144230769230768 0.49695449848209694 0.0625 0.13774648411104862
11 0.1778846153846154 0.2869256441267122 0.07451923076923077 0.1787517251383212
12 0.2548076923076923 0.7577726482397187 0.06971153846153846 0.14263809026587365
12 0.1971153846153846 0.06118787592419458 0.06009615384615385 0.10887235898251711
9 0.16105769230769232 0.6088452297654535 0.07451923076923077 0.1475017251383212
9 0.3557692307692308 0.2024570574841936 0.052884615384615384 0.13282690667384583
10 0.43149038461538464 0.309107383648319 0.05048076923076923 0.10635662769916052
10 0.4206730769230769 0.14311612826223513 0.05048076923076923 0.10876047385300666
10 0.27403846153846156 0.06088103388335493 0.04567307692307692 0.10870453128825147
10 0.27403846153846156 0.22674641849873953 0.04567307692307692 0.10389683898055911
10 0.26802884615384615 0.4165803364466417 0.052884615384615384 0.10157690667384582
10 0.2608173076923077 0.5234675764456627 0.055288461538461536 0.09920103180237728
10 0.2620192307692308 0.625645023625313 0.055288461538461536 0.10881641641776205
10 0.4495192307692308 0.7444133221123048 0.055288461538461536 0.10881641641776205