3 0.40384615384615385 0.13330494467020726 0.057692307692307696 0.1304790030847549
3 0.5588942307692307 0.3971283231527937 0.057692307692307696 0.14490208000783183
1 0.28846153846153844 0.6259527077314667 0.06490384615384616 0.1377744553934261
1 0.23317307692307693 0.22386706054447408 0.057692307692307696 0.14009438770013952
2 0.20192307692307693 0.376147664642796 0.07932692307692307 0.20524997539538412
6 0.16105769230769232 0.7470663836116074 0.07932692307692307 0.14996151385692258
6 0.4050480769230769 0.06360739184985761 0.052884615384615384 0.11599998359692275
5 0.39663461538461536 0.2966825692846129 0.06009615384615385 0.17137235898251715
4 0.328125 0.14564500312146647 0.04567307692307692 0.09668530051902069
4 0.3173076923076923 0.23446144004307493 0.04807692307692308 0.10392481026293673
4 0.28846153846153844 0.5153757846545436 0.055288461538461536 0.10160487795622344
4 0.296875 0.4085025302967114 0.04807692307692308 0.10392481026293673
4 0.38341346153846156 0.6294614195392284 0.055288461538461536 0.1160279548793005
4 0.3581730769230769 0.7553696441511867 0.052884615384615384 0.11599998359692275
4 0.47596153846153844 0.06443254467999703 0.04567307692307692 0.09908914667286685
4 0.48197115384615385 0.3060890113474795 0.04567307692307692 0.10149299282671297
7 0.6346153846153846 0.05906711085538065 0.057692307692307696 0.10403669539244718
8 0.8329326923076923 0.36906704934384094 0.07692307692307693 0.20281815795916033
7 0.8521634615384616 0.4930888965259387 0.06490384615384616 0.1377744553934261
11 0.8173076923076923 0.27994292831607887 0.07451923076923077 0.18115557129216733
12 0.7560096153846154 0.7539892760000652 0.07211538461538461 0.14506990770209754
12 0.7908653846153846 0.06088524420992513 0.0625 0.10409263795720242
9 0.8449519230769231 0.6047838288326521 0.07451923076923077 0.14990557129216733
9 0.6370192307692307 0.19851815906083517 0.055288461538461536 0.1352587241100696
10 0.5625 0.3070260493071294 0.05048076923076923 0.10635662769916052
10 0.5685096153846154 0.1400286698207657 0.05048076923076923 0.10876047385300666
10 0.7127403846153846 0.05997617753265289 0.05048076923076923 0.10395278154531437
10 0.71875 0.22350764420013539 0.04807692307692308 0.1063286564167829
10 0.7307692307692307 0.4135513467658696 0.052884615384615384 0.10157690667384582
10 0.7415865384615384 0.5206483713827226 0.055288461538461536 0.09920103180237728
10 0.7451923076923077 0.6228537898447506 0.055288461538461536 0.10881641641776177
10 0.5588942307692307 0.7432821693066398 0.055288461538461536 0.10881641641776205