3 0.41225961538461536 0.12018169031237505 0.057692307692307696 0.13288284923860105
3 0.5685096153846154 0.3852209775130734 0.057692307692307696 0.14490208000783183
1 0.2980769230769231 0.6152472851686694 0.06490384615384616 0.14017830154727223
1 0.24158653846153846 0.21074380618664185 0.057692307692307696 0.14009438770013952
2 0.21033653846153846 0.3642263333618868 0.07932692307692307 0.20524997539538412
6 0.16826923076923078 0.7375349128433556 0.07932692307692307 0.15236536001076872
6 0.41466346153846156 0.05770966159475266 0.057692307692307696 0.1040366953924472
5 0.4050480769230769 0.28355931492678066 0.0625 0.1714003302648947
4 0.33774038461538464 0.13133381132789998 0.04567307692307692 0.09668530051902072
4 0.3269230769230769 0.2213521713264315 0.04807692307692308 0.10392481026293673
4 0.2980769230769231 0.5046703620917464 0.057692307692307696 0.10163284923860107
4 0.30408653846153844 0.3965672133746135 0.04807692307692308 0.10392481026293673
4 0.39302884615384615 0.6187559969764311 0.055288461538461536 0.11602795487930023
4 0.36658653846153844 0.7458521590241236 0.052884615384615384 0.1184038297507689
4 0.484375 0.053713136476010954 0.04567307692307692 0.09668530051902069
4 0.49158653846153844 0.29418166570775917 0.04567307692307692 0.10149299282671297
7 0.6442307692307693 0.05196745752335263 0.057692307692307696 0.08961361846937027
8 0.8449519230769231 0.3571876749864983 0.07692307692307693 0.2052220041130065
7 0.8629807692307693 0.48119553652740726 0.06490384615384616 0.1377744553934261
11 0.828125 0.2680495683175473 0.07692307692307693 0.18118354257454497
12 0.7668269230769231 0.7444997621553798 0.07211538461538461 0.14506990770209754
12 0.8028846153846154 0.053813562160274706 0.0625 0.08966956103412548
9 0.8557692307692307 0.5940923919110437 0.07451923076923077 0.14990557129216733
9 0.6466346153846154 0.18540889034419178 0.055288461538461536 0.1352587241100696
10 0.5733173076923077 0.29393076623167474 0.05048076923076923 0.10635662769916052
10 0.578125 0.12691940110412225 0.05048076923076923 0.10876047385300666
10 0.7247596153846154 0.05290449548300247 0.05048076923076923 0.08952970462223743
10 0.7295673076923077 0.21041236112468076 0.04807692307692308 0.1063286564167829
10 0.7403846153846154 0.4004420780492261 0.052884615384615384 0.10157690667384582
10 0.7524038461538461 0.5087550113841911 0.055288461538461536 0.10160487795622344
10 0.7560096153846154 0.6121623529231421 0.055288461538461536 0.10881641641776205
10 0.5697115384615384 0.7337926554619545 0.055288461538461536 0.10881641641776205