3 0.5892228625813978 0.12740384615384615 0.0543950646330063 0.12980769230769232
3 0.4420173621039836 0.38822115384615385 0.05693876719874042 0.14182692307692307
1 0.7162812780320942 0.6141826923076923 0.06406639181314616 0.1346153846153846
1 0.7609168913112574 0.21514423076923078 0.05688282463398518 0.13701923076923078
2 0.7951310051779698 0.36658653846153844 0.07927266464279589 0.20192307692307693
6 0.847473548817478 0.7331730769230769 0.07622547899426461 0.1466346153846154
6 0.586007849238601 0.057692307692307696 0.05182339078489443 0.11538461538461539
5 0.6007123231160821 0.28846153846153844 0.05965029745874025 0.16826923076923078
4 0.6638679641213278 0.13822115384615385 0.04438808206433501 0.09615384615384616
4 0.6769081466973413 0.22596153846153846 0.04684787078293668 0.10096153846153846
4 0.7126047385300668 0.5048076923076923 0.05405940924447487 0.10096153846153846
4 0.7029605405669905 0.39903846153846156 0.049251716936782555 0.10096153846153846
4 0.6225732349556605 0.6177884615384616 0.05422723693874058 0.11538461538461539
4 0.6516719724085268 0.7427884615384616 0.05422723693874058 0.11538461538461539
4 0.5163102964182513 0.05889423076923077 0.04438808206433501 0.09615384615384616
4 0.5155016554252428 0.29927884615384615 0.04444402462909025 0.10096153846153846
7 0.3575725364172724 0.051682692307692304 0.05405940924447487 0.10096153846153846
8 0.17008904825440332 0.3629807692307692 0.07443700105272602 0.19951923076923078
7 0.15587659801447248 0.484375 0.06406639181314602 0.1346153846153846
11 0.18469309644762064 0.27524038461538464 0.0741572882289499 0.17548076923076922
12 0.2574551888189464 0.7439903846153846 0.06895799796797111 0.14182692307692307
12 0.20374036821230737 0.052884615384615384 0.06132689027076857 0.10576923076923077
9 0.16559072418349277 0.5961538461538461 0.07379366155804104 0.14423076923076922
9 0.36041077951328554 0.19230769230769232 0.054423035915383784 0.13221153846153846
10 0.43617473234831977 0.29927884615384615 0.04927968821916032 0.10336538461538461
10 0.4258452379669922 0.1346153846153846 0.0493076595015378 0.10576923076923077
10 0.2794615220584612 0.052884615384615384 0.0493076595015378 0.10576923076923077
10 0.27895972310629236 0.21634615384615385 0.044471995911467874 0.10336538461538461
10 0.27275599287566177 0.40625 0.051655563090628714 0.10096153846153846
10 0.265573267761815 0.5120192307692307 0.0540034666797197 0.09615384615384616
10 0.2655461385447514 0.6129807692307693 0.054115351809230106 0.10576923076923077
10 0.45202687086859683 0.7319711538461539 0.054115351809230106 0.10576923076923077