3 0.5934694451109098 0.12740384615384615 0.05439506463300617 0.12980769230769232
3 0.4401801907163661 0.3894230769230769 0.05693876719874042 0.14182692307692307
1 0.7091855055574865 0.6153846153846154 0.06406639181314616 0.1346153846153846
1 0.7619056615090922 0.21634615384615385 0.05688282463398518 0.13701923076923078
2 0.7926093794374148 0.36658653846153844 0.07927266464279589 0.20192307692307693
6 0.836406696310564 0.734375 0.07622547899426489 0.1466346153846154
6 0.5918767661460144 0.057692307692307696 0.05182339078489443 0.11538461538461539
5 0.6011967681658059 0.28966346153846156 0.05965029745874025 0.16826923076923078
4 0.6666468963913295 0.13942307692307693 0.04438808206433501 0.09615384615384616
4 0.6776451753537777 0.22716346153846154 0.0468478707829364 0.10096153846153846
4 0.7080543527518214 0.5060096153846154 0.05405940924447514 0.10096153846153846
4 0.6996836902022403 0.39903846153846156 0.049251716936782555 0.10096153846153846
4 0.6154075342751087 0.6177884615384616 0.05422723693874058 0.11538461538461539
4 0.6403953352837809 0.7427884615384616 0.05422723693874058 0.11538461538461539
4 0.5209353333251752 0.06009615384615385 0.04438808206433501 0.09615384615384616
4 0.5157483445747572 0.29927884615384615 0.04444402462909025 0.10096153846153846
7 0.36358130973657377 0.051682692307692304 0.05408738052685248 0.10336538461538461
8 0.16885325943790438 0.3629807692307692 0.07443700105272602 0.19951923076923078
7 0.15180172403664638 0.4855769230769231 0.06406639181314602 0.1346153846153846
11 0.18429728816776395 0.27524038461538464 0.07415728822894997 0.17548076923076922
12 0.2473385178475571 0.7451923076923077 0.06895799796797111 0.14182692307692307
12 0.20851924717230802 0.052884615384615384 0.05892304411692241 0.10576923076923077
9 0.15771259786762612 0.5973557692307693 0.07379366155804104 0.14423076923076922
9 0.36313292715321804 0.1935096153846154 0.054423035915383784 0.13221153846153846
10 0.43520551277972214 0.3004807692307692 0.04927968821916032 0.10336538461538461
10 0.4287080840841267 0.13581730769230768 0.0493076595015378 0.10576923076923077
10 0.28544232409538495 0.052884615384615384 0.04449996719384549 0.10576923076923077
10 0.2811224450986727 0.21754807692307693 0.044471995911467874 0.10336538461538461
10 0.270513237893569 0.40625 0.051655563090628714 0.10096153846153846
10 0.2608550542893039 0.5132211538461539 0.0540034666797197 0.09615384615384616
10 0.2572764142755982 0.6141826923076923 0.054115351809230106 0.10576923076923077
10 0.4409879896440605 0.7331730769230769 0.054115351809230106 0.10576923076923077