3 0.5933242537367982 0.1299661176721142 0.05363981444661438 0.13011536599961782
3 0.44580318290624193 0.3916505057689393 0.0561135864395346 0.14214858193666344
1 0.7187524040654483 0.6160317202674057 0.06328316939762857 0.13497899897856933
1 0.7645077892851151 0.21671355537264828 0.05608561610390503 0.13734088962897112
2 0.7978407779343704 0.3679670632994562 0.07809783101951978 0.20237060229315035
6 0.8480504391030499 0.7342738984046987 0.07537232600593341 0.1470681555868739
6 0.5905078451324155 0.05906664130146745 0.05115205728587951 0.11567830390872612
5 0.6038766445957741 0.29096786930854734 0.05867126943934341 0.1686048747967859
4 0.6679064177611954 0.1403498851621632 0.04382863748182276 0.09640557917451248
4 0.6804361071556664 0.22802034393847384 0.046260453971298215 0.10122725665001961
4 0.7157122327760288 0.5066707054352205 0.05347199243283667 0.10126921215346403
4 0.7054815007767933 0.40095741533724893 0.04866430012514437 0.10124124181783446
4 0.6250233818171704 0.6201829110429521 0.05355590343972567 0.11569228907654096
4 0.6521929182358476 0.7450290741969893 0.05355590343972567 0.11569228907654096
4 0.5208102918386918 0.061876057321942714 0.04382863748182263 0.09640557917451249
4 0.5198049624663252 0.3022746578743729 0.043856607817452195 0.10121327148220481
7 0.36329543550660215 0.05310757671450271 0.05351394793628117 0.10621515342900542
8 0.17281980018264817 0.36799743770053406 0.07327615354401268 0.19993878580367463
7 0.1579010511572954 0.489482572060561 0.06328316939762864 0.13497899897856933
11 0.18793434155740812 0.2801661494943533 0.07313630186586476 0.17590032426521315
12 0.25917106466590883 0.7485175722116316 0.06813281720876531 0.14221850777573736
12 0.20825435116743263 0.05476751403736037 0.058335625411788335 0.10953502807472074
9 0.16696482299914497 0.6012124701270554 0.0729544946842724 0.1446503242652131
9 0.36413454557548997 0.1962055473522734 0.0536537996144293 0.13251921215346396
10 0.4392761163124792 0.3027431609961686 0.04867828529295929 0.10364508797168054
10 0.4299046707787041 0.13812864754505882 0.048692270460774074 0.1060489341255267
10 0.28518442067441696 0.05483314222933123 0.04388457815308184 0.10602096378989709
10 0.28374555109979177 0.22071251201253064 0.04387059298526698 0.1036171176360509
10 0.2764369178186991 0.41066530625372855 0.05106814627899066 0.10125522698564911
10 0.26863880366408865 0.5164834851103112 0.053444022097207236 0.09646151984577173
10 0.26682233455846394 0.6174590087396644 0.053499962768466386 0.10607690446115633
10 0.4526107542114502 0.7353725354333096 0.05349996276846652 0.10607690446115633