12 0.2035725253700735 0.07810482360342721 0.0728845688451984 0.13263109349598234
12 0.2035725253700735 0.07810482360342721 0.0728845688451984 0.13263109349598234
8 0.16579006890270206 0.4011913760267908 0.09509257611022043 0.23131465231400783
11 0.35418351693255024 0.14268081966877508 0.07320622770493876 0.18791955503444388
7 0.18952704797799608 0.1429247587503846 0.06578491172617837 0.15181990722330718
7 0.36305929036404944 0.4287804674799118 0.07301043535553162 0.1542657088805977
9 0.23176458174952957 0.7921869829738829 0.08996322494278783 0.17599822043991672
10 0.2797761675058378 0.1614780486972856 0.05120799795713866 0.1252936885241107
10 0.2627752311863792 0.3380558522463669 0.05834961057960319 0.11331641325832437
10 0.2609447769129397 0.43659955938624445 0.060823382572523274 0.12534962919536993
10 0.36146658394346154 0.5681895592351739 0.0656170897124008 0.12297375337715334
2 0.7866458707110632 0.3122584649838388 0.09261880411730034 0.2192814363769623
3 0.4444979737810068 0.7922227472485693 0.080291899656144 0.16632689515327298
1 0.6139037903065458 0.16222006394661928 0.056127571607349255 0.14455242809050958
3 0.4497368022255095 0.24659861841284414 0.06813281720876538 0.14221850777573736
6 0.5857980489994268 0.08273231143982603 0.058461491922121474 0.13254718248909356
6 0.5153460979988534 0.1616466720662126 0.06328316939762857 0.13497899897856933
4 0.4289125252190029 0.1791720521787261 0.05112408695024994 0.11087061160103379
4 0.7546290905466976 0.8000364492812935 0.07042478202009324 0.12300172371278305
4 0.697941310871607 0.3526063983900759 0.05352793310409609 0.11088459676884864
4 0.6161623949086354 0.5504412177927731 0.055973734761386465 0.11811012039820176
4 0.5495889239112199 0.6762515561708818 0.0607954122368937 0.12054193688767775