12 0.20215999075797253 0.0841144389880426 0.0736258338637754 0.1302272473421362
12 0.20215999075797253 0.0841144389880426 0.0736258338637754 0.1302272473421362
8 0.15879033430447803 0.40239329910371385 0.0963793005434951 0.22650696000631554
11 0.34926927587769324 0.1474745268086526 0.07426917335846038 0.18551570888059774
7 0.18699567485188903 0.14773245105807692 0.06423421950741168 0.14940207590164625
7 0.3531941886598628 0.42996840538902004 0.07147372925132768 0.1518478775589369
9 0.21681492912406083 0.7873722980822833 0.08855239386964928 0.17358038911825593
10 0.27572819792636466 0.16627874842107054 0.051907304632027224 0.12288984237026455
10 0.25569940508251954 0.3380488596624595 0.058978986681677656 0.11091256710447822
10 0.25214873635119156 0.43659256680233705 0.06152268924741177 0.12294578304152377
10 0.34799405633356995 0.5669666584065286 0.0663024102727266 0.1205699072233072
2 0.7716320891886733 0.3146063704664257 0.09145972310629237 0.21686360505530133
3 0.42596353014986504 0.7873870846052474 0.0812289702786004 0.1639230489994268
1 0.6038811692087422 0.1657838776739441 0.05453492104489413 0.14213459676884865
3 0.44064255894091064 0.24897449423106072 0.06895799796797118 0.14221850777573736
6 0.578333942552518 0.08870696390490442 0.05679891078685246 0.13012935116743263
6 0.5065114143367843 0.1664194014543679 0.061662545659299864 0.13496501381075454
4 0.42097907689860253 0.18274985107386574 0.05176744822013919 0.11087061160103379
4 0.7311820634823825 0.7951728163023419 0.06870625642657248 0.12058389239112198
4 0.6834161927728695 0.3549612964565703 0.05414332309160786 0.1084807506150025
4 0.5994197496695138 0.5491973392124057 0.056631083092586736 0.1157062742443556
4 0.5330753824732211 0.672617816604483 0.06146674668265653 0.11813809073383161