12 0.17307692307692307 0.08173076923076923 0.07211538461538461 0.13221153846153846
12 0.17307692307692307 0.08173076923076923 0.07211538461538461 0.13221153846153846
8 0.14423076923076922 0.40865384615384615 0.09375 0.23076923076923078
11 0.32572115384615385 0.13942307692307693 0.07211538461538461 0.1875
7 0.15985576923076922 0.14903846153846154 0.06490384615384616 0.15144230769230768
7 0.3425480769230769 0.42788461538461536 0.07211538461538461 0.15384615384615385
9 0.21995192307692307 0.7992788461538461 0.0889423076923077 0.17548076923076922
10 0.25 0.16346153846153846 0.05048076923076923 0.125
10 0.23918269230769232 0.3401442307692308 0.057692307692307696 0.11298076923076923
10 0.2403846153846154 0.4411057692307692 0.06009615384615385 0.125
10 0.3449519230769231 0.5685096153846154 0.06490384615384616 0.12259615384615384
2 0.7644230769230769 0.2932692307692308 0.09134615384615384 0.22115384615384615
3 0.4338942307692308 0.7908653846153846 0.08173076923076923 0.1658653846153846
1 0.5853365384615384 0.1502403846153846 0.055288461538461536 0.14423076923076922
3 0.4230769230769231 0.24158653846153846 0.0673076923076923 0.14423076923076922
6 0.5564903846153846 0.07091346153846154 0.057692307692307696 0.13221153846153846
6 0.48677884615384615 0.15384615384615385 0.0625 0.13701923076923078
4 0.40024038461538464 0.17427884615384615 0.05048076923076923 0.11298076923076923
4 0.7451923076923077 0.7848557692307693 0.06971153846153846 0.12259615384615384
4 0.6766826923076923 0.33774038461538464 0.052884615384615384 0.11057692307692307
4 0.6009615384615384 0.5408653846153846 0.057692307692307696 0.11778846153846154
4 0.5372596153846154 0.6682692307692307 0.06009615384615385 0.1201923076923077