12 0.18990384615384615 0.078125 0.06971153846153846 0.12980769230769232
12 0.18990384615384615 0.078125 0.06971153846153846 0.12980769230769232
8 0.15745192307692307 0.40024038461538464 0.0889423076923077 0.22596153846153846
11 0.3401442307692308 0.13942307692307693 0.0673076923076923 0.18509615384615385
7 0.17668269230769232 0.14423076923076922 0.06009615384615385 0.14903846153846154
7 0.35216346153846156 0.4230769230769231 0.0673076923076923 0.15144230769230768
9 0.22596153846153846 0.7860576923076923 0.08653846153846154 0.17307692307692307
10 0.265625 0.15985576923076922 0.04807692307692308 0.12259615384615384
10 0.2512019230769231 0.33413461538461536 0.055288461538461536 0.11057692307692307
10 0.2512019230769231 0.4326923076923077 0.057692307692307696 0.12259615384615384
10 0.35096153846153844 0.5612980769230769 0.0625 0.1201923076923077
2 0.7692307692307693 0.2980769230769231 0.08653846153846154 0.21634615384615385
3 0.43509615384615385 0.78125 0.07692307692307693 0.16346153846153846
1 0.5961538461538461 0.15264423076923078 0.05048076923076923 0.14182692307692307
3 0.43509615384615385 0.23918269230769232 0.0625 0.13942307692307693
6 0.5685096153846154 0.07451923076923077 0.052884615384615384 0.12980769230769232
6 0.4987980769230769 0.15504807692307693 0.06009615384615385 0.1346153846153846
4 0.41225961538461536 0.17307692307692307 0.04807692307692308 0.11057692307692307
4 0.7427884615384616 0.78125 0.0673076923076923 0.1201923076923077
4 0.6826923076923077 0.3401442307692308 0.052884615384615384 0.11057692307692307
4 0.6033653846153846 0.5372596153846154 0.052884615384615384 0.11538461538461539
4 0.5396634615384616 0.6634615384615384 0.057692307692307696 0.11778846153846154