12 0.8011932114341744 0.08879866885085003 0.07046673752353746 0.13021326217432141
12 0.8011932114341744 0.08879866885085003 0.07046673752353746 0.13021326217432141
8 0.831778114607822 0.4099009301548113 0.0902569134668984 0.22647898967068597
11 0.651805120700343 0.14802774229248647 0.0683705650616166 0.18308389239112202
7 0.8140297731654212 0.15498135650460063 0.060963234250671405 0.14938809073383147
7 0.6381356401289662 0.4316116626072587 0.06817477271220987 0.14943004623727582
9 0.7622397880336698 0.7929228069944585 0.08512756229946589 0.17116255779659484
10 0.7249965618823175 0.17008890529545317 0.04877618146766293 0.12047201104860362
10 0.7384127067227291 0.343249739379265 0.055931779257941974 0.11089858193666344
10 0.7390412379192455 0.4418144242708647 0.05839156608304755 0.12052795171986283
10 0.6385404086404459 0.5686378859603968 0.06319925839073985 0.1205559220554924
2 0.22299748423995103 0.3041922285752988 0.08778314147397846 0.2144457737336404
3 0.553133142984684 0.786898405086879 0.07786008316666827 0.16150521767776602
1 0.39692050996966927 0.1597664683502719 0.05129190896402737 0.13971676544718764
3 0.5574677436521215 0.24844385920924786 0.06331113973325814 0.13978669128626164
6 0.4250122661089736 0.08300422085706513 0.05363981444661438 0.13011536599961784
6 0.49305337837179325 0.16393164429363297 0.058475477089936265 0.13495102864293976
4 0.5794869511516438 0.1824639564888118 0.04872024079640379 0.110856626433219
4 0.24664275836929941 0.7851152961904924 0.06800695069843216 0.12058389239112224
4 0.31049312841857674 0.34676999489284666 0.05111010178243502 0.10846676544718757
4 0.3874783372416708 0.5431379743852891 0.05355590343972567 0.11569228907654096
4 0.44925110851530137 0.6685015887484738 0.058377580915232756 0.11812410556601668