12 0.8023811493432826 0.08186741548831951 0.07046673752353746 0.13021326217432141
12 0.8023811493432826 0.08186741548831951 0.07046673752353746 0.13021326217432141
8 0.8341609830099462 0.403787007754297 0.0902569134668984 0.22647898967068597
11 0.6517911355325281 0.14283764232289814 0.0683845502294318 0.18548773854496817
7 0.8152177110745297 0.14789626629610736 0.060963234250671405 0.14938809073383147
7 0.6381216549611514 0.42656141431581823 0.06818875788002451 0.15183389239112197
9 0.7622048251141328 0.7900098853132337 0.08754539362112669 0.17358038911825593
10 0.7261914923753333 0.16283679442833174 0.048790166635477854 0.12287585720244977
10 0.7396006446318373 0.3370317295752891 0.055931779257942245 0.11089858193666344
10 0.7402221832444463 0.4367843523759971 0.05840555125086247 0.12293179787370899
10 0.6385124383048163 0.5659774986549878 0.06319925839073985 0.1205559220554924
2 0.22178157599521317 0.30398784093168546 0.08779712664179325 0.21684961988748655
3 0.553098180065147 0.7864189026054287 0.07787406833448306 0.16390906383161216
1 0.3957046017249314 0.1575482165413278 0.05130589413184229 0.14212061160103379
3 0.5562518354073837 0.24435159491312108 0.06331113973325814 0.13978669128626164
6 0.42499828094115877 0.08045731760447332 0.05363981444661438 0.13011536599961782
6 0.4930463857878858 0.15938566339867472 0.06087932324378242 0.13496501381075454
4 0.579472965983829 0.17811296658811127 0.04872024079640379 0.110856626433219
4 0.24541286495674675 0.7870070810087996 0.06800695069843216 0.12058389239112198
4 0.3080752970969157 0.34555168258266045 0.05352793310409609 0.11088459676884864
4 0.38624844382911816 0.5434074797370799 0.05355590343972567 0.11569228907654096
4 0.4492231381796718 0.6680368727899878 0.058377580915232624 0.11812410556601668