12 0.19312502326970848 0.06610576923076923 0.07528841499904455 0.13221153846153846
12 0.19312502326970848 0.06610576923076923 0.07528841499904455 0.13221153846153846
8 0.151566571492342 0.3918269230769231 0.09509257611022046 0.23076923076923078
11 0.3429878083540936 0.1310096153846154 0.07320622770493876 0.1875
7 0.17711543115480158 0.13221153846153846 0.06578491172617837 0.15144230769230768
7 0.3485281192617639 0.4182692307692308 0.07301043535553148 0.15384615384615385
9 0.2117799965546228 0.7848557692307693 0.08996322494278783 0.17548076923076922
10 0.26715477316542136 0.1502403846153846 0.05120799795713866 0.125
10 0.2481050097610951 0.32572115384615385 0.05834961057960312 0.11298076923076923
10 0.24511378655902746 0.4266826923076923 0.060823382572523274 0.125
10 0.34410421771382904 0.5588942307692307 0.0656170897124008 0.12259615384615384
2 0.7759030773762886 0.29927884615384615 0.09263278928511526 0.22115384615384615
3 0.4257292968308378 0.7836538461538461 0.08269574580999016 0.1658653846153846
1 0.6025052967947746 0.14783653846153846 0.056127571607349255 0.14423076923076922
3 0.4373383692149804 0.234375 0.06814680237658002 0.14423076923076922
6 0.5753225765634321 0.06850961538461539 0.05846149192212161 0.13221153846153846
6 0.5039406119031749 0.14903846153846154 0.06329715456544349 0.13701923076923078
4 0.4160953385291793 0.16706730769230768 0.051138072118064586 0.11298076923076923
4 0.7369924108343777 0.7896634615384616 0.07042478202009324 0.12259615384615384
4 0.6855210987542063 0.3401442307692308 0.05352793310409582 0.11057692307692307
4 0.6002257144409628 0.5396634615384616 0.058377580915232756 0.11778846153846154
4 0.5345876469768398 0.6658653846153846 0.0607954122368937 0.1201923076923077