12 0.8137019230769231 0.09367628699761629 0.07211538461538461 0.1302272473421362
12 0.8137019230769231 0.09367628699761629 0.07211538461538461 0.1302272473421362
8 0.8413461538461539 0.41595250104287107 0.09375 0.22891080616016168
11 0.6622596153846154 0.14928560604066873 0.07211538461538461 0.18551570888059774
7 0.8257211538461539 0.1598519820674595 0.0625 0.14940207590164625
7 0.6454326923076923 0.4340434790967344 0.07211538461538461 0.15186186272675156
9 0.765625 0.8001273528720897 0.0889423076923077 0.17359437428607058
10 0.7367788461538461 0.1725556847044659 0.05048076923076923 0.12288984237026455
10 0.7475961538461539 0.3480993871904017 0.057692307692307696 0.11091256710447822
10 0.7475961538461539 0.446657079498094 0.06009615384615385 0.12294578304152377
10 0.6442307692307693 0.5722576403589809 0.06490384615384616 0.12297375337715334
2 0.23076923076923078 0.2982175761102205 0.0889423076923077 0.21686360505530128
3 0.5564903846153846 0.7904971817337407 0.07932692307692307 0.1639230489994268
1 0.40625 0.15741157028377756 0.052884615384615384 0.14213459676884865
3 0.5661057692307693 0.2484858147126923 0.0673076923076923 0.14221850777573736
6 0.4362980769230769 0.08066330795838556 0.055288461538461536 0.13012935116743263
6 0.5036057692307693 0.1627856618879691 0.0625 0.13497899897856933
4 0.5901442307692307 0.18251989716007103 0.05048076923076923 0.11087061160103379
4 0.24879807692307693 0.7826974648688314 0.0673076923076923 0.12058389239112198
4 0.3161057692307692 0.3419832803368765 0.052884615384615384 0.11088459676884864
4 0.3918269230769231 0.5419430438922734 0.055288461538461536 0.11570627424435574
4 0.4543269230769231 0.6685085813323812 0.06009615384615385 0.11813809073383161