12 0.8095856952209138 0.09245338616897104 0.07287058367738361 0.1302272473421362
12 0.8095856952209138 0.09245338616897104 0.07287058367738361 0.1302272473421362
8 0.8341609830099462 0.41352068455339536 0.09506460577459072 0.22650696000631554
11 0.6590096665779739 0.14927162087285395 0.0731922425371241 0.18551570888059774
7 0.8212203338752376 0.15862908123881425 0.06336708040451729 0.14940207590164625
7 0.6405394862828123 0.43162564777507345 0.07059260403387067 0.1518478775589369
9 0.7574181105581628 0.7952986828126751 0.08754539362112695 0.17358038911825566
10 0.7322011077599486 0.17133278387582063 0.051194012789324006 0.12288984237026455
10 0.7420044907856835 0.34567456328483337 0.0583356254117884 0.11091256710447822
10 0.741431098905277 0.44423225559252566 0.06080939740470862 0.12294578304152377
10 0.6373384855635228 0.5686308933764894 0.06560310454458601 0.1205699072233072
2 0.2278471320510877 0.29700866044938995 0.0902009727956394 0.21686360505530133
3 0.5495273737539148 0.7868774273351568 0.08027791448832935 0.1639230489994268
1 0.4041460335990226 0.15740457769987015 0.05370974028568845 0.14213459676884865
3 0.5622824285437212 0.2472699064679544 0.06813281720876538 0.14221850777573736
6 0.4334397128152499 0.08064932279057077 0.05604366060046054 0.13012935116743263
6 0.5002789020011466 0.1615697536432312 0.06087932324378242 0.13496501381075454
4 0.5855035591201665 0.18129699633142574 0.05112408695024994 0.11087061160103379
4 0.24307894464197458 0.7778827799772318 0.06800695069843216 0.12058389239112198
4 0.3129319374919598 0.34077436467604605 0.05351394793628117 0.1084807506150025
4 0.38749931499339296 0.5395322051545198 0.05595974959357182 0.1157062742443556
4 0.4480631706061931 0.6660907500107202 0.060781427069078915 0.11813809073383161