12 0.7980769230769231 0.08276807571451245 0.07211538461538461 0.1302272473421362
12 0.7980769230769231 0.08276807571451245 0.07211538461538461 0.1302272473421362
8 0.8377403846153846 0.40271036944499505 0.09375 0.22650696000631554
11 0.6502403846153846 0.14440798789390247 0.07211538461538461 0.18551570888059774
7 0.8125 0.14775583287524738 0.0625 0.14940207590164625
7 0.6430288461538461 0.42681795546738116 0.06971153846153846 0.1518478775589369
9 0.7752403846153846 0.786962139697195 0.08653846153846154 0.17358038911825566
10 0.7247596153846154 0.16527422040385348 0.05048076923076923 0.12288984237026455
10 0.7415865384615384 0.33724711657855705 0.057692307692307696 0.11091256710447822
10 0.7439903846153846 0.43581879405406415 0.06009615384615385 0.12294578304152377
10 0.6466346153846154 0.5650600870652572 0.06490384615384616 0.1205699072233072
2 0.22596153846153846 0.30780499038997544 0.0889423076923077 0.21686360505530133
3 0.5661057692307693 0.7845435070203847 0.07932692307692307 0.1639230489994268
1 0.3954326923076923 0.1597524831824571 0.052884615384615384 0.14213459676884857
3 0.5576923076923077 0.2460330204714943 0.0673076923076923 0.14221850777573736
6 0.4230769230769231 0.08299023568925033 0.055288461538461536 0.13012935116743263
6 0.49278846153846156 0.16152080555587942 0.06009615384615385 0.13496501381075454
4 0.578125 0.18004612516715085 0.05048076923076923 0.11087061160103379
4 0.2608173076923077 0.7887770060925209 0.0673076923076923 0.12058389239112198
4 0.3137019230769231 0.347978910553677 0.052884615384615384 0.1084807506150025
4 0.3954326923076923 0.5443678677978417 0.055288461538461536 0.11570627424435574
4 0.46033653846153844 0.6685435442519181 0.06009615384615385 0.11813809073383161