8 0.828125 0.37020250569681273 0.0673076923076923 0.1975069693141989
2 0.21153846153846154 0.3714230024600098 0.07211538461538461 0.19272724734213617
11 0.8137019230769231 0.28237821007453934 0.0625 0.1734405374401078
5 0.21634615384615385 0.2993355881802548 0.06971153846153846 0.16386710832816753
9 0.8365384615384616 0.6082322230149338 0.07211538461538461 0.13503493964982846
3 0.5576923076923077 0.3950714820099559 0.055288461538461536 0.13493704347512483
3 0.4110576923076923 0.13219915600402252 0.04807692307692308 0.13489508797168054
7 0.8425480769230769 0.4964883397806246 0.057692307692307696 0.13495102864293976
9 0.6358173076923077 0.19841061534855212 0.04807692307692308 0.13489508797168054
12 0.7475961538461539 0.7495416948827095 0.0625 0.13497899897856933
7 0.8100961538461539 0.20663607847666332 0.05048076923076923 0.13250522698564923
1 0.25 0.21299291899120035 0.04567307692307692 0.13007341049617344
1 0.29086538461538464 0.6170768206902058 0.057692307692307696 0.13014333633524744
1 0.15865384615384615 0.7364999441526996 0.07211538461538461 0.12541955503444385
1 0.25841346153846156 0.0652053286170137 0.04807692307692308 0.110856626433219
10 0.5516826923076923 0.7459980575519574 0.05048076923076923 0.10846676544718757
4 0.38100961538461536 0.6188031875601836 0.052884615384615384 0.10607690446115633
4 0.3557692307692308 0.7448582663750514 0.04807692307692308 0.10604893412552677
10 0.7403846153846154 0.5211343547638804 0.057692307692307696 0.1061048747967859
12 0.7944711538461539 0.05630479027048255 0.04807692307692308 0.10364508797168054
10 0.7403846153846154 0.6232978163023419 0.057692307692307696 0.10370102864293976
10 0.7295673076923077 0.41410026766256 0.057692307692307696 0.1012971824890936
10 0.7175480769230769 0.060664957208101375 0.04326923076923077 0.1012132714822048
10 0.7199519230769231 0.22654432699130078 0.04807692307692308 0.1012412418178344
4 0.2920673076923077 0.5113145825048824 0.05048076923076923 0.10125522698564911
4 0.484375 0.3008949343916046 0.04567307692307692 0.10122725665001961
4 0.3233173076923077 0.2278425435326286 0.04326923076923077 0.09880942532835867
10 0.5721153846153846 0.1415496237860754 0.04326923076923077 0.09880942532835867
10 0.7271634615384616 0.3131247440332067 0.04807692307692308 0.09643354951014202
4 0.33413461538461536 0.14617470755702594 0.04326923076923077 0.09400173302066636
4 0.34134615384615385 0.06208204767585494 0.038461538461538464 0.09156991653119059
4 0.3004807692307692 0.40319045366915723 0.04807692307692308 0.10604893412552677