8 0.17730058671594182 0.3639877013134346 0.06960133746265616 0.1975069693141989
2 0.7939290821010467 0.3711806660886991 0.0743530872055931 0.19272724734213617
11 0.19070271183223605 0.27633122770493873 0.06451393233118773 0.1734405374401078
5 0.7882822513220261 0.29903731113768495 0.0716135856632155 0.16386710832816753
9 0.17165628213286335 0.6019195224568521 0.07368177642853063 0.13503493964982846
3 0.4480409631297878 0.39200334038490686 0.05685485335160756 0.13493704347512497
3 0.5916127230940552 0.12963528177545564 0.049643314890068964 0.13489508797168054
7 0.16434600211768924 0.49010571338346887 0.05925869950545371 0.13495102864293976
9 0.36762231797482403 0.19443343781554137 0.049643314890068964 0.13489508797168054
12 0.2622488954854499 0.7442638967429226 0.06406639181314602 0.13497899897856933
7 0.19342738566811063 0.2006310516105071 0.05201918976153763 0.13250522698564918
1 0.7536354246437751 0.21350498032673929 0.047183526171467566 0.13007341049617344
1 0.7174552298266395 0.6159114632431185 0.059202756940698334 0.13014333633524744
1 0.8510653324070584 0.73687295516524 0.07356989129902029 0.12541955503444385
1 0.7434877435979017 0.06441757070092596 0.04936360206629304 0.110856626433219
10 0.4581343857415338 0.7429998417659824 0.05173947693776157 0.10846676544718784
4 0.6273389703397864 0.6177908656039098 0.054115351809230106 0.10607690446115633
4 0.6540478472799953 0.7441396329428882 0.0493076595015378 0.10604893412552677
10 0.26680316212111566 0.5159404676309823 0.05892304411692241 0.1061048747967859
12 0.20731816616069898 0.05168349366284172 0.049251716936782555 0.1012412418178344
10 0.2679779559809752 0.6169020060925209 0.058895072834544794 0.10370102864293976
10 0.2763757477476198 0.4090322470399951 0.05886710155216717 0.1012971824890936
10 0.2854851230842654 0.05574378084759186 0.04444402462909025 0.1012132714822048
10 0.2838093723375511 0.22158818771125427 0.049251716936782555 0.1012412418178344
4 0.7150225703251016 0.5101352398899803 0.051655563090628985 0.10125522698564911
4 0.52025340516818 0.2974779649263351 0.0468478707829364 0.10122725665001961
4 0.6804859446457328 0.22750150963146493 0.04441605334671277 0.0988094253283586
10 0.43066691591587325 0.13831366014724886 0.04441605334671277 0.09880942532835867
10 0.27880672311852955 0.3080916863301788 0.049195774372027386 0.09643354951014214
4 0.6687176133525866 0.14570780714552908 0.04436011078195726 0.09400173302066636
4 0.6605270800078318 0.061531236257469334 0.03952444719188746 0.09156991653119059
4 0.7053643867208367 0.40311513795647475 0.0493076595015378 0.10604893412552677