8 0.16706730769230768 0.3613190041252437 0.0673076923076923 0.20030242667580384
2 0.796875 0.3734551724158691 0.07211538461538461 0.19555067693286665
11 0.1814903846153846 0.27254452412720165 0.06490384615384616 0.17623599385496463
5 0.7908653846153846 0.30006793651761743 0.07211538461538461 0.16910836924055903
9 0.15865384615384615 0.6052114892523067 0.07211538461538461 0.14026221539440525
3 0.44350961538461536 0.39217993236789933 0.057692307692307696 0.14009438770013952
3 0.5925480769230769 0.12588530572146484 0.04807692307692308 0.13757865641678288
7 0.15144230769230768 0.4909448830974815 0.057692307692307696 0.13528669539244723
9 0.3629807692307692 0.19052174056209564 0.04807692307692308 0.13517481026293673
12 0.24879807692307693 0.7504911815722362 0.0625 0.13534263795720244
7 0.18509615384615385 0.19566340412769115 0.052884615384615384 0.13523075282769198
1 0.7572115384615384 0.21193595394894632 0.04807692307692308 0.13517481026293673
1 0.7151442307692307 0.6225041488150306 0.057692307692307696 0.13528669539244723
1 0.8497596153846154 0.7466666944743303 0.07211538461538461 0.13064683077902062
1 0.7487980769230769 0.06279959292216317 0.04807692307692308 0.10873250257062908
10 0.4483173076923077 0.7504089518557315 0.052884615384615384 0.11119229128923044
4 0.6225961538461539 0.6238311005973388 0.052884615384615384 0.11119229128923044
4 0.6490384615384616 0.7527445539342618 0.05048076923076923 0.10876047385300652
10 0.25600961538461536 0.5174020184962921 0.057692307692307696 0.10644054154629337
12 0.20072115384615385 0.049210602078530216 0.04807692307692308 0.09190557949370598
10 0.25600961538461536 0.6207674031116768 0.06009615384615385 0.10646851282867086
10 0.26802884615384615 0.40816687490818016 0.057692307692307696 0.10644054154629337
10 0.2800480769230769 0.052537500550837404 0.04326923076923077 0.09906117539048924
10 0.2776442307692308 0.21717299080692135 0.04807692307692308 0.10152096410909059
4 0.7139423076923077 0.5155190093276878 0.052884615384615384 0.10157690667384582
4 0.5180288461538461 0.296893195967759 0.04567307692307692 0.10149299282671297
4 0.6814903846153846 0.22547793547712863 0.04326923076923077 0.10146502154433534
10 0.42788461538461536 0.13358465749398335 0.04326923076923077 0.10146502154433537
10 0.2704326923076923 0.30603138465209623 0.04807692307692308 0.10152096410909059
4 0.6706730769230769 0.14241937239873706 0.04326923076923077 0.09665732923664311
4 0.6646634615384616 0.055810982654331515 0.038461538461538464 0.09419754051804172
4 0.7055288461538461 0.40604610983936623 0.04807692307692308 0.10873250257062904