8 0.1773984862042634 0.3713942307692308 0.07203315489887988 0.19951923076923078
2 0.8011266349213962 0.36538461538461536 0.07918875079566316 0.19471153846153846
11 0.1895847026024458 0.2824519230769231 0.06932162463887998 0.17307692307692307
5 0.7930619723473409 0.2920673076923077 0.07647722053566333 0.16826923076923078
9 0.17658984521125493 0.6117788461538461 0.07614156514713197 0.13942307692307693
3 0.4516886892841235 0.39302884615384615 0.059286670787831335 0.13701923076923078
3 0.5915987374528663 0.125 0.05207513232629287 0.13701923076923078
7 0.16686173340104585 0.4987980769230769 0.061662545659299864 0.1346153846153846
9 0.3676642748983904 0.19591346153846154 0.052047161043915255 0.1346153846153846
12 0.2707742421534219 0.7524038461538461 0.06406639181314602 0.1346153846153846
7 0.1910934677202085 0.20552884615384615 0.05445100719776141 0.1346153846153846
1 0.757185251309789 0.20432692307692307 0.049643314890069234 0.1346153846153846
1 0.7283005088013248 0.6141826923076923 0.06163457437692225 0.13221153846153846
1 0.8643004718944011 0.7331730769230769 0.07602968001762142 0.12980769230769232
1 0.7446337241100696 0.055288461538461536 0.05176744822013919 0.11057692307692307
10 0.4678476698452401 0.7487980769230769 0.054171294373985344 0.11057692307692307
4 0.6357804031606255 0.6165865384615384 0.05654716924545401 0.10817307692307693
4 0.6673109580497155 0.7439903846153846 0.05414332309160786 0.10817307692307693
10 0.27049284519901773 0.5216346153846154 0.06132689027076857 0.10576923076923077
12 0.2025664164177619 0.055288461538461536 0.051655563090628714 0.10096153846153846
10 0.2728975334181779 0.625 0.06373073642461471 0.10576923076923077
10 0.27884952210741 0.41346153846153844 0.061298918988390946 0.10336538461538461
10 0.28071938770013954 0.057692307692307696 0.046875842065314026 0.10336538461538461
10 0.2826494061841944 0.22355769230769232 0.04927968821916018 0.10336538461538461
4 0.7234500175047521 0.5072115384615384 0.05405940924447487 0.10096153846153846
4 0.5226852226044036 0.296875 0.049251716936782555 0.10096153846153846
4 0.6828618195172015 0.22115384615384615 0.0468478707829364 0.10096153846153846
10 0.42947897848013905 0.13701923076923078 0.04444402462909025 0.10096153846153846
10 0.2776747282475505 0.3125 0.04922374565440501 0.0985576923076923
4 0.669891565147132 0.13942307692307693 0.04438808206433501 0.09615384615384616
4 0.6616870461611886 0.054086538461538464 0.0419562646281111 0.09375
4 0.7125759251823751 0.39903846153846156 0.05173947693776144 0.10817307692307693