8 0.16917906803234198 0.3649247733560129 0.06845447606850559 0.1978985805219577
2 0.7893923534763718 0.3757471334402049 0.07323419804056833 0.19314683077902048
11 0.18308469374627143 0.27615029335797087 0.06350693208266535 0.1738041764187409
5 0.7841651061342356 0.30357580626006503 0.07306637602679061 0.16430067693286665
9 0.16215713069145268 0.6040095661753836 0.07291253918082805 0.13785836924055908
3 0.44216944333984315 0.3945418215981791 0.056071630936090106 0.1352587241100696
3 0.587265690264831 0.13182499290013622 0.04886009247455165 0.13517481026293673
7 0.15549021241954186 0.4909588687386704 0.058475477089936265 0.13528669539244723
9 0.3616887439181994 0.19530146158741035 0.04886009247455165 0.13517481026293673
12 0.25313347894566385 0.74808733541839 0.06328316939762857 0.13534263795720244
7 0.18745185326779767 0.20048508207657226 0.0512639386283978 0.13520278154531434
1 0.7500077939390568 0.21664574676831702 0.048846107306737 0.1327709641090906
1 0.7114989101004654 0.6212183118909747 0.05846149192212161 0.13288284923860105
1 0.8444166995366511 0.7441509631909737 0.07284261334175404 0.12583913847132833
1 0.7407272519960778 0.06750938574153384 0.04872024079640351 0.11113634872447523
10 0.4490329553163105 0.7479631487783188 0.05112408695024994 0.11116432000685268
4 0.6201667414221265 0.6225592493144716 0.05351394793628117 0.10878844513538428
4 0.6473432704247108 0.7490688564975484 0.051096116614620365 0.10635662769916038
10 0.25900244129698186 0.5174020184962921 0.05830765507615876 0.10644054154629337
12 0.2034186885241107 0.05284434259167704 0.05106814627899066 0.10154893539146823
10 0.2583948878521876 0.6195514943935648 0.05830765507615876 0.10644054154629337
10 0.2691974090215311 0.4105567354208375 0.05827968474052912 0.10163284923860107
10 0.2791538275380793 0.056129284140417846 0.043856607817452195 0.1014650215443354
10 0.2777149579634542 0.22196669747342485 0.048664300125144506 0.10152096410909059
4 0.7096816396396913 0.515435095480555 0.0510681462789908 0.1015489353914682
4 0.5149343369034665 0.30044302263377304 0.046260453971298486 0.10149299282671304
4 0.6755724741767148 0.23020171393768807 0.043856607817452056 0.10146502154433534
10 0.4250620155514747 0.1395523159550323 0.043856607817452334 0.10146502154433541
10 0.27101387812715577 0.3096231682416767 0.04863632978951493 0.09671327180139827
4 0.6642796707787041 0.14834507393621962 0.043814652314007836 0.09425348308279695
4 0.6577735819366632 0.06293860726873715 0.03899297483850061 0.09179369436419556
4 0.7006388455495638 0.40716411906915645 0.04869227046077421 0.1063286564167829