8 0.8223934852613817 0.37497876524013474 0.06845447606850559 0.19789858052195755
2 0.20457705338729057 0.3725978379767819 0.07323419804056833 0.19314683077902062
11 0.8072789438866218 0.2870565672892956 0.06350693208266514 0.1738041764187409
5 0.20980430072942677 0.3005383959261525 0.07066252987294461 0.16427270565048901
9 0.8282204921092553 0.6130434483180367 0.07289855401301318 0.1354545230867128
3 0.5506050330308035 0.39826031802377276 0.056071630936090106 0.13525872411006945
3 0.40669672401492407 0.13454882467069676 0.04886009247455165 0.13517481026293676
7 0.8360823408741818 0.5013485160113235 0.058475477089936265 0.13528669539244723
9 0.6298768167916169 0.20205400008566038 0.04886009247455165 0.13517481026293673
12 0.7384530595158746 0.7538354339469884 0.06328316939762857 0.13534263795720244
7 0.8041137074420187 0.2112934565195754 0.05124995346058315 0.1327989353914682
1 0.24396161292460558 0.2143915323409775 0.04642827598507592 0.1303391466728669
1 0.28247748934710437 0.6187131979875506 0.05844750675430669 0.1304790030847549
1 0.14956669249482613 0.7373670851490899 0.07284261334175404 0.12583913847132833
1 0.25323516228367715 0.06665289336776065 0.04872024079640372 0.11113634872447521
10 0.543755506222151 0.7491659139205561 0.05111010178243502 0.10876047385300652
4 0.3738166506093509 0.6209780297948229 0.053499962768466386 0.10638459898153813
4 0.3466401216067663 0.7468722687655922 0.048692270460774074 0.1063286564167829
10 0.7325701119967417 0.525386135484471 0.05830765507615883 0.10644054154629337
12 0.7893627804304434 0.060871258568736326 0.04867828529295929 0.10392481026293675
10 0.7331776654415361 0.6275635826641213 0.058293669908343906 0.10403669539244721
10 0.7223751442721925 0.41828911086761783 0.058279684740528984 0.10163284923860107
10 0.7124117331717368 0.0647838698403452 0.043856607817452056 0.1014650215443354
10 0.713850602746362 0.2306772257381074 0.04866430012514437 0.10152096410909059
4 0.28429475980787855 0.5129579528595086 0.05106814627899066 0.1015489353914682
4 0.47783314688327294 0.30365719391125573 0.04626045397129835 0.10149299282671297
4 0.31719500961002456 0.22966773337657143 0.04384262264963741 0.09906117539048925
10 0.5677054682352646 0.144836362128458 0.04384262264963741 0.09906117539048923
10 0.7205586751665679 0.3172996011237018 0.04863632978951507 0.09671327180139827
4 0.3284878130080353 0.14806283491650143 0.043814652314007836 0.09425348308279695
4 0.3361888323430916 0.06401213337901888 0.03899297483850074 0.09179369436419556
4 0.2933375538980059 0.4048827754247534 0.048692270460774074 0.1063286564167829