8 0.17860040928118648 0.3724081554358035 0.07200518361650225 0.19752095448201368
2 0.7987227887675501 0.3700067133474057 0.076784904641817 0.19514507866379724
11 0.19078662567936888 0.2835427661664772 0.06932162463887998 0.17346850777573736
5 0.7906581261934947 0.29664745015165356 0.07644924925328557 0.16629892481764325
9 0.17777778264698918 0.6115698699917738 0.07373771899328588 0.13984263195752078
3 0.4504867662072004 0.3956230947834909 0.059286670787831335 0.1373548747967859
3 0.5904108000171321 0.12962828919154823 0.05207513232629287 0.13731291929334152
7 0.16686173340104585 0.49973508316666826 0.061662545659299864 0.13496501381075454
9 0.3676782605395792 0.1992411301232337 0.052047161043915255 0.13490907313949532
12 0.27076025651223307 0.7527263063687358 0.06406639181314602 0.13497899897856933
7 0.19230937643832038 0.20783559748813815 0.05445100719776141 0.1349230583073101
1 0.7547953907971316 0.20990620367987745 0.04961534360769148 0.1324912418178344
1 0.7258826770062898 0.6171623344073934 0.06163457437692225 0.13256116765690826
1 0.8618686544581772 0.7357339653434836 0.07359786258139805 0.12782340118829
1 0.7422438635974122 0.06080480888624933 0.05176744822013919 0.11087061160103381
10 0.4678196985628625 0.749065397821857 0.054171294373985344 0.11088459676884864
4 0.6345644944425136 0.6190347441842773 0.05414332309160759 0.1084807506150025
4 0.664879140613492 0.7454044892749779 0.05414332309160786 0.1084807506150025
10 0.27049284519901773 0.523172983844243 0.06132689027076857 0.1061188599646007
12 0.2037823251358738 0.057672131295734924 0.05408738052685248 0.10367305830731013
10 0.27408547085391216 0.6253504305505194 0.06132689027076857 0.10611885996460083
10 0.27884952210741 0.41505584759242525 0.061298918988390946 0.10371501381075454
10 0.2819352964182514 0.060530495403561965 0.044471995911467874 0.10361711763605096
10 0.2826633918253832 0.22638888743503915 0.049251716936782555 0.1012412418178344
4 0.721032185709717 0.5101702028095173 0.05405940924447514 0.10126921215346403
4 0.5214832995274806 0.29988880366408865 0.049251716936782555 0.1012412418178344
4 0.6816738820814672 0.22630657913844926 0.04444402462909025 0.10121327148220481
10 0.42949296412132776 0.14071051371718762 0.04444402462909025 0.10121327148220481
10 0.2788766513244736 0.31410130171479417 0.04922374565440501 0.0988373956639883
4 0.6687036277113977 0.144505884068606 0.04436011078195753 0.09400173302066636
4 0.6592971856485311 0.059120397519715776 0.041956264628111375 0.09398774785285155
4 0.710172079028529 0.4031431082921043 0.05173947693776144 0.10846676544718757