8 0.8311128748225196 0.3727007898569878 0.06962930874503351 0.20030242667580384
2 0.2036530861039184 0.3702079774641246 0.07435308720559324 0.19314683077902062
11 0.8177247353474143 0.2835906544704144 0.06691777848503368 0.17383214770111854
5 0.21051582560105078 0.2969605979777609 0.07404540309943955 0.1667045230867128
9 0.8367152224820317 0.6143852278068478 0.07373771899328574 0.14026221539440525
3 0.5555508204597926 0.39714230879398255 0.059286670787831335 0.13769054154629337
3 0.41081909434216857 0.1285951518508366 0.04967128617244672 0.13757865641678288
7 0.8440394881383947 0.5014743867820226 0.05925869950545358 0.13528669539244723
9 0.6371993599740571 0.1985461303432128 0.049643314890069234 0.13517481026293673
12 0.7448927147701446 0.7575670739484568 0.06406639181314616 0.13534263795720244
7 0.8137981384346167 0.20781355805950538 0.05204716104391539 0.13520278154531434
1 0.24519062356167962 0.2096118113156628 0.049643314890069096 0.13517481026293673
1 0.2824888276086052 0.6199570779880402 0.05925869950545371 0.13528669539244723
1 0.14644690759196266 0.740986840021048 0.0735978625813978 0.12824298462517447
1 0.2553522902487416 0.0594693261885998 0.04936360206629304 0.11113634872447523
10 0.5466033783602144 0.752855596998458 0.054171294373985344 0.11119229128923044
4 0.3738070101723815 0.6234238328722354 0.054171294373985344 0.11119229128923044
4 0.3458822245140606 0.7505199949199279 0.05171150565538395 0.10635662769916038
10 0.7403804050580451 0.5255120062551701 0.05892304411692241 0.10644054154629337
12 0.7999073579420283 0.0585932831855894 0.049195774372027316 0.09671327180139831
10 0.739177639915808 0.6288773908705548 0.06132689027076857 0.10646851282867086
10 0.7296198819958069 0.4171990729202052 0.058895072834544655 0.10403669539244721
10 0.7217543866596507 0.060088062662163315 0.044471995911467735 0.10386886769818154
10 0.7234301374063651 0.22599540420111433 0.049251716936782555 0.10152096410909059
4 0.2837335496744088 0.5129859241418863 0.051655563090628784 0.1015489353914682
4 0.4821504409856662 0.30012135288643055 0.0468478707829364 0.10149299282671304
4 0.31952804099545595 0.22610392106936864 0.04444402462909025 0.10146502154433534
10 0.5741687476741967 0.1401125836678985 0.04444402462909025 0.10146502154433541
10 0.7284048153430089 0.31500764009936605 0.04922374565440508 0.09911711795524443
4 0.331310357929791 0.14329709953237554 0.04438808206433501 0.09665732923664311
4 0.3395288625569234 0.056842551841046834 0.039552418474265084 0.09419754051804172
4 0.2946216276379745 0.4037228092713967 0.04933563078391542 0.10873250257062904