8 0.8271871924012592 0.3774385539587361 0.07085832222235175 0.1979265518043352
2 0.21063561685925775 0.3642543046442644 0.07563804419441447 0.19317480206139812
11 0.8144764971803453 0.28954432729027463 0.06831462439035746 0.1738601189834961
5 0.21706478727831705 0.29220884823482385 0.07306637602679075 0.16430067693286665
9 0.8306103530952866 0.6154752657542606 0.0729125391808281 0.13785836924055908
3 0.5566286335832338 0.39592640007587065 0.05848946225775119 0.13769054154629337
3 0.4151381558890152 0.1298390318513261 0.0512639386283978 0.1352027815453144
7 0.8384722018602132 0.5037803334475471 0.06087932324378242 0.1353146666748247
9 0.6382902783300785 0.20215189957398202 0.0512639386283978 0.13520278154531434
12 0.7372441438550441 0.7550233713827227 0.06328316939762857 0.13534263795720244
7 0.812506191228758 0.21499712523866626 0.0536537996144293 0.13282690667384583
1 0.2524240225504189 0.20607597029083757 0.04884610730673686 0.1327709641090906
1 0.2837213679274719 0.611515645167201 0.060865338075967626 0.13291082052097855
1 0.1496226331660853 0.7277517005337053 0.07285659850956883 0.12824298462517447
1 0.2640944254794292 0.05956722567692142 0.05112408695024987 0.11116432000685283
10 0.5425605757291353 0.7479500052024441 0.05351394793628117 0.10878844513538428
4 0.3738516135288879 0.6149684144102074 0.05351394793628117 0.10878844513538428
4 0.3466750845263033 0.7408626533809767 0.051096116614620365 0.10635662769916038
10 0.736175881227511 0.5254280924080373 0.06071150123000498 0.10646851282867086
12 0.800159110371029 0.06460289857020479 0.05106814627899052 0.10154893539146823
10 0.7331776654415361 0.6275635826641213 0.06069751606219006 0.1040646666748247
10 0.7271828365798848 0.41834505343237305 0.06069751606219033 0.10406466667482484
10 0.7220201252032141 0.0660976780467787 0.04387059298526698 0.10386886769818154
10 0.7222640642848236 0.23077512522642907 0.04866430012514437 0.10152096410909059
4 0.28794248454209215 0.5057883713215366 0.05347199243283681 0.10157690667384582
4 0.48506566309653354 0.30013533852761937 0.04866430012514464 0.10152096410909064
4 0.32564343406802304 0.22375601748027768 0.04384262264963741 0.09906117539048925
10 0.5761259223576335 0.14373233853985654 0.04384262264963741 0.09906117539048925
10 0.7265612979672759 0.31857145240656887 0.048650314957329716 0.09911711795524443
4 0.33813116795904946 0.14336702773831955 0.043814652314007836 0.09425348308279695
4 0.34704110295493634 0.05812838876510273 0.041410806160161684 0.09422551180041931
4 0.2981802091252352 0.3989291026048932 0.05111010178243502 0.10876047385300666