8 0.8250333312319604 0.36416550171927986 0.07203315489887967 0.19992480063585985
2 0.19891532200217008 0.36059709947349583 0.07918875079566316 0.19515906383161202
11 0.8128611004749667 0.2740981893730305 0.06934959592125758 0.1758723539295835
5 0.2057640758581137 0.2884467519385743 0.07647722053566333 0.16870277097148942
9 0.8258279865837801 0.605731062429096 0.0761415651471319 0.1398566171253357
3 0.5495412050751772 0.3874014188186894 0.059286670787831335 0.1373548747967859
3 0.40844321947070006 0.11900975965680796 0.05207513232629287 0.1373129192933415
7 0.8367580214709123 0.49269435252706767 0.06169051694167749 0.1373688599646007
9 0.6347815281790221 0.18860162283677126 0.05207513232629287 0.1373129192933415
12 0.7316156183592355 0.7492983375438118 0.06647023796699231 0.13499298414638397
7 0.8113383497160153 0.1983910206946914 0.05445100719776154 0.1349230583073101
1 0.2416407968956656 0.20050358238987506 0.049643314890069096 0.13489508797168054
1 0.2717274624810528 0.6101565666873298 0.061662545659299864 0.13496501381075468
1 0.1345115906698647 0.7311390363611735 0.07602968001762155 0.1302412325099511
1 0.2565821846080423 0.053415250406428236 0.05414332309160773 0.10683050081285647
10 0.5333682388728718 0.7444424985039173 0.054171294373985344 0.11088459676884864
4 0.36423358248056326 0.6132239069572294 0.0565751405278315 0.1108985819366633
4 0.33390495066839626 0.7407955751248531 0.05414332309160773 0.1084807506150025
10 0.7319249865960172 0.5161392457885497 0.06132689027076857 0.1061188599646007
12 0.801053338454196 0.04943108028951007 0.056435284115943535 0.09886216057902014
10 0.7283323609411227 0.6183166924948261 0.06373073642461471 0.10613284513241548
10 0.7235822953288137 0.406820186459809 0.06129891898839081 0.10371501381075454
10 0.7193085835822383 0.05146122388188513 0.04927968821916004 0.10292244776377026
10 0.7197824112520294 0.21695130322549983 0.04927968821916004 0.10364508797168054
4 0.2765779537776255 0.5031644350894537 0.05405940924447487 0.10126921215346403
4 0.47854467175489696 0.29166712769928715 0.049251716936782555 0.1012412418178344
4 0.317180137406365 0.215688049603709 0.0468478707829364 0.10122725665001954
10 0.5717509158791617 0.13127992209155565 0.04444402462909025 0.10121327148220478
10 0.723569151752939 0.30466371750525484 0.04922374565440508 0.0988373956639883
4 0.3301364061352456 0.13508927761078884 0.04438808206433501 0.0964055791745125
4 0.339556833839301 0.04850186798497553 0.041956264628111375 0.09398774785285154
4 0.28745204610000247 0.39493541749511757 0.05173947693776157 0.10846676544718757