6 0.8509674329187368 0.7235576923076923 0.08117302771384516 0.15865384615384615
2 0.8133145354502068 0.4831730769230769 0.09134783797678189 0.20673076923076922
5 0.5983504338858023 0.2920673076923077 0.06691777848503382 0.17307692307692307
4 0.6757062236204182 0.22596153846153846 0.051767448220138915 0.11057692307692307
4 0.7029605405669905 0.39903846153846156 0.05654716924545374 0.10817307692307693
4 0.6296300892988081 0.5012019230769231 0.058978986681677656 0.11057692307692307
4 0.5163662389830066 0.06370192307692307 0.0372045148851743 0.0985576923076923
4 0.5167315497845435 0.3016826923076923 0.05168353437300633 0.10336538461538461
3 0.44449113646377375 0.3942307692307692 0.06652618053174728 0.13942307692307693
9 0.5051861466851041 0.13581730769230768 0.05685485335160756 0.1346153846153846
7 0.4516903734147515 0.5997596153846154 0.061802402071187965 0.1466346153846154
8 0.26994656312734033 0.3713942307692308 0.08162056823188693 0.1971153846153846
11 0.3628014820912569 0.29447115384615385 0.06462581746069815 0.18269230769230768
9 0.36147537237426275 0.49038461538461536 0.06661009437888027 0.1466346153846154
12 0.20142043590559403 0.06009615384615385 0.058978986681677656 0.11057692307692307
10 0.2771276041105591 0.05889423076923077 0.049251716936782555 0.10096153846153846
10 0.282607449260628 0.21995192307692307 0.054115351809230106 0.10576923076923077
10 0.4374046267076205 0.3016826923076923 0.04922374565440508 0.0985576923076923
10 0.45809242881796747 0.7367788461538461 0.06378667898936996 0.11057692307692307
10 0.2728136195710451 0.6177884615384616 0.06138283283552381 0.11057692307692307
12 0.2683144534348205 0.7475961538461539 0.08094925745482434 0.13942307692307693