6 0.8455906522779445 0.7197773588601452 0.07784609799885363 0.15954892718992944
2 0.8117122420839122 0.47496266347993515 0.09015901729219504 0.2101695528325869
5 0.597818081123807 0.27912081427804564 0.06353490241829499 0.17861186872643314
4 0.6779693277466536 0.21327993016454969 0.04872024079640379 0.1111363487244752
4 0.7018337760425796 0.38969689528965473 0.05352793310409609 0.11119229128923044
4 0.6255050687516316 0.49275543786419973 0.0583356254117884 0.11124823385398568
4 0.5195314503387873 0.04756476304290366 0.03663108418809895 0.09512952608580733
4 0.5161432525642968 0.289687222494269 0.051096116614620365 0.10635662769916052
3 0.4409605276790127 0.3831163948122405 0.06331113973325814 0.14015033026489476
9 0.5067438366948922 0.12031396813643672 0.05368176995005874 0.13763459898153813
7 0.44217723727889996 0.5922510101968559 0.058559388096824976 0.14970977231552413
8 0.2629220754484346 0.3587439620158758 0.078083845851705 0.2004143118053142
11 0.3586283962322072 0.28070203379769454 0.0611730117678932 0.18579543590559405
9 0.35377954977622 0.4802911927728693 0.06336708040451729 0.14976571488027937
12 0.20101484237026457 0.04947380306517536 0.05587583858668296 0.09894760613035072
10 0.2779239341255267 0.046601437931504286 0.04863632978951493 0.09320287586300857
10 0.28005587086213374 0.20468802355188986 0.053499962768466386 0.10638459898153813
10 0.4356004212426359 0.28822041430007267 0.046260453971298486 0.10149299282671297
10 0.4453922231660044 0.7316461158375552 0.0631433177194807 0.11130417641874092
10 0.25956884059348106 0.6087999045806309 0.058335625411788335 0.11124823385398568
12 0.25191757070092596 0.739907419453568 0.0801380628101813 0.14034612924153797