6 0.867176319575208 0.726174521399358 0.08268176064217524 0.16393703416724145
2 0.8296781549825918 0.4783685900359823 0.094980694767702 0.2120838830832386
5 0.6097883638056859 0.2811824782263743 0.0683425947259873 0.17827620008342968
4 0.6899256252607178 0.21434328904047767 0.051138072118064586 0.11327445775487995
4 0.7149989892174743 0.392367756103241 0.0583356254117884 0.11091256710447822
4 0.6398861901712641 0.49649453100938257 0.05834961057960305 0.11331641325832437
4 0.5255130953877731 0.04993075916753304 0.03900696000631553 0.09397376268503675
4 0.5257166816762371 0.29151030504516406 0.05349996276846652 0.10607690446115633
3 0.45174986503569087 0.3860286879198285 0.06813281720876538 0.14221850777573736
9 0.513906427069079 0.1207742948669206 0.05850344742556583 0.13975872095063208
7 0.45778825211108515 0.5975951197939195 0.06336708040451729 0.14940207590164625
8 0.2725234748960044 0.3609483313791646 0.08051566234118071 0.20478843361481142
11 0.3682158105119623 0.2821808150148334 0.06359084308955414 0.18786361436318472
9 0.365784795377636 0.4840829141861881 0.06817477271220959 0.14943004623727582
12 0.2034186885241107 0.05166251591111954 0.05822374406926997 0.09168179787370898
10 0.2815297033562959 0.04971318771125428 0.050998220439916725 0.08923599621641842
10 0.2872394389880426 0.20478923496996077 0.05351394793628117 0.1084807506150025
10 0.44518084293848353 0.28983987884644535 0.048664300125144506 0.10124124181783446
10 0.46221215365902 0.7382410975456418 0.06315730288729536 0.11334438359395395
10 0.2727899944396349 0.6133451849491034 0.06075345673344927 0.11333039842613915
12 0.26754956328483337 0.7455217604911049 0.08497372545350323 0.14472025010428716