6 0.8291392152842703 0.7294347003990962 0.08117302771384516 0.1595768984723072
2 0.8031461322406325 0.48457804809531974 0.09377965541300554 0.2101975241149644
5 0.5987369794472047 0.2874643476105632 0.06934959592125758 0.17626396513734224
4 0.6799790933016798 0.2252292327278364 0.05176744822013919 0.11116432000685282
4 0.6971819445600723 0.39928430862266173 0.05654716924545401 0.10881641641776191
4 0.6178961363414017 0.49995299068454935 0.058978986681677656 0.11124823385398568
4 0.5293208235812591 0.056332332235737574 0.0372045148851743 0.09897726154335641
4 0.5169083107281138 0.2968288327498634 0.05168353437300633 0.10395278154531436
3 0.4401382337927996 0.38785415891398883 0.06652618053174728 0.14017830154727223
9 0.514058608186854 0.12861554454538784 0.05688282463398518 0.1376625702639157
7 0.43532885735447924 0.5946128994271356 0.06420624822503412 0.1473618687264331
8 0.2649791343093729 0.3622518317583233 0.08164853951426448 0.2004422830876918
11 0.36201407585811374 0.2854118266170652 0.06462581746069815 0.18341956103412546
9 0.35009106044657645 0.4838410194388833 0.06661009437888027 0.1473898400088107
12 0.21331295383881152 0.05302362973118938 0.06375870770699234 0.10604725946237877
10 0.2902779876854549 0.04893535587940642 0.051655563090628714 0.09787071175881285
10 0.2859860799711202 0.20938383073007172 0.054115351809230106 0.10638459898153813
10 0.43762334457475716 0.2941461158375552 0.04922374565440508 0.09911711795524443
10 0.4325185855408438 0.7328480389144783 0.06381465027174744 0.11370802257258707
10 0.25248270760909475 0.6099598707339877 0.06138283283552381 0.11127620513636316
12 0.24016893630958508 0.738691510735456 0.08338107489104811 0.14277794667776186