6 0.8400544224648996 0.7357059950078539 0.078769181559999 0.1591013715239196
2 0.8104555701904925 0.49032488755004644 0.08894399182293575 0.2072342352721018
5 0.601196768165806 0.29318073124388283 0.06454190361356542 0.17584438359395393
4 0.6824808389438476 0.2287453882118324 0.04936360206629304 0.110856626433219
4 0.7020735507148976 0.40435202395293474 0.05414332309160786 0.1084807506150025
4 0.6239756799319611 0.5048660370443998 0.0565751405278315 0.11089858193666344
4 0.526986905633357 0.05956012895073245 0.03480066873132815 0.09875348465709946
4 0.5193680994467151 0.3011186970766413 0.05171150565538395 0.10606291929334155
3 0.4425700512290234 0.39322624121355215 0.06412233437790113 0.13978669128626164
9 0.5129126276746862 0.13280051822005876 0.05445100719776141 0.1349230583073101
7 0.44135245838028353 0.6011659261051518 0.05939855591734181 0.1469702594121705
8 0.2661950430274848 0.3657560236868569 0.07921672207804072 0.19756290998545817
11 0.36324397021741434 0.2893923534763718 0.06222197130685213 0.18304193688767761
9 0.35371081531853454 0.4888696287421582 0.06420624822503412 0.1469982297478001
12 0.2097351558904199 0.052906394491487 0.05408738052685248 0.10367305830731015
10 0.28667221845468566 0.05215199678463742 0.049251716936782555 0.1012412418178344
10 0.286000065612309 0.2132166816762371 0.05171150565538395 0.10606291929334155
10 0.43885323893405787 0.2994482708779226 0.0468478707829364 0.10122725665001954
10 0.44214795579741717 0.7394010651191205 0.06138283283552381 0.11092655227229314
10 0.2584923229937101 0.6145261302743042 0.058978986681677656 0.11091256710447822
12 0.24855442656566898 0.7454867975715678 0.08094925745482434 0.13988458746096527