6 0.8346628463409799 0.730696099509559 0.08024994415269979 0.15911535669173452
2 0.8084311175210437 0.48806846740096776 0.09256286344604092 0.20966605176157765
5 0.6016661867258869 0.2885570305707938 0.06832860955817252 0.1758723539295835
4 0.6837605703198407 0.22558153486509072 0.05112408695024994 0.11087061160103386
4 0.7007754918071142 0.3997554922603258 0.05591779409012732 0.10849473578281714
4 0.6232720304197231 0.49996263301501476 0.058335625411788126 0.11091256710447822
4 0.5309073633885375 0.05580350868216074 0.03663108418809895 0.09876746982491426
4 0.5210953850685963 0.2962370721541279 0.05108213144680544 0.10365907313949539
3 0.44364786435246456 0.3868288282934322 0.0657149858871043 0.13980067645407643
9 0.5160647314310166 0.12800280430443414 0.05608561610390503 0.1373408896289711
7 0.44003430118263853 0.5947755057689392 0.06335309523670264 0.1469982297478001
8 0.2683279245515654 0.36020551477468155 0.08048769200555114 0.199980741307119
11 0.36612422656850074 0.2839179616320285 0.06356287275392457 0.1830559220554924
9 0.35415314253147234 0.4822982025795027 0.06575694139054879 0.1470122149156149
12 0.21844931889198188 0.051130278179007844 0.058293669908343906 0.10226055635801569
10 0.29297554224512007 0.04970459241704803 0.05347199243283681 0.09940918483409605
10 0.28964867501549735 0.20744241007902503 0.053499962768466386 0.10607690446115633
10 0.44058751666647233 0.29309980604515434 0.048650314957329716 0.0988373956639883
10 0.43923714661719504 0.73179473653817 0.06315730288729536 0.11334438359395395
10 0.25727206765125676 0.6078576092920946 0.06073947156563449 0.110926552272293
12 0.24690847655778056 0.7365193191941231 0.08255589413184222 0.1423024187826261