6 0.1555763078794415 0.7337168327988122 0.07784609799885349 0.15954892718992944
2 0.18945471807347383 0.48814691279440675 0.08774118597053403 0.207737735396363
5 0.40213297078884125 0.28977197840671576 0.06352091725048006 0.17620802257258708
4 0.3219817241659946 0.22580517021251947 0.04872024079640379 0.1111363487244752
4 0.2993261915308991 0.40153768098468723 0.05351394793628124 0.10878844513538428
4 0.37445996832883155 0.501618124051331 0.055931779257942245 0.11122026257160805
4 0.4792106859130304 0.05571780608874425 0.034227238034252795 0.09894929026097882
4 0.48381479193225874 0.2972344163443387 0.05109611661462023 0.10635662769916052
3 0.5577955937406198 0.3889153835137098 0.06331113973325814 0.14015033026489476
9 0.492005292140833 0.1288812717279751 0.05366778478224395 0.13523075282769198
7 0.5565858767246399 0.5968480758214021 0.05854540292901033 0.14730592616167798
8 0.735834045971198 0.3604032009254592 0.0780698606838902 0.19801046565146804
11 0.6401277251874252 0.2845989752974865 0.06115902660007841 0.1833915897517479
9 0.6449765716434126 0.4840482778607733 0.06335309523670264 0.14736186872643323
12 0.7965603337241671 0.049604140460526885 0.05351394793628117 0.09920828092105377
10 0.7208391798780133 0.04822781790140078 0.04866430012514437 0.09645563580280156
10 0.7187002505574989 0.20676683169713736 0.051096116614620365 0.10635662769916052
10 0.5643576232539197 0.29389353223084275 0.04626045397129835 0.10149299282671297
10 0.553377883421443 0.7350972009499336 0.060739471565634556 0.11127620513636316
10 0.7391942734100589 0.6091453352837809 0.058335625411788126 0.11124823385398568
12 0.746845543302614 0.7400570511800747 0.08013806281018122 0.14034612924153797