6 0.15567282095628363 0.7262823959661293 0.08026392932051443 0.16151920284558066
2 0.1903040261468667 0.4808803107565997 0.09256286344604113 0.20966605176157765
5 0.4043294434909138 0.28732094592948315 0.06832860955817238 0.1758723539295835
4 0.32581985137600683 0.2216696946526948 0.05112408695024994 0.11087061160103379
4 0.3003984609341793 0.39730430072942674 0.05591779409012739 0.10849473578281728
4 0.37671398441246196 0.4990272294817223 0.0583356254117884 0.11091256710447822
4 0.4835157135345395 0.05608321203845667 0.03663108418809895 0.09876746982491426
4 0.48732506905377265 0.2976557653321803 0.053499962768466386 0.10607690446115633
3 0.5611877982908574 0.39097921771382904 0.06811883204095046 0.1398146616218912
9 0.49596149192212147 0.12933059389169038 0.05608561610390503 0.1373408896289711
7 0.5587917460760681 0.5989328877732435 0.06335309523670264 0.1469982297478001
8 0.7377306389204018 0.36591284634098 0.080487692005551 0.19998074130711913
11 0.6423241978894978 0.2883402604696644 0.06357685792173921 0.18545976820933857
9 0.6470907360488951 0.487838513487173 0.06816078754439495 0.14702620008342968
12 0.8008164132583244 0.053040345812233006 0.05590380892231268 0.10608069162446601
10 0.7226774280905096 0.05146122388188513 0.053485977600651595 0.10292244776377026
10 0.7212105881802547 0.2121575960856223 0.05349996276846652 0.10607690446115627
10 0.5666449995467884 0.295992331717369 0.048664300125144506 0.1012412418178344
10 0.5547882009177265 0.7371820119550271 0.06315730288729536 0.11334438359395395
10 0.7391781037892332 0.614710923264057 0.060739471565634556 0.11092655227229287
12 0.7459569034036624 0.7468874988060583 0.08255589413184229 0.1423024187826261