6 0.839956522976578 0.7490565549869879 0.078769181559999 0.15954892718992944
2 0.8103856419845485 0.5010827888287361 0.09137580925915965 0.2101695528325869
5 0.5987509650883934 0.3002760370048214 0.06697372104978919 0.17863984000881078
4 0.6800350358664351 0.23630922881062513 0.04936360206629304 0.1111363487244752
4 0.7008156850732193 0.41325764830090467 0.054171294373985344 0.11119229128923044
4 0.621501905572171 0.514512043162094 0.058978986681677656 0.11124823385398568
4 0.5233531651202102 0.06499197032754918 0.03723248616755179 0.10138110769720257
4 0.5157063876511907 0.3089264123781786 0.05171150565538395 0.10635662769916052
3 0.43890833943349894 0.4005933939063609 0.06652618053174728 0.14017830154727223
9 0.5092788871615392 0.13815543596678 0.05447897848013902 0.13763459898153813
7 0.4364608522254584 0.6109299323678994 0.059426527199719296 0.14970977231552413
8 0.26012948507811423 0.3720672256769214 0.07927266464279589 0.20281815795916033
11 0.3583803353449669 0.2962769856901376 0.062249942589229605 0.18579543590559405
9 0.34883319480489816 0.4969142256891586 0.06423421950741161 0.14976571488027937
12 0.20371155486461573 0.05526217438671201 0.054115351809230106 0.10638459898153815
10 0.2806486174288815 0.05495533234587237 0.04927968821916018 0.10392481026293675
10 0.279962478945316 0.21722893337167656 0.054115351809230106 0.10638459898153813
10 0.43400358970279906 0.3055715426234938 0.0468478707829364 0.10149299282671297
10 0.43724236400140326 0.7503809805733539 0.06381465027174758 0.11370802257258707
10 0.25239879376196195 0.6232132061890893 0.058978986681677656 0.11124823385398568
12 0.242446911692732 0.7553268451623061 0.08338107489104811 0.14277794667776186