6 0.8521973272780374 0.730870332364532 0.08117302771384516 0.15911535669173452
2 0.8145304441683187 0.489081008969679 0.09377965541300554 0.20966605176157765
5 0.5971485108088793 0.29552164414256243 0.06934959592125758 0.1758723539295835
4 0.6756922379792294 0.2286754623727584 0.05176744822013919 0.11087061160103379
4 0.7029745262081792 0.404303075865583 0.05654716924545401 0.10849473578281728
4 0.6296440749399969 0.5060329972017859 0.058978986681677656 0.11091256710447822
4 0.5151363446237058 0.06429090283544338 0.0372045148851743 0.09876746982491427
4 0.5155296267076205 0.30466153305224397 0.05168353437300633 0.10365907313949532
3 0.44330319902803955 0.3979849854338927 0.06652618053174728 0.13980067645407643
9 0.5039702379669921 0.13753828468867707 0.05688282463398518 0.1373408896289711
7 0.45051642162020605 0.6047437250002916 0.06420624822503412 0.1469982297478001
8 0.2675427169734942 0.372925606644951 0.08164853951426455 0.19998074130711913
11 0.36038365029622194 0.2953460281897281 0.06462581746069815 0.1830559220554924
9 0.3602874349385284 0.4936493507142209 0.06661009437888027 0.1470122149156149
12 0.19900260411055906 0.06004800711395148 0.05654716924545388 0.10849473578281724
10 0.2759116953924472 0.05929360940710189 0.051655563090628714 0.10125522698564919
10 0.28139154054251614 0.2203722794665164 0.054115351809230106 0.10607690446115633
10 0.4362027036306974 0.3042000225143557 0.04922374565440508 0.09883739566398823
10 0.456918477023422 0.7417909261051518 0.06381465027174744 0.11334438359395395
10 0.2704237590583877 0.6205217604911049 0.06138283283552381 0.11092655227229287
12 0.265938578563352 0.7514964129561832 0.08338107489104811 0.1423024187826261