1 0.2481259240807003 0.16251214976043116 0.05201918976153763 0.13250522698564918
1 0.4673497517504916 0.32966416981477703 0.05201918976153763 0.1325052269856491
5 0.2824205835332893 0.4175366121692528 0.05721848002251648 0.16618704347512497
3 0.21764345021545645 0.3029693277466536 0.07672896207706177 0.1903373863561048
6 0.14102384707196297 0.7929413806807324 0.07857338258335574 0.1422744484469965
6 0.26102625024482573 0.08686092175335128 0.05668702565734191 0.12051396655204802
3 0.17385506659161185 0.5539335029707251 0.07614156514713202 0.13985661712533556
4 0.30727021226070145 0.34796492538586227 0.046875842065314026 0.10363110280386569
3 0.38417930354258956 0.34961437383285887 0.06409436309552365 0.13738284513241547
4 0.3330437353718887 0.09569393832625671 0.0468478707829364 0.10122725665001961
4 0.4113916635655955 0.18029006424876037 0.046875842065314026 0.10363110280386575
4 0.4765184379131485 0.26480927174828267 0.04690381334769164 0.10603494895771191
4 0.4611295096827301 0.45103043024837824 0.054115351809230106 0.10607690446115633
4 0.24800898655930562 0.792361797571568 0.05660311181020912 0.11330242809050944
4 0.39145908607944396 0.5503914683502719 0.05173947693776157 0.10846676544718757
4 0.44894076708860564 0.6721283357309651 0.05660311181020898 0.11330242809050944
9 0.6392387373916804 0.32946218623661194 0.06163457437692225 0.1325611676569084
12 0.645999367073921 0.7814551889987628 0.06890205540321595 0.13741081546804507
12 0.7922762502448256 0.08995164384042131 0.051851362067272186 0.11808215006257229
7 0.8048121076727283 0.14892279303263345 0.05934261335258657 0.14216256710447822
7 0.8517108686285356 0.6636535436476358 0.07136184412181734 0.14223249294355228
8 0.8306513486632892 0.4075040765848726 0.07684084720657197 0.19995277097148942
10 0.5728820686848267 0.24733983230702838 0.046875842065314026 0.10363110280386575
11 0.7174345076629384 0.2205347116066854 0.07407337438181717 0.1686887858036747
10 0.5759440820398607 0.08749105566016654 0.04441605334671277 0.09880942532835862
10 0.718105818440001 0.1628424039143777 0.04441605334671277 0.09880942532835867
10 0.7316749291852468 0.33961599981286617 0.0516835343730062 0.10365907313949527
10 0.731730029684688 0.4381806847044659 0.0565751405278315 0.1108985819366633
10 0.7446697865764378 0.6690408190644929 0.04927968821916004 0.10364508797168061
10 0.5608603117196538 0.5573870380658305 0.04944751591342576 0.11806816489475754
10 0.5436960491235714 0.7928800501358648 0.058978986681677656 0.11091256710447794