1 0.2660314256597893 0.13975952230578145 0.05445100719776141 0.13492305830731016
1 0.4892411610683896 0.317728850052435 0.052047161043915255 0.13490907313949527
5 0.2978984780027248 0.3995427289349436 0.057274422587271716 0.17099473578281715
3 0.23402788516622203 0.28139065303329736 0.07916077951328554 0.1927552176777658
6 0.14964573856677837 0.7760585169325502 0.07860135386573339 0.14467829460084267
6 0.2807893159060835 0.06533119512734688 0.056687025657341975 0.12051396655204802
3 0.18648410058510156 0.5335008106630329 0.07857338258335574 0.1422744484469965
4 0.32352961850608186 0.3299850273193679 0.04690381334769164 0.10603494895771184
3 0.40169657542964826 0.33404531450411806 0.06652618053174741 0.13980067645407643
4 0.35421850872790167 0.07537312736108277 0.0468478707829364 0.10122725665001961
4 0.4333644605346843 0.16356802993044825 0.04690381334769164 0.10603494895771191
4 0.49688541234146694 0.2516720289090176 0.04690381334769164 0.10603494895771184
4 0.47986437441852875 0.4414639937203454 0.05414332309160773 0.1084807506150025
4 0.2590207385667784 0.7766948420681234 0.056631083092586736 0.1157062742443556
4 0.4064919662267798 0.539588145825779 0.05176744822013919 0.11087061160103372
4 0.4656247949615343 0.6637218667764111 0.05660311181020898 0.11330242809050944
9 0.6623600410688792 0.32234155136586967 0.0616625456593 0.13496501381075454
12 0.664096786772233 0.7814551889987629 0.07133387283943958 0.13982864678970613
12 0.8206485764211884 0.08529778837869177 0.0518793333496494 0.12048599621641841
7 0.8321651661729361 0.14545687548001218 0.06177443078881048 0.14458039842613915
7 0.8755085354746812 0.6685101840426799 0.07138981540419483 0.14463633909739843
8 0.8544727764652422 0.4099918337456075 0.07930063592517364 0.2047744484469965
10 0.5952752769548937 0.23782234386634735 0.04690381334769164 0.10603494895771191
11 0.742832102592656 0.2146439701484958 0.07410134566419493 0.17109263195752078
10 0.6005847682147548 0.07440276090825326 0.0468478707829364 0.10122725665001958
10 0.7445506523282509 0.15576372454707982 0.04681989950055892 0.09882341049617345
10 0.7550759456862217 0.3373030572498162 0.05171150565538395 0.10606291929334141
10 0.7550348308279694 0.43705568005052425 0.05660311181020898 0.11330242809050944
10 0.7661754923982477 0.6714796281378761 0.0516835343730062 0.10365907313949553
10 0.5796947600744021 0.5514123856007521 0.04944751591342576 0.11806816489475754
10 0.5596413642094357 0.7904622188142038 0.06138283283552381 0.11092655227229314