1 0.7391826923076923 0.14954571474310394 0.04807692307692308 0.13008739566398825
1 0.5204326923076923 0.3214914419373273 0.04807692307692308 0.1300873956639883
5 0.7067307692307693 0.4057441298932191 0.052884615384615384 0.1661730583073102
3 0.7704326923076923 0.2899889075615116 0.07211538461538461 0.18791955503444394
6 0.8497596153846154 0.7787100893313157 0.07211538461538461 0.13984263195752078
6 0.7247596153846154 0.07511039498076193 0.052884615384615384 0.1204999813842332
3 0.8161057692307693 0.5397231893730304 0.07211538461538461 0.13743878580367463
4 0.6814903846153846 0.336179435693736 0.04326923076923077 0.1036171176360509
3 0.6045673076923077 0.33782888414073253 0.06009615384615385 0.1373688599646007
4 0.6538461538461539 0.08513834204668305 0.04326923076923077 0.10121327148220478
4 0.5757211538461539 0.1709293984622024 0.04326923076923077 0.10121327148220481
4 0.5120192307692307 0.256636543870833 0.04326923076923077 0.10602096378989706
4 0.5276442307692307 0.4428437172031137 0.05048076923076923 0.10606291929334141
4 0.7427884615384616 0.7781305062221511 0.052884615384615384 0.1132884429226948
4 0.5985576923076923 0.5409888470602695 0.04807692307692308 0.10845278027937291
4 0.5408653846153846 0.6627187218570554 0.052884615384615384 0.11088459676884864
9 0.3485576923076923 0.3236933045130084 0.057692307692307696 0.1325471824890936
12 0.3449519230769231 0.7756373591878075 0.06490384615384616 0.13739683030023014
12 0.19471153846153846 0.08660758602238611 0.04807692307692308 0.1156643187409113
7 0.18269230769230768 0.14557174263069086 0.055288461538461536 0.14214858193666335
7 0.13822115384615385 0.6614554682352646 0.0673076923076923 0.14221850777573736
8 0.15865384615384615 0.4053269789242234 0.07211538461538461 0.19753493964982846
10 0.41466346153846156 0.24037602009040915 0.04326923076923077 0.1036171176360509
11 0.2704326923076923 0.21597474554391233 0.0673076923076923 0.16866081546804507
10 0.4110576923076923 0.0805412286113621 0.04326923076923077 0.09880942532835867
10 0.2692307692307692 0.15828943043551202 0.04326923076923077 0.0964055791745125
10 0.25721153846153844 0.3350420485822783 0.04807692307692308 0.10124124181783446
10 0.25721153846153844 0.43359974088997066 0.052884615384615384 0.11088459676884864
10 0.24519230769230768 0.6656408205751985 0.04807692307692308 0.10124124181783446
10 0.42908653846153844 0.5503882629296742 0.04567307692307692 0.11565033357309645
10 0.44711538461538464 0.7858602972479863 0.057692307692307696 0.11091256710447822