1 0.25600961538461536 0.15653749729535274 0.04807692307692308 0.13008739566398825
1 0.47596153846153844 0.3284902170734835 0.04807692307692308 0.1300873956639883
5 0.28846153846153844 0.41273591244546787 0.052884615384615384 0.1661730583073102
3 0.22596153846153846 0.29818960577459086 0.07211538461538461 0.18791955503444394
6 0.14543269230769232 0.7869037949604875 0.07211538461538461 0.13984263195752078
6 0.2704326923076923 0.08330410060993383 0.052884615384615384 0.12049998138423319
3 0.18028846153846154 0.5479238875861098 0.07211538461538461 0.13743878580367463
4 0.3137019230769231 0.34437314132290786 0.04326923076923077 0.1036171176360509
3 0.3918269230769231 0.34602958235381187 0.06009615384615385 0.1373688599646007
4 0.3425480769230769 0.09333904025976233 0.04326923076923077 0.10121327148220481
4 0.4206730769230769 0.1779281735983586 0.04326923076923077 0.10121327148220481
4 0.4831730769230769 0.2648302495000049 0.04326923076923077 0.10602096378989713
4 0.46875 0.45104441541619306 0.05048076923076923 0.10606291929334141
4 0.25240384615384615 0.7863242118513228 0.052884615384615384 0.1132884429226948
4 0.39663461538461536 0.5491825526894415 0.04807692307692308 0.10845278027937291
4 0.4543269230769231 0.6709124274862274 0.052884615384615384 0.11088459676884864
9 0.6466346153846154 0.3306850870652572 0.057692307692307696 0.1325471824890936
12 0.6514423076923077 0.7826361343239637 0.06490384615384616 0.13739683030023014
12 0.8016826923076923 0.09360636115854233 0.04807692307692308 0.1156643187409113
7 0.8125 0.15376544825986274 0.055288461538461536 0.1421485819366634
7 0.8581730769230769 0.6684542433714208 0.0673076923076923 0.14221850777573736
8 0.8365384615384616 0.41352068455339536 0.07211538461538461 0.19753493964982846
10 0.5805288461538461 0.24856972571958108 0.04326923076923077 0.1036171176360509
11 0.7247596153846154 0.22416845117308423 0.0673076923076923 0.16866081546804507
10 0.5853365384615384 0.0887419268244414 0.04326923076923077 0.09880942532835862
10 0.7271634615384616 0.16649012864859133 0.04326923076923077 0.0964055791745125
10 0.7391826923076923 0.34324274679535766 0.04807692307692308 0.10124124181783446
10 0.7379807692307693 0.4417934465191425 0.052884615384615384 0.11088459676884864
10 0.7512019230769231 0.6726395957113547 0.04807692307692308 0.10124124181783446
10 0.5673076923076923 0.5585889611427535 0.04567307692307692 0.11565033357309645
10 0.5480769230769231 0.7940540028771582 0.057692307692307696 0.11091256710447822