1 0.25629550996966927 0.1604448502913271 0.048832122138922074 0.13036711795524442
1 0.4740595556387261 0.3324613908338432 0.048832122138922074 0.13036711795524442
5 0.28726500525822396 0.41563015491111704 0.05384959196383631 0.16648075282769198
3 0.2242273776525037 0.30070622362041816 0.07320622770493876 0.1883391384713282
6 0.14205447292526951 0.7889658636096495 0.07292652434864283 0.14026221539440525
6 0.2711521270950049 0.08609344721636193 0.053583873775355235 0.12080767590461505
3 0.178301766353611 0.5501887548964324 0.07291253918082798 0.13785836924055894
4 0.31290396715633023 0.34741423799146653 0.04387059298526698 0.1038688676981815
3 0.3898200514954998 0.34951124210447304 0.06089330841159734 0.13771851282867084
4 0.34200964796220723 0.09653398466188598 0.043856607817452195 0.10146502154433537
4 0.4196451670886894 0.18157766672377357 0.043856607817452195 0.10146502154433534
4 0.4828436241242798 0.26885736724524173 0.0438845781530819 0.10627271385202772
4 0.4661347736186331 0.45497363083286424 0.051096116614620365 0.10635662769916052
4 0.24903261935533075 0.7890086625985299 0.05354191827191088 0.11359613744307659
4 0.3946479201997649 0.5527061703104171 0.048706255628588865 0.10873250257062904
4 0.4516339769174253 0.6747717118567104 0.05352793310409609 0.11119229128923044
9 0.6459275630548189 0.3356632606007652 0.05846149192212161 0.13288284923860105
12 0.6481060438133294 0.7876422800885974 0.06570100071928965 0.1377744553934261
12 0.80115125593073 0.1006745765190859 0.048748211132033356 0.11594404103216754
7 0.8128278500884982 0.15970866370020473 0.0561135864395346 0.14247026257160805
7 0.8543061780222856 0.6746492093472672 0.06813281720876538 0.14261011898349588
8 0.8353559135029618 0.41960376113936537 0.0732621683761979 0.1979545230867128
10 0.5802972895297527 0.2531632811046117 0.04387059298526698 0.1038688676981815
11 0.7246749030225772 0.22960117343188358 0.06828665405472815 0.16905242667580378
10 0.5848330724202058 0.09334946879740894 0.04384262264963741 0.09906117539048923
10 0.7262124701270553 0.17192285138076466 0.04382863748182276 0.09665732923664304
10 0.7372037910618986 0.34874540010034505 0.04866430012514437 0.10152096410909059
10 0.736630399181492 0.44730309240803734 0.05352793310409582 0.11119229128923044
10 0.7473070538405022 0.6782121795891561 0.04866430012514437 0.10152096410909059
10 0.564070125958567 0.5630916072565 0.046344364978187204 0.11591606974978988
10 0.5446707333588706 0.798458745715591 0.0583356254117884 0.11124823385398568