1 0.25094399882749874 0.1622596153846154 0.05124995346058302 0.13221153846153846
1 0.47546666771441204 0.328125 0.05124995346058302 0.13221153846153846
5 0.29088796507740566 0.4170673076923077 0.05625343811768253 0.1658653846153846
3 0.22411790037543358 0.30288461538461536 0.07562405902659969 0.18990384615384615
6 0.15485548999426746 0.7932692307692307 0.07774820182414992 0.14182692307692307
6 0.26373161247139393 0.08774038461538461 0.05598771992920139 0.1201923076923077
3 0.1847209583806026 0.5552884615384616 0.07533037050248897 0.13942307692307693
4 0.3133259262562224 0.3485576923076923 0.04627443913911314 0.10336538461538461
3 0.3914509262562224 0.3485576923076923 0.06329715456544335 0.13701923076923078
4 0.33588895259022294 0.09495192307692307 0.04626045397129835 0.10096153846153846
4 0.4157053565406639 0.17908653846153846 0.04627443913911314 0.10336538461538461
4 0.482300606644951 0.26322115384615385 0.04628842430692806 0.10576923076923077
4 0.47016330330444384 0.4495192307692308 0.05349996276846652 0.10576923076923077
4 0.2618196512565139 0.7920673076923077 0.055945764425756966 0.11298076923076923
4 0.40223407238414255 0.5492788461538461 0.05111010178243502 0.10817307692307693
4 0.4618345541280205 0.6706730769230769 0.0559457644257569 0.11298076923076923
9 0.6461327520535816 0.3269230769230769 0.060865338075967765 0.13221153846153846
12 0.660781194371994 0.7788461538461539 0.06810484687313553 0.13701923076923078
12 0.7949746198874864 0.08653846153846154 0.05116604245369416 0.11778846153846154
7 0.8085314177611954 0.14423076923076922 0.058517432593380755 0.14182692307692307
7 0.8644158516420848 0.6598557692307693 0.07053666336261152 0.14182692307692307
8 0.8376930392383317 0.4050480769230769 0.0756799996978587 0.19951923076923078
10 0.5771546335471704 0.24639423076923078 0.04627443913911314 0.10336538461538461
11 0.7224195038410853 0.21754807692307693 0.07309434636242046 0.16826923076923078
10 0.5786214734574252 0.08533653846153846 0.04384262264963741 0.0985576923076923
10 0.7220838598135302 0.15985576923076922 0.04384262264963741 0.0985576923076923
10 0.738743762231825 0.33774038461538464 0.05108213144680544 0.10336538461538461
10 0.7393101615283242 0.43509615384615385 0.055931779257941974 0.11057692307692307
10 0.7574796607154679 0.6658653846153846 0.04867828529295929 0.10336538461538461
10 0.5717401891498334 0.5552884615384616 0.04876219629984814 0.11778846153846154
10 0.557492728179591 0.7920673076923077 0.0583356254117884 0.11057692307692307