1 0.7605453982750686 0.15985576923076922 0.05366778478224395 0.1346153846153846
1 0.5343608984836428 0.328125 0.0512639386283978 0.1346153846153846
5 0.7247961810144512 0.41947115384615385 0.05628140845331204 0.17067307692307693
3 0.7902236696062028 0.30288461538461536 0.07805587551607555 0.19471153846153846
6 0.8664498922039883 0.8028846153846154 0.07776218699196463 0.14423076923076922
6 0.7468837116427487 0.08413461538461539 0.05600170509701631 0.12259615384615384
3 0.8337873902546936 0.5600961538461539 0.07774820182414999 0.14182692307692307
4 0.6991432339485301 0.3485576923076923 0.04628842430692806 0.10576923076923077
3 0.619816310871607 0.3485576923076923 0.06572897105491922 0.14182692307692307
4 0.6736083594538853 0.09134615384615384 0.04627443913911314 0.10336538461538461
4 0.5935759867574645 0.17668269230769232 0.04628842430692806 0.10576923076923077
4 0.5267717604911049 0.26322115384615385 0.046302409474742706 0.10817307692307693
4 0.541104735178535 0.4543269230769231 0.05351394793628117 0.10817307692307693
4 0.7570678996200808 0.8016826923076923 0.05595974959357182 0.11538461538461539
4 0.6114036506882949 0.5552884615384616 0.0511240869502498 0.11057692307692307
4 0.55082580990768 0.6790865384615384 0.0559457644257569 0.11298076923076923
9 0.35887313666896614 0.3269230769230769 0.06087932324378242 0.1346153846153846
12 0.3507409811970994 0.7884615384615384 0.07053666336261152 0.14182692307692307
12 0.20480941136653355 0.0829326923076923 0.05118002762150908 0.1201923076923077
7 0.19193089413184222 0.14182692307692307 0.06094924908285641 0.1466346153846154
7 0.1409001148378368 0.6670673076923077 0.07056463369824106 0.1466346153846154
8 0.164623108745316 0.40625 0.07811181618733463 0.20432692307692307
10 0.42931110250172466 0.24519230769230768 0.04628842430692806 0.10576923076923077
11 0.28130674202640865 0.21634615384615385 0.07310833153023512 0.17067307692307693
10 0.4259562649364723 0.08173076923076923 0.04626045397129835 0.10096153846153846
10 0.2809641054149461 0.15745192307692307 0.04626045397129835 0.10096153846153846
10 0.26518606992413274 0.33774038461538464 0.05109611661462023 0.10576923076923077
10 0.2657734469723542 0.4387019230769231 0.055945764425757036 0.11298076923076923
10 0.24910815468045072 0.6730769230769231 0.051096116614620296 0.10576923076923077
10 0.4383616905309088 0.5612980769230769 0.04877618146766293 0.1201923076923077
10 0.4553852073123885 0.8016826923076923 0.0607534567334492 0.11298076923076923