1 0.25600961538461536 0.15716442578157033 0.05048076923076923 0.13250522698564918
1 0.47716346153846156 0.326550867265686 0.04807692307692308 0.1324912418178343
5 0.28846153846153844 0.41418716447760906 0.052884615384615384 0.16857690446115633
3 0.22596153846153846 0.29916616345617836 0.07211538461538461 0.19032340118829
6 0.14543269230769232 0.7912212050395125 0.07211538461538461 0.13984263195752078
6 0.2704326923076923 0.08256128400545079 0.052884615384615384 0.12049998138423319
3 0.17908653846153846 0.55064079730549 0.07211538461538461 0.13743878580367463
4 0.3137019230769231 0.34432878175401527 0.04326923076923077 0.10361711763605104
3 0.3918269230769231 0.3450761868769574 0.06009615384615385 0.13977270611844686
4 0.3425480769230769 0.0917571135863915 0.04326923076923077 0.10121327148220481
4 0.4206730769230769 0.17663913409394907 0.04326923076923077 0.10361711763605097
4 0.484375 0.2616050656083954 0.04326923076923077 0.10602096378989713
4 0.4699519230769231 0.44918897661528423 0.052884615384615384 0.10607690446115633
4 0.25240384615384615 0.789396941994831 0.052884615384615384 0.11569228907654096
4 0.39783653846153844 0.5493681470343434 0.04807692307692308 0.11085662643321907
4 0.45552884615384615 0.6704267337760191 0.052884615384615384 0.11088459676884864
9 0.6490384615384616 0.3267528508438511 0.057692307692307696 0.13495102864293976
12 0.6538461538461539 0.7810518035851447 0.06490384615384616 0.1398006764540763
12 0.8040865384615384 0.08666811521210442 0.04807692307692308 0.11806816489475747
7 0.8161057692307693 0.14669434321918426 0.055288461538461536 0.14455242809050955
7 0.8605769230769231 0.6644644637684567 0.0673076923076923 0.1446223539295835
8 0.8401442307692307 0.407371799233344 0.07211538461538461 0.19993878580367463
10 0.5817307692307693 0.24541366631189615 0.04326923076923077 0.1036171176360509
11 0.7271634615384616 0.21812525596679327 0.0673076923076923 0.16866081546804507
10 0.5865384615384616 0.08432800366857428 0.04326923076923077 0.10121327148220481
10 0.7295673076923077 0.1604189631066708 0.04326923076923077 0.09640557917451244
10 0.7415865384615384 0.33823365265221217 0.04807692307692308 0.10364508797168061
10 0.7403846153846154 0.436798337543812 0.052884615384615384 0.11088459676884864
10 0.7536057692307693 0.6698944960439074 0.04807692307692308 0.10124124181783418
10 0.5685096153846154 0.5567886616579545 0.04567307692307692 0.11565033357309645
10 0.5492788461538461 0.793679389154319 0.057692307692307696 0.11091256710447822