1 0.7487980769230769 0.13942307692307693 0.05048076923076923 0.1346153846153846
1 0.5252403846153846 0.3125 0.04807692307692308 0.1346153846153846
5 0.7151442307692307 0.40024038461538464 0.052884615384615384 0.16826923076923078
3 0.7800480769230769 0.2824519230769231 0.07451923076923077 0.19230769230769232
6 0.8617788461538461 0.7824519230769231 0.07451923076923077 0.14182692307692307
6 0.734375 0.06370192307692307 0.052884615384615384 0.1201923076923077
3 0.8269230769230769 0.5384615384615384 0.07211538461538461 0.13942307692307693
4 0.6899038461538461 0.3293269230769231 0.04326923076923077 0.10576923076923077
3 0.6105769230769231 0.3317307692307692 0.0625 0.13942307692307693
4 0.6610576923076923 0.0733173076923077 0.04326923076923077 0.10096153846153846
4 0.5817307692307693 0.15985576923076922 0.04326923076923077 0.10576923076923077
4 0.5168269230769231 0.24759615384615385 0.04326923076923077 0.10576923076923077
4 0.5324519230769231 0.4375 0.052884615384615384 0.10576923076923077
4 0.7524038461538461 0.78125 0.052884615384615384 0.11538461538461539
4 0.6045673076923077 0.5384615384615384 0.04807692307692308 0.11057692307692307
4 0.5456730769230769 0.6622596153846154 0.052884615384615384 0.11298076923076923
9 0.34975961538461536 0.31490384615384615 0.057692307692307696 0.1346153846153846
12 0.34615384615384615 0.7752403846153846 0.0673076923076923 0.13942307692307693
12 0.19230769230769232 0.07211538461538461 0.04807692307692308 0.1201923076923077
7 0.18028846153846154 0.13221153846153846 0.057692307692307696 0.14423076923076922
7 0.1346153846153846 0.6574519230769231 0.0673076923076923 0.14423076923076922
8 0.15625 0.39783653846153844 0.07211538461538461 0.20192307692307693
10 0.4182692307692308 0.23076923076923078 0.04326923076923077 0.10576923076923077
11 0.2704326923076923 0.20432692307692307 0.06971153846153846 0.17067307692307693
10 0.41346153846153844 0.0673076923076923 0.04326923076923077 0.10096153846153846
10 0.2692307692307692 0.14543269230769232 0.04326923076923077 0.10096153846153846
10 0.25600961538461536 0.32572115384615385 0.04807692307692308 0.10576923076923077
10 0.25721153846153844 0.4266826923076923 0.052884615384615384 0.11057692307692307
10 0.2439903846153846 0.6622596153846154 0.04807692307692308 0.10576923076923077
10 0.43149038461538464 0.546875 0.04807692307692308 0.1201923076923077
10 0.45072115384615385 0.7872596153846154 0.057692307692307696 0.11057692307692307