1 0.7424536188660559 0.14040932092496966 0.0512639386283978 0.1352027815453144
1 0.5211047817179519 0.3160735876218214 0.04886009247455165 0.13517481026293673
5 0.7115120939131307 0.40040231785245195 0.053863577131651234 0.16888459898153813
3 0.7745357363510362 0.2830745404079069 0.07323419804056833 0.19314683077902048
6 0.859154442735561 0.7785177475762991 0.07534435567030383 0.14269403283062887
6 0.7275970017407202 0.06605791785000455 0.053583873775355235 0.12080767590461505
3 0.8228861715554973 0.5361348696323128 0.07292652434864276 0.14026221539440525
4 0.6858661394311171 0.33098447785587837 0.0438845781530819 0.10627271385202765
3 0.6065462089381014 0.3331094532512625 0.06331113973325814 0.14015033026489476
4 0.6555305652126875 0.0753105178597943 0.043856607817452056 0.10146502154433541
4 0.576707108177097 0.16277203171671686 0.0438845781530819 0.10627271385202765
4 0.5123137206484909 0.2512676409562969 0.0438845781530819 0.10627271385202772
4 0.5290365563219525 0.43978775069776554 0.05349996276846652 0.10638459898153813
4 0.7497724501516535 0.7785885178475571 0.05355590343972567 0.11599998359692275
4 0.6017323254016511 0.5387082276110526 0.04872024079640379 0.1111363487244752
4 0.5435583307748824 0.663191600952381 0.053541918271910745 0.11359613744307659
9 0.34683292814801325 0.31930342867112105 0.058475477089936265 0.13528669539244723
12 0.344696402892947 0.7784939866204916 0.06811883204095046 0.14020627282964973
12 0.18797549570570307 0.07954900920531585 0.04877618146766293 0.12075173333985981
7 0.1775078172087653 0.13977103382216893 0.05853141776119548 0.1449020800078318
7 0.13487651428540662 0.6631390266488819 0.06814680237658009 0.1450139651373423
8 0.15500772412993136 0.4044738235690219 0.07329013871182753 0.20276221539440525
10 0.4136581321660951 0.23558754045685573 0.0438845781530819 0.10627271385202772
11 0.2668696799355169 0.2108514809895821 0.07069050020857424 0.1690803979581814
10 0.40789944844699655 0.07218194456007247 0.043856607817452195 0.1014650215443354
10 0.2653251202471313 0.15197123586154013 0.04384262264963741 0.09906117539048925
10 0.2531528539870872 0.3324135394530785 0.048692270460774074 0.1063286564167829
10 0.2549351615283243 0.4321591691965051 0.05352793310409602 0.11119229128923044
10 0.2430775615441131 0.666688011249582 0.04867828529295929 0.10392481026293673
10 0.4299062734890029 0.5491216358395131 0.04876219629984814 0.11834788718601366
10 0.4505285669173444 0.7880805578881845 0.0583356254117884 0.11124823385398568