6 0.5825760705284151 0.06468948011816507 0.0559457644257569 0.11330242809050955
6 0.8431392411346081 0.7296893870393311 0.07774820182414999 0.1422744484469965
2 0.7815490783977193 0.36633801086146983 0.09492475409644285 0.202468498467854
5 0.5920508021105022 0.29552164414256243 0.07312231669805004 0.173496478111367
4 0.6602535451583414 0.1420670749952229 0.04869227046077421 0.1060489341255267
4 0.6729782255470701 0.2274805318797427 0.046302409474742706 0.10843879511155806
4 0.6971976929119746 0.4031081453725673 0.05349996276846652 0.10607690446115633
4 0.7061977301435081 0.5089333168130572 0.05111010178243502 0.10846676544718757
4 0.5090691617154581 0.3034526173914135 0.05108213144680544 0.10365907313949539
4 0.5128435543151544 0.0678896794823052 0.04867828529295929 0.10364508797168054
3 0.5845953245673543 0.1308092345167491 0.04884610730673686 0.1324912418178344
3 0.4376032860483121 0.39799197801780006 0.06572897105491908 0.14220452260792257
7 0.25523802708935334 0.7539142442778441 0.07053666336261145 0.14223249294355228
7 0.154570978507075 0.4961083361841769 0.07052267819479667 0.139828646789706
12 0.19677274800392208 0.06004101453004408 0.06553317870551194 0.10855067645407643
8 0.1661155149257521 0.3711712694393434 0.08051566234118078 0.20478843361481142
11 0.35403506996019607 0.30014672791351293 0.08031986999177357 0.17113458746096522
9 0.3582491939909088 0.19560039797292747 0.05608561610390503 0.13734088962897112
9 0.16352906023516417 0.6091450460862053 0.0777621869919647 0.14467829460084267
10 0.43092318396373597 0.30660386866820183 0.04628842430692806 0.10603494895771191
10 0.2749047405878295 0.05929360940710189 0.05109611661462023 0.1060629192933415
10 0.281186265389684 0.21919133414131553 0.05352793310409602 0.11088459676884864
10 0.26081490362685944 0.6217306761519352 0.06797898036280259 0.11577620008342968
10 0.44523976941790305 0.7381921494582901 0.06558911937677109 0.1181660610694609