6 0.41673865624866 0.056490384615384616 0.0607534567334492 0.11298076923076923
6 0.1460378416870383 0.7223557692307693 0.07774820182414992 0.14182692307692307
2 0.21186551027181041 0.35697115384615385 0.09492475409644292 0.20192307692307693
5 0.40338384195311616 0.2860576923076923 0.07312231669805004 0.17307692307692307
4 0.3369712003855708 0.13221153846153846 0.048706255628588865 0.10817307692307693
4 0.32325357308199176 0.21754807692307693 0.046302409474742706 0.10817307692307693
4 0.2969782860483121 0.3954326923076923 0.053499962768466386 0.10576923076923077
4 0.2867545466329839 0.5 0.05351394793628124 0.10817307692307693
4 0.4862675861734566 0.29447115384615385 0.05108213144680544 0.10336538461538461
4 0.486443202126291 0.057692307692307696 0.04869227046077421 0.10576923076923077
3 0.4127552874868913 0.12139423076923077 0.048846107306737 0.13221153846153846
3 0.5578165714923421 0.3918269230769231 0.06574295622273386 0.14423076923076922
7 0.7372301586872294 0.7487980769230769 0.07053666336261152 0.14182692307692307
7 0.8420919562587972 0.49158653846153844 0.0705226781947966 0.13942307692307693
12 0.8037578870178907 0.056490384615384616 0.06550520836988237 0.10336538461538461
8 0.8308069467998431 0.36538461538461536 0.08052964750899551 0.20673076923076922
11 0.6437265018342871 0.2932692307692308 0.08031986999177357 0.17067307692307693
9 0.641938003064292 0.1875 0.05608561610390503 0.13701923076923078
9 0.8330211918330404 0.6045673076923077 0.07776218699196463 0.14423076923076922
10 0.5655665389147502 0.29927884615384615 0.048692270460774074 0.10576923076923077
10 0.7256398796017981 0.055288461538461536 0.055889823754497754 0.10336538461538461
10 0.7175123126483905 0.2127403846153846 0.05352793310409609 0.11057692307692307
10 0.7343935736862739 0.6165865384615384 0.06799296553061723 0.11778846153846154
10 0.5462152930472564 0.7331730769230769 0.06558911937677109 0.11778846153846154