6 0.41655068103363596 0.06131366480119056 0.05900695796405513 0.11331641325832434
6 0.15636777958670872 0.7340331647436869 0.0810052000195795 0.1446922797686576
2 0.21696404825440335 0.36421845658237867 0.09612755900209659 0.20487234462170015
5 0.4084465877319562 0.29442380846910093 0.0741572882289499 0.1759003242652131
4 0.33933474771090827 0.1389841468472097 0.04933563078391542 0.10845278027937286
4 0.32591863695342516 0.22543869737878244 0.046931784630069265 0.10843879511155806
4 0.30274812723398353 0.4031764685013425 0.054115351809230106 0.10607690446115633
4 0.2931755416074794 0.5100846890923297 0.05414332309160773 0.1084807506150025
4 0.4926791026048932 0.3033267508810803 0.05171150565538395 0.10606291929334155
4 0.488708022572587 0.06533898906640369 0.0493076595015378 0.1060489341255267
3 0.41493003078636287 0.12860737194106805 0.052047161043915116 0.13490907313949532
3 0.564725401079648 0.4010950825623861 0.06898596925034867 0.1446223539295835
7 0.7540312329236317 0.7639507866379716 0.0737656902756635 0.14224647811136693
7 0.855563656477969 0.5037418337456074 0.0737656902756635 0.14224647811136693
12 0.8083776041105591 0.06359324715500239 0.07097024616853094 0.10857864678970602
8 0.8420759333839137 0.3774699848296104 0.08416427079762119 0.20961011109031852
11 0.6513189631175506 0.3030478488799338 0.08374470156195703 0.17355241878262623
9 0.6464684718209777 0.19605571728205778 0.05931464207020882 0.13975872095063208
9 0.8460749846985975 0.6178615927981332 0.07862932514811104 0.1470821407546888
10 0.5732638913234946 0.3086029463105683 0.04933563078391542 0.10845278027937291
10 0.7290227097512584 0.06072789046326795 0.054115351809230106 0.10607690446115631
10 0.7248871702859427 0.2217506198514233 0.05660311181020898 0.11330242809050958
10 0.747685120085171 0.6317112778408036 0.07108213129804142 0.11819403140509074
10 0.5591378811266388 0.7471929880449729 0.06870625642657274 0.12058389239112198