6 0.5913461538461539 0.05321774457720455 0.057692307692307696 0.1064354891544091
6 0.8473557692307693 0.7245151229618934 0.07692307692307693 0.14272200411300637
2 0.7896634615384616 0.3537922029697252 0.09134615384615384 0.20298598565342593
5 0.5973557692307693 0.281510674790703 0.06971153846153846 0.1762919364197198
4 0.6682692307692307 0.12683936811440977 0.04567307692307692 0.1063006851344053
4 0.6802884615384616 0.21443989631790633 0.04326923076923077 0.1086765600058738
4 0.703125 0.39326070759685755 0.052884615384615384 0.10638459898153813
4 0.7115384615384616 0.4989320388777667 0.05048076923076923 0.1087604738530068
4 0.5144230769230769 0.29088914557119205 0.04807692307692308 0.1063286564167829
4 0.5192307692307693 0.052400426632973576 0.04567307692307692 0.10480085326594715
3 0.5913461538461539 0.11571521838126243 0.04807692307692308 0.13517481026293673
3 0.43990384615384615 0.387910101478744 0.0625 0.14495802257258708
7 0.24879807692307693 0.7471049722739177 0.0673076923076923 0.14261011898349615
7 0.1502403846153846 0.48623256408216875 0.0673076923076923 0.14020627282965
12 0.19951923076923078 0.050717683065664855 0.0673076923076923 0.10143536613132971
8 0.16466346153846154 0.35986281331098 0.07692307692307693 0.20762585026685265
11 0.3557692307692308 0.2879275579004218 0.07692307692307693 0.1739720041130065
9 0.3605769230769231 0.18090046148951272 0.052884615384615384 0.14003844513538427
9 0.15745192307692307 0.6003313425427284 0.07451923076923077 0.14509787898447504
10 0.4338942307692308 0.29423002968468803 0.04567307692307692 0.10630068513440527
10 0.2776442307692308 0.04901227690594485 0.05048076923076923 0.0980245538118897
10 0.2824519230769231 0.2058479897052465 0.052884615384615384 0.11119229128923044
10 0.25600961538461536 0.6148095199652464 0.0673076923076923 0.11857165744503462
10 0.44350961538461536 0.7328200676321006 0.06490384615384616 0.12094753231650301