6 0.5834213476839865 0.06809509854083551 0.05660311181020898 0.11362410872545421
6 0.8401243506708437 0.7346334780639109 0.0785733825833558 0.14272200411300637
2 0.7806460912329393 0.37091146985013496 0.09609958771971897 0.20301395693580354
5 0.5915534122680437 0.29899020008076554 0.07412931694657242 0.17391606154825132
4 0.660651266647903 0.1459272421411847 0.0493076595015378 0.10632865641678292
4 0.6728794399696518 0.23141762265579996 0.046931784630069404 0.10870453128825143
4 0.696077920971471 0.4071920903515341 0.054115351809230106 0.10638459898153813
4 0.7044625691622409 0.5130732062502753 0.05173947693776144 0.1087604738530068
4 0.5085228204720298 0.30643865237719964 0.05168353437300647 0.10395278154531436
4 0.5124659292219584 0.07087571494146533 0.04927968821916018 0.10392481026293675
3 0.5850559835724484 0.13422883905398236 0.04961534360769148 0.1327709641090906
3 0.4365044932796528 0.40056542262398326 0.06655415181412504 0.1425821477011184
7 0.25086037323119353 0.7554247446506277 0.07136184412181734 0.14263809026587365
7 0.15168983890713597 0.49702442668804103 0.07133387283943969 0.14023424411202748
12 0.19763201127405633 0.06120186156538338 0.0661625538608385 0.10892830154727233
8 0.1651635763600023 0.372164283099929 0.08170448207901966 0.20524997539538412
11 0.3535027148313305 0.30223065850999775 0.08131288412573312 0.17159612924153797
9 0.3583252348455257 0.1977053077412565 0.05688282463398518 0.13766257026391576
9 0.1611924963276961 0.6101310666895094 0.07860135386573336 0.14512585026685265
10 0.43035586354846345 0.30913535493069655 0.04690381334769164 0.10630068513440541
10 0.27577099691524515 0.060909005165732534 0.05171150565538395 0.10635662769916053
10 0.2799205220217496 0.2208347026024458 0.054171294373985344 0.11119229128923044
10 0.25720648606965424 0.6232691487538445 0.06865031386181751 0.11616781129118846
10 0.44216194143860604 0.7408215385227245 0.06627443899034884 0.11854368616265713