6 0.5813601622836772 0.06370192307692307 0.055945764425757036 0.11298076923076923
6 0.8407423875646693 0.7235576923076923 0.07774820182414999 0.14182692307692307
2 0.7791452322438731 0.36177884615384615 0.09250692277478205 0.19951923076923078
5 0.5908488790335791 0.2920673076923077 0.07312231669805004 0.17307692307692307
4 0.6590446294975111 0.13942307692307693 0.04869227046077421 0.10576923076923077
4 0.6717693098862397 0.2247596153846154 0.04628842430692806 0.10576923076923077
4 0.6947938467581285 0.39903846153846156 0.05349996276846652 0.10576923076923077
4 0.7050027996504924 0.5036057692307693 0.051096116614620365 0.10576923076923077
4 0.5090691617154581 0.3004807692307692 0.05108213144680544 0.10336538461538461
4 0.5116276460704164 0.0673076923076923 0.04867828529295929 0.10336538461538461
3 0.5833864089065238 0.12860576923076922 0.04884610730673686 0.13221153846153846
3 0.43759629346440465 0.39663461538461536 0.06572897105491922 0.14182692307692307
7 0.2552520122571681 0.75 0.07052267819479667 0.13942307692307693
7 0.154570978507075 0.4951923076923077 0.07052267819479667 0.13942307692307693
12 0.19796767849693778 0.06009615384615385 0.06554716387332679 0.11057692307692307
8 0.16731743800267518 0.3701923076923077 0.08051566234118078 0.20432692307692307
11 0.3540280773762886 0.29927884615384615 0.08031986999177357 0.17067307692307693
9 0.3582422014070015 0.19471153846153846 0.05608561610390503 0.13701923076923078
9 0.16473797589599465 0.6069711538461539 0.0777621869919647 0.14423076923076922
10 0.42971426830290543 0.30528846153846156 0.04628842430692806 0.10576923076923077
10 0.2748907554200147 0.06009615384615385 0.05109611661462023 0.10576923076923077
10 0.2811792728057766 0.21875 0.05352793310409609 0.11057692307692307
10 0.26082189621076685 0.6189903846153846 0.06797898036280259 0.11538461538461539
10 0.4452467620018104 0.734375 0.06558911937677109 0.11778846153846154