6 0.5868601203982018 0.053666182071945144 0.058335625411788265 0.10733236414389029
6 0.8467785901870529 0.7222616602193754 0.07534435567030383 0.14226046327918185
2 0.7869395592351739 0.35360691963154584 0.09252090794259697 0.20245451330003922
5 0.5954072423860534 0.28140143278051455 0.07071847054420374 0.17348249294355214
4 0.6642237301074447 0.12714970906773154 0.04628842430692806 0.10603494895771191
4 0.6779483499949315 0.2136112521832117 0.043898563320896554 0.1084248099437432
4 0.7006178677978417 0.3913700010574939 0.05349996276846652 0.10607690446115633
4 0.7096536693040617 0.49829220681629605 0.05111010178243502 0.10846676544718757
4 0.5125165055818055 0.28909545953166343 0.04867828529295929 0.10364508797168054
4 0.5159396662758329 0.05205209722206028 0.04628842430692806 0.10410419444412056
3 0.5884256578383097 0.1143690880077438 0.04886009247455165 0.13489508797168054
3 0.4385566815251666 0.38568284588776824 0.06333911006888772 0.14459438359395393
7 0.2507226402079103 0.742556904914368 0.06813281720876531 0.14221850777573736
7 0.15064755719231254 0.48231298910246695 0.06811883204095051 0.1398146616218912
12 0.19740208055558794 0.048796357864235675 0.06307339188040664 0.09759271572847135
8 0.16433641280511266 0.3560271550186551 0.07812580135514942 0.20717829460084267
11 0.35503661216925286 0.2852037957158403 0.07791602383792742 0.17112060229315043
9 0.35922895709309405 0.17940659461097994 0.05369575511787353 0.13973075061500242
9 0.1597183216180695 0.5952448102458844 0.07535834083811856 0.14466430943302802
10 0.43200863717968147 0.29316973188422835 0.04628842430692806 0.10603494895771184
10 0.27552708055558794 0.0479506558890152 0.051040175943361084 0.0959013117780304
10 0.281243808771242 0.20389957410342235 0.053527933104095954 0.11088459676884864
10 0.257164994439635 0.6103034109493852 0.06797898036280259 0.11577620008342968
10 0.44536425283037484 0.7294048755521387 0.06318527322292493 0.11815207590164625