6 0.5990183764016088 0.07068075803013611 0.05660311181020898 0.1136241087254542
6 0.8327729557974172 0.7465687949860087 0.0785733825833558 0.14272200411300637
2 0.7853418984111211 0.3805827970302748 0.09609958771971897 0.20301395693580368
5 0.5987369794472046 0.3014779600817445 0.07412931694657228 0.17391606154825126
4 0.6726145548523785 0.15087479086076502 0.0493076595015378 0.10632865641678292
4 0.6824109107379035 0.23874104624684886 0.046931784630069404 0.1087045312882515
4 0.6983978532781843 0.41443160009545016 0.054115351809230106 0.10638459898153813
4 0.7055805783920311 0.5202987303530026 0.05173947693776171 0.1087604738530068
4 0.5169362820104914 0.30653655186552126 0.05168353437300647 0.10395278154531436
4 0.5280909292219584 0.07105752827691977 0.04927968821916018 0.10392481026293678
3 0.5970472430593016 0.13677254161971655 0.04961534360769148 0.1327709641090906
3 0.4413401568697227 0.39821751903489233 0.06655415181412504 0.1425821477011184
7 0.2425587968222424 0.7457114605469215 0.07136184412181734 0.14263809026587365
7 0.15303161839594706 0.485019181559999 0.07133387283943969 0.14023424411202748
12 0.21332693948000034 0.05537405951622244 0.06853842873230703 0.10655242667580378
8 0.17011112507958265 0.3602009948954535 0.08170448207901973 0.20524997539538412
11 0.3607701958576242 0.2975068800494383 0.08131288412573326 0.17159612924153797
9 0.36919848510258857 0.1930234862042634 0.05688282463398518 0.13766257026391576
9 0.1577265835088149 0.5980698789967123 0.07860135386573336 0.14512585026685265
10 0.4375953732923795 0.30681542262398326 0.04690381334769164 0.10630068513440527
10 0.2926538625569234 0.056297111834683486 0.054115351809230106 0.10638459898153813
10 0.2908217435611901 0.21374903491160657 0.054171294373985344 0.11119229128923044
10 0.2536846306860178 0.6160156533687396 0.06865031386181751 0.1161678112911882
10 0.4349783742594452 0.7383337785217455 0.06627443899034884 0.11854368616265686