6 0.39993271092345906 0.055213145825779 0.05830765507615883 0.10610487479678588
6 0.1387983328898702 0.7279955790234419 0.07774820182414992 0.1422744484469965
2 0.19865134900956397 0.3569369922817663 0.09252090794259676 0.20245451330003922
5 0.39139258151951495 0.2835365749377192 0.07073245571201853 0.17588633909739831
4 0.3213741707212004 0.1292778586410289 0.04628842430692792 0.10603494895771191
4 0.3088444813267296 0.2169483174173395 0.043898563320896554 0.10842480994374327
4 0.2861749635238192 0.3947070662916217 0.053499962768466386 0.10607690446115633
4 0.2759372389406762 0.5016222794665164 0.05111010178243509 0.10846676544718757
4 0.475485241400686 0.29123759427277557 0.04869227046077421 0.10604893412552677
4 0.4720550881227511 0.05443077778329982 0.04867828529295929 0.10364508797168057
3 0.39836717348335127 0.11770615324187159 0.04886009247455165 0.13489508797168054
3 0.5482431423804018 0.387817988044973 0.06333911006888772 0.14459438359395393
7 0.7372651216067664 0.7471028858093263 0.06813281720876538 0.14221850777573736
7 0.8385491202831946 0.4856640395044095 0.06811883204095046 0.1398146616218912
12 0.7905856812590886 0.05267804328799112 0.0678670990202843 0.09654543085266046
8 0.8248602646703945 0.3593782054205977 0.07812580135514935 0.20717829460084267
11 0.6341600653062542 0.2885548461177829 0.07793000900574207 0.17352444844699658
9 0.6299747129663203 0.18155572193599948 0.0536957551178738 0.13973075061500242
9 0.8294713632735302 0.5997977837247501 0.07535834083811849 0.14466430943302802
10 0.5559931098028099 0.2953118666253405 0.04628842430692806 0.10603494895771191
10 0.712467673842996 0.05102160225708717 0.0510261907755463 0.09404368852411073
10 0.7079598612881726 0.2060487014284419 0.05352793310409582 0.11088459676884857
10 0.7308227673750416 0.6148493918443434 0.06799296553061723 0.11818004623727582
10 0.5426235089843019 0.7339508564470969 0.06560310454458601 0.12056990722330706