6 0.41346153846153844 0.06610913749202539 0.055288461538461536 0.1136241087254542
6 0.15625 0.7410008256622369 0.07692307692307693 0.14272200411300637
2 0.21514423076923078 0.37149381438818047 0.09134615384615384 0.20298598565342593
5 0.40625 0.2991983005679695 0.06971153846153846 0.17629193641971985
4 0.33653846153846156 0.14333905645594197 0.04567307692307692 0.1063006851344053
4 0.3233173076923077 0.23092559901824974 0.04326923076923077 0.1086765600058738
4 0.3016826923076923 0.4097603959383897 0.052884615384615384 0.10638459898153813
4 0.2932692307692308 0.516633650296222 0.05048076923076923 0.10876047385300666
4 0.49038461538461536 0.3073888339127242 0.04807692307692308 0.1063286564167829
4 0.4855769230769231 0.0681501990402767 0.04567307692307692 0.1063006851344053
3 0.41225961538461536 0.1322009210816058 0.04807692307692308 0.13517481026293673
3 0.5649038461538461 0.4044097898202762 0.0625 0.14495802257258708
7 0.7548076923076923 0.763590674974261 0.0673076923076923 0.14261011898349588
7 0.8545673076923077 0.503934175500624 0.0673076923076923 0.14020627282965
12 0.8064903846153846 0.06347090369922573 0.06490384615384616 0.10652445539342617
8 0.8401442307692307 0.3763625016525122 0.07692307692307693 0.20762585026685265
11 0.6490384615384616 0.304427246241954 0.07692307692307693 0.1739720041130065
9 0.6442307692307693 0.198602072907968 0.052884615384615384 0.14003844513538427
9 0.8473557692307693 0.6180329539611835 0.07451923076923077 0.14509787898447504
10 0.5709134615384616 0.3119316411031433 0.04567307692307692 0.10630068513440527
10 0.7259615384615384 0.0625338657395759 0.052884615384615384 0.10878844513538428
10 0.7223557692307693 0.22354960112370176 0.052884615384615384 0.11119229128923044
10 0.7487980769230769 0.6313092083067785 0.0673076923076923 0.11857165744503462
10 0.5600961538461539 0.749305770332444 0.06490384615384616 0.12094753231650301