2 0.7657763158571348 0.296875 0.08173245336139728 0.20673076923076922
6 0.7990928224918216 0.5324519230769231 0.07370974771090798 0.13701923076923078
6 0.733451947681539 0.07932692307692307 0.05679891078685246 0.12980769230769232
3 0.5910499291852468 0.33533653846153844 0.05937058463496406 0.14423076923076922
3 0.6305430368335008 0.6598557692307693 0.07393351796992895 0.15625
4 0.7323839865593056 0.7908653846153846 0.06387059283650295 0.11778846153846154
5 0.5118760060960865 0.4254807692307692 0.06937756720363521 0.1778846153846154
4 0.5737351927973436 0.17067307692307693 0.05422723693874058 0.11538461538461539
4 0.6810822748249671 0.3449519230769231 0.04936360206629276 0.11057692307692307
4 0.5982457978749683 0.5432692307692307 0.05422723693874058 0.11538461538461539
4 0.5342493342677664 0.671875 0.04941954463104828 0.11538461538461539
4 0.5089843466312604 0.2608173076923077 0.05171150565538395 0.10576923076923077
1 0.6517911066567138 0.0733173076923077 0.05450694976251651 0.13942307692307693
1 0.3470718460804229 0.5408653846153846 0.06426219078978936 0.15144230769230768
11 0.33729200203202886 0.14182692307692307 0.0645698748959429 0.1778846153846154
8 0.1491190071243382 0.40625 0.08897196310531336 0.2091346153846154
9 0.22030881322531967 0.7956730769230769 0.0739614892523067 0.15865384615384615
12 0.18536103896342707 0.08052884615384616 0.05439506463300617 0.12980769230769232
7 0.17620633844195896 0.14423076923076922 0.05459086360964944 0.1466346153846154
7 0.12324758452482934 0.6670673076923077 0.07390554668755149 0.15384615384615385
9 0.3411338430323797 0.328125 0.06658212309650252 0.14423076923076922
10 0.40652887075846206 0.07932692307692307 0.054171294373985344 0.11057692307692307
10 0.40824657842874285 0.24158653846153846 0.04941954463104828 0.11538461538461539
10 0.2637509240807003 0.16105769230769232 0.05176744822013919 0.11057692307692307
10 0.24728594354405806 0.33653846153846156 0.05171150565538395 0.10576923076923077
10 0.24608317840182092 0.43990384615384615 0.05906290052881044 0.11778846153846154
10 0.233782550678186 0.6706730769230769 0.05663108309258667 0.11538461538461539