2 0.23072980004160648 0.30649038461538464 0.08410832823286588 0.20432692307692307
6 0.20339493750915746 0.5396634615384616 0.07611359386475441 0.13701923076923078
6 0.259448398986433 0.0889423076923077 0.0567709395044747 0.12740384615384615
3 0.40540024414873915 0.3401442307692308 0.06417827694265636 0.14423076923076922
3 0.37070084316698887 0.6634615384615384 0.07633736412377523 0.15625
4 0.27126373959503 0.7944711538461539 0.06387059283650282 0.11778846153846154
5 0.48454619595552184 0.42788461538461536 0.07178141335748137 0.1778846153846154
4 0.4179212738701388 0.17668269230769232 0.05422723693874058 0.11538461538461539
4 0.3153958697913964 0.35216346153846156 0.05176744822013919 0.11057692307692307
4 0.4018101446897868 0.5480769230769231 0.05660311181020912 0.11298076923076923
4 0.4669805600915342 0.6742788461538461 0.04939157334867052 0.11298076923076923
4 0.48506198054887945 0.265625 0.054115351809230106 0.10576923076923077
1 0.34109525437006943 0.08173076923076923 0.0569107959163628 0.13942307692307693
1 0.6493223846888078 0.5408653846153846 0.06666603694363551 0.15144230769230768
11 0.6519326471992298 0.14543269230769232 0.06694574976741144 0.17548076923076922
8 0.8436414831317456 0.40384615384615385 0.09137580925915938 0.2091346153846154
9 0.7796352442099252 0.7908653846153846 0.07393351796992895 0.15625
12 0.8014317928316079 0.08173076923076923 0.054367093350628545 0.12740384615384615
7 0.8105725077118872 0.14423076923076922 0.05939855591734154 0.1466346153846154
7 0.8730907036796463 0.6622596153846154 0.07630939284139789 0.15384615384615385
9 0.6516825897884595 0.33052884615384615 0.06898596925034867 0.14423076923076922
10 0.5827097641139856 0.08413461538461539 0.054171294373985344 0.11057692307692307
10 0.5833819169563621 0.24519230769230768 0.051795419502516676 0.11298076923076923
10 0.7254597395093696 0.16346153846153846 0.05414332309160786 0.10817307692307693
10 0.7454885323532147 0.33533653846153844 0.054115351809230106 0.10576923076923077
10 0.7478932205723748 0.4387019230769231 0.05906290052881037 0.11778846153846154
10 0.7637716462444015 0.6670673076923077 0.059034929246432895 0.11538461538461539