2 0.7716346153846154 0.3076923076923077 0.08173076923076923 0.20432692307692307
6 0.8016826923076923 0.5408653846153846 0.07451923076923077 0.13701923076923078
6 0.7403846153846154 0.09014423076923077 0.055288461538461536 0.12740384615384615
3 0.5973557692307693 0.34134615384615385 0.0625 0.14423076923076922
3 0.6358173076923077 0.6646634615384616 0.07451923076923077 0.15625
4 0.7355769230769231 0.7956730769230769 0.0625 0.11778846153846154
5 0.5192307692307693 0.42908653846153844 0.06971153846153846 0.1778846153846154
4 0.5829326923076923 0.1778846153846154 0.052884615384615384 0.11538461538461539
4 0.6875 0.35336538461538464 0.05048076923076923 0.11057692307692307
4 0.6033653846153846 0.5480769230769231 0.055288461538461536 0.11298076923076923
4 0.5396634615384616 0.6742788461538461 0.04807692307692308 0.11298076923076923
4 0.5168269230769231 0.265625 0.052884615384615384 0.10576923076923077
1 0.6586538461538461 0.0829326923076923 0.055288461538461536 0.13942307692307693
1 0.3557692307692308 0.5420673076923077 0.06490384615384616 0.15144230769230768
11 0.3485576923076923 0.1466346153846154 0.06490384615384616 0.17548076923076922
8 0.15985576923076922 0.40384615384615385 0.0889423076923077 0.2091346153846154
9 0.2283653846153846 0.7920673076923077 0.07211538461538461 0.15625
12 0.19831730769230768 0.0829326923076923 0.052884615384615384 0.12740384615384615
7 0.18870192307692307 0.14423076923076922 0.057692307692307696 0.1466346153846154
7 0.13341346153846154 0.6634615384615384 0.07451923076923077 0.15384615384615385
9 0.35096153846153844 0.33052884615384615 0.0673076923076923 0.14423076923076922
10 0.4170673076923077 0.08533653846153846 0.052884615384615384 0.11057692307692307
10 0.4182692307692308 0.24639423076923078 0.05048076923076923 0.11298076923076923
10 0.27524038461538464 0.16466346153846154 0.052884615384615384 0.10817307692307693
10 0.25721153846153844 0.33653846153846156 0.052884615384615384 0.10576923076923077
10 0.25600961538461536 0.4387019230769231 0.057692307692307696 0.11778846153846154
10 0.24278846153846154 0.6670673076923077 0.057692307692307696 0.11538461538461539