2 0.22780517654764335 0.30288461538461536 0.08291950849502694 0.20432692307692307
6 0.19520560785351546 0.5348557692307693 0.07291253918082798 0.13701923076923078
6 0.26031384165097504 0.08653846153846154 0.05602967543264575 0.12740384615384615
3 0.40188823035208227 0.33653846153846156 0.06092127874722691 0.14182692307692307
3 0.3603577489103455 0.6574519230769231 0.07542826667719255 0.15625
4 0.26103786495674675 0.7884615384615384 0.06318527322292507 0.11778846153846154
5 0.47830784123382664 0.4230769230769231 0.07073245571201853 0.17548076923076922
4 0.4172622986865654 0.17307692307692307 0.05354191827191088 0.11298076923076923
4 0.311681066327685 0.3473557692307692 0.05112408695024994 0.11057692307692307
4 0.3934809600423787 0.5420673076923077 0.0559457644257569 0.11298076923076923
4 0.45644866180902505 0.6682692307692307 0.04873422596421843 0.11298076923076923
4 0.48164869363126417 0.2620192307692308 0.051096116614620365 0.10576923076923077
1 0.34088464330826557 0.07932692307692307 0.05609960127171968 0.13942307692307693
1 0.6411190693919769 0.5348557692307693 0.06577092655836371 0.14903846153846154
11 0.6494152597143116 0.14182692307692307 0.0659247634043265 0.17548076923076922
8 0.8366207698350515 0.39903846153846156 0.09014503212438012 0.20673076923076922
9 0.7658665350161613 0.7848557692307693 0.0730244205233464 0.15625
12 0.8000192586928809 0.07932692307692307 0.053625829278799456 0.12740384615384615
7 0.8080760984520652 0.140625 0.05853141776119541 0.14423076923076922
7 0.8603647414942528 0.65625 0.07541428150937762 0.15384615384615385
9 0.6459415482226335 0.32572115384615385 0.06814680237658002 0.14423076923076922
10 0.5824571966019891 0.08173076923076923 0.05352793310409609 0.11057692307692307
10 0.5791233367884592 0.24158653846153846 0.051138072118064586 0.11298076923076923
10 0.7226276786480083 0.15985576923076922 0.05111010178243502 0.10817307692307693
10 0.7396565853030966 0.3317307692307692 0.051096116614620365 0.10576923076923077
10 0.7402641387478908 0.4338942307692308 0.05836359574741797 0.11538461538461539
10 0.7521706868194536 0.6598557692307693 0.05594576442575717 0.11298076923076923