2 0.23133643142087942 0.30408653846153844 0.08050167717336593 0.20192307692307693
6 0.20142900753109994 0.5348557692307693 0.07291253918082798 0.13701923076923078
6 0.26013283582453206 0.0889423076923077 0.05602967543264575 0.12740384615384615
3 0.40460914684720967 0.33774038461538464 0.06092127874722691 0.14182692307692307
3 0.36800763570503914 0.6574519230769231 0.07541428150937762 0.15384615384615385
4 0.2690032193824228 0.7872596153846154 0.06317128805511028 0.11538461538461539
5 0.4808337667346962 0.42427884615384615 0.07073245571201853 0.17548076923076922
4 0.4180882249427879 0.17548076923076922 0.053541918271910745 0.11298076923076923
4 0.3145278493331455 0.3485576923076923 0.048706255628588865 0.10817307692307693
4 0.39858634764992895 0.5420673076923077 0.0559457644257569 0.11298076923076923
4 0.4618135763762984 0.6670673076923077 0.04873422596421843 0.11298076923076923
4 0.482300606644951 0.26322115384615385 0.051096116614620365 0.10576923076923077
1 0.341821649551857 0.08173076923076923 0.05609960127171968 0.13942307692307693
1 0.6449456154996227 0.5360576923076923 0.06577092655836345 0.14903846153846154
11 0.6486756485304261 0.14423076923076922 0.0659247634043265 0.17548076923076922
8 0.8376650689027021 0.40024038461538464 0.09014503212438012 0.20673076923076922
9 0.7713790952006393 0.7824519230769231 0.0730244205233464 0.15625
12 0.7973504957057032 0.08173076923076923 0.05361184411098481 0.125
7 0.8061275716073493 0.14423076923076922 0.056127571607349255 0.14423076923076922
7 0.8643948738903625 0.65625 0.07540029634156298 0.15144230769230768
9 0.6473346751305046 0.3269230769230769 0.06814680237658002 0.14423076923076922
10 0.5810183270273641 0.08413461538461539 0.05352793310409609 0.11057692307692307
10 0.5807394250262176 0.24278846153846154 0.051138072118064586 0.11298076923076923
10 0.7220978449813449 0.1622596153846154 0.05111010178243502 0.10817307692307693
10 0.7411266306339491 0.33413461538461536 0.051096116614620365 0.10576923076923077
10 0.7429089381751861 0.4338942307692308 0.05836359574741797 0.11538461538461539
10 0.7562427747190079 0.6598557692307693 0.05594576442575717 0.11298076923076923