2 0.7822866215785995 0.2956730769230769 0.08413629951524343 0.20673076923076922
6 0.8162917928927939 0.5324519230769231 0.0761415651471319 0.13942307692307693
6 0.7472753261641254 0.07572115384615384 0.059202756940698334 0.12980769230769232
3 0.6047936041472707 0.3293269230769231 0.06420624822503398 0.1466346153846154
3 0.6482751457302757 0.6574519230769231 0.078769181559999 0.15865384615384615
4 0.7520049990818831 0.7920673076923077 0.06389856411888016 0.1201923076923077
5 0.5277035415952421 0.4182692307692308 0.07180938463985899 0.18028846153846154
4 0.5884405087401389 0.16346153846153846 0.05422723693874058 0.11538461538461539
4 0.6962796144053127 0.34134615384615385 0.051795419502516676 0.11298076923076923
4 0.6144526298168498 0.5396634615384616 0.056631083092586736 0.11538461538461539
4 0.5510452472702057 0.6682692307692307 0.05182339078489443 0.11538461538461539
4 0.524585585675453 0.2536057692307692 0.05414332309160773 0.10817307692307693
1 0.665488614368601 0.07091346153846154 0.05688282463398518 0.13701923076923078
1 0.36316679289279385 0.5324519230769231 0.06909785437985914 0.15384615384615385
11 0.3500961128384607 0.13221153846153846 0.06940553848601283 0.18028846153846154
8 0.1620392133868507 0.3942307692307692 0.09380762669538328 0.21153846153846154
9 0.23632405651712796 0.7872596153846154 0.07639330668853048 0.16105769230769232
12 0.19669665744503456 0.0673076923076923 0.05679891078685232 0.12980769230769232
7 0.18901044924839078 0.12980769230769232 0.059398555917341674 0.1466346153846154
7 0.13864577547370222 0.65625 0.07633736412377526 0.15625
9 0.35586965645349455 0.31850961538461536 0.07141778668657259 0.1466346153846154
10 0.4190803979581814 0.06971153846153846 0.05419926565636297 0.11298076923076923
10 0.42218436823678174 0.23317307692307693 0.05182339078489443 0.11538461538461539
10 0.27578666668706203 0.1502403846153846 0.054171294373985344 0.11057692307692307
10 0.26098766158251546 0.3245192307692308 0.05414332309160773 0.10817307692307693
10 0.25980056621209524 0.42908653846153844 0.05906290052881051 0.11778846153846154
10 0.24926465547419166 0.6598557692307693 0.059034929246432895 0.11538461538461539