2 0.23722018029516168 0.281081376631073 0.08293349366284172 0.20720626493647237
6 0.2001291882794733 0.5168820623930329 0.0753303705024889 0.1398566171253357
6 0.27441606106946104 0.06419060259529154 0.05844750675430669 0.12838120519058308
3 0.41293869737878247 0.3209258439959775 0.06333911006888772 0.14459438359395393
3 0.3643389332191033 0.6445368402123959 0.07544225184500733 0.15908738635610467
4 0.2593249015118716 0.7749598799039392 0.06318527322292507 0.11815207590164625
5 0.48798936452497554 0.4118384576398727 0.07074644087983345 0.1782901852512446
4 0.43241340569116116 0.1561435085310902 0.05355590343972567 0.11569228907654096
4 0.3204325759591499 0.32867581141838564 0.0511240869502498 0.11087061160103372
4 0.4009272605486085 0.5289354547266512 0.05595974959357182 0.11570627424435574
4 0.4617716208728539 0.6571915947620505 0.05115205728587951 0.11567830390872604
4 0.49544484206812345 0.24712604801405932 0.05349996276846652 0.10607690446115633
1 0.3585646616218912 0.06634970831237876 0.058475477089936265 0.1326994166247575
1 0.6509342531325158 0.5286829203508354 0.06578491172617837 0.15181990722330718
11 0.6690454075829521 0.12952558488594812 0.0683425947259873 0.1782762000834297
8 0.8520951384096864 0.3964985508697771 0.09257684861385612 0.21206989791542383
9 0.7726229737810069 0.785195200421634 0.07545623701282213 0.16149123250995082
12 0.8225559174015508 0.07093822645349344 0.05604366060046054 0.13012935116743263
7 0.8301380628101812 0.13459819402697212 0.05854540292901005 0.1469702594121705
7 0.8728502909322684 0.6584059002964895 0.07542826667719255 0.15668354020225878
9 0.6617157965501371 0.3158726098963768 0.06816078754439495 0.14702620008342968
10 0.6025690314050907 0.06620825392393194 0.053541918271910745 0.11328844292269474
10 0.596301491771051 0.22850982481199172 0.05115205728587951 0.1156783039087261
10 0.743690504862516 0.1507266600683048 0.05352793310409582 0.11088459676884857
10 0.7555287298053037 0.32614449604390744 0.05351394793628117 0.1084807506150025
10 0.7549281689444169 0.4295168732431994 0.058377580915232624 0.11812410556601668
10 0.7622803604392528 0.6602511410928932 0.05836359574741797 0.11572025941217053