2 0.23545357850216597 0.2979292774597183 0.08413629951524343 0.2072062649364723
6 0.1973433652009757 0.534945871466416 0.07614156514713202 0.13985661712533556
6 0.2713697302673422 0.07895551477468156 0.05920275694069847 0.13014333633524744
3 0.4102079364564315 0.33778073740853015 0.06420624822503412 0.1469982297478001
3 0.3647191990647511 0.6637885871948873 0.078769181559999 0.1591013715239196
4 0.259258494466988 0.7942186194703381 0.06389856411888037 0.1205559220554924
5 0.48699199903293433 0.4286863584685179 0.07180938463985899 0.18069403140509074
4 0.431114456433915 0.171782493698905 0.05422723693874058 0.11569228907654089
4 0.31894569645741044 0.3455237122470309 0.05179541950251681 0.11327445775488001
4 0.39940629853594056 0.5457903481392038 0.056631083092586736 0.11570627424435574
4 0.46102688727167407 0.6764503343284493 0.05182339078489443 0.11567830390872604
4 0.49348942772852983 0.2639739488427046 0.05414332309160773 0.1084807506150025
1 0.3542464800102793 0.07366533417737876 0.05934261335258657 0.1421625671044782
1 0.6506361928952413 0.5467327442564038 0.06909785437985914 0.15423773854496814
11 0.6676135897639851 0.146366493130686 0.06940553848601283 0.18068004623727582
8 0.8522367580056618 0.4145413821914381 0.09380762669538328 0.2120698979154237
9 0.7750513221612536 0.8056418778971413 0.0763933066885306 0.16149123250995082
12 0.8219763702688105 0.08657021903740084 0.05679891078685218 0.13012935116743263
7 0.8299291477133557 0.15023018661087953 0.05939855591734154 0.14697025941217048
7 0.8733144739386669 0.6764557242020578 0.07633736412377509 0.1566835402022585
9 0.6601799651740539 0.3339224338019452 0.07141778668657259 0.14704018525124446
10 0.5995506728320974 0.08185423167565412 0.05419926565636297 0.11328844292269473
10 0.5954431046491593 0.24535073305672958 0.05182339078489443 0.1156783039087261
10 0.7423705764334255 0.16636564523611957 0.054171294373985344 0.11088459676884864
10 0.7552437733804873 0.3429854042886454 0.05414332309160786 0.1084807506150025
10 0.7552586010869902 0.4475597045648604 0.05906290052881037 0.11812410556601668
10 0.7627655221441216 0.6795028880753846 0.059034929246432895 0.11572025941217053