2 0.23133643142087942 0.3027509549352254 0.08050167717336593 0.20238458746096522
6 0.20142900753109994 0.5337019928860485 0.07291253918082798 0.13743878580367463
6 0.26013283582453206 0.08743190956830967 0.05602967543264575 0.12772550501358648
3 0.40460914684720967 0.33539786900640617 0.06092127874722691 0.142176552272293
3 0.36800763570503914 0.6553331701529814 0.07541428150937762 0.15427969404841263
4 0.2690032193824228 0.7857212469249878 0.06317128805511028 0.1157482297478001
5 0.4808337667346962 0.42149579775870166 0.07073245571201853 0.17588633909739831
4 0.4180882249427879 0.17305434261490207 0.053541918271910745 0.1132884429226948
4 0.3145278493331455 0.34673962049176876 0.048706255628588865 0.10845278027937291
4 0.39858634764992895 0.5397667475867737 0.0559457644257569 0.11330242809050958
4 0.4618135763762984 0.6644031332235889 0.04873422596421843 0.11326047258706523
4 0.482300606644951 0.26042412028319456 0.051096116614620365 0.10606291929334148
1 0.341821649551857 0.07974487540106813 0.05609960127171968 0.13974473578281724
1 0.6449456154996227 0.5323236525011417 0.06577092655836345 0.14941606106946104
11 0.6486756485304261 0.14046176650468156 0.0659247634043265 0.17585836876176872
8 0.8376650689027021 0.39538053879974283 0.09014503212438012 0.20724822043991672
9 0.7713790952006393 0.7779906545440031 0.0730244205233464 0.15666955503444385
12 0.7973504957057032 0.07709468610016418 0.05361184411098481 0.1253076736919255
7 0.8061275716073493 0.13954573801281242 0.056127571607349255 0.14455242809050955
7 0.8643948738903625 0.6512433099223027 0.07540029634156298 0.1518758478945662
9 0.6473346751305046 0.32316805936480403 0.06814680237658002 0.1446223539295835
10 0.5810183270273641 0.08075719735734202 0.05352793310409609 0.11088459676884861
10 0.5807394250262176 0.2394180360950956 0.051138072118064586 0.11327445775487995
10 0.7220978449813449 0.15806406504017645 0.05111010178243502 0.10846676544718764
10 0.7411266306339491 0.3298341762815654 0.051096116614620365 0.10606291929334155
10 0.7429089381751861 0.42958679908227343 0.05836359574741797 0.11572025941217053
10 0.7562427747190079 0.6554784117047381 0.05594576442575717 0.11330242809050944