2 0.7685680764698652 0.2948175776209261 0.07809783101951978 0.20237060229315043
6 0.8047664218108549 0.5253840234568423 0.07289855401301318 0.13503493964982846
6 0.7336695503805022 0.08107106227802552 0.05361184411098481 0.1253076736919255
3 0.5969098465709946 0.3330771325042994 0.05851743259338062 0.14216256710447822
3 0.642032112075686 0.6513350148682484 0.07301043535553148 0.1542657088805977
4 0.744943780092239 0.7793464144668888 0.060767441901264124 0.11573424457998545
5 0.522901074427004 0.4212510573219427 0.06831462439035772 0.17346850777573736
4 0.5779370015896497 0.170922405878295 0.051138072118064724 0.11327445775487995
4 0.6871030254275771 0.340966150249706 0.048706255628588865 0.10845278027937291
4 0.6089089009436526 0.5361391992491329 0.053527933104095954 0.11088459676884864
4 0.5483450453308525 0.6626977441053332 0.04872024079640379 0.11085662643321907
4 0.5171563758757203 0.26022133534988 0.04869227046077421 0.1060489341255267
1 0.651903818230196 0.07553694259911323 0.0536957551178738 0.13973075061500245
1 0.3625076775905144 0.5363707558732264 0.06336708040451743 0.14940207590164625
11 0.3470069413905488 0.1446207512192847 0.06350693208266542 0.1734405374401078
8 0.16582503182223907 0.40529900858859386 0.08772720080271924 0.20483038911825566
9 0.2425609116901151 0.7858750837709506 0.07060658920168546 0.15425172371278306
12 0.1964169275797942 0.08539867036155561 0.05361184411098481 0.1253076736919255
7 0.18956900348144046 0.147940625865 0.053723725453503166 0.14453844292269474
7 0.14567983680989952 0.6614344904835424 0.07298246501990197 0.1494580165729054
9 0.3540794295290886 0.32727809599205543 0.06333911006888772 0.14459438359395393
10 0.4127560888420406 0.08293808218130086 0.05112408695024994 0.11087061160103379
10 0.4172848791485864 0.24157095058342481 0.04872024079640379 0.110856626433219
10 0.27380151504075945 0.16427806806840523 0.048692270460774144 0.1060489341255267
10 0.26037837761644045 0.33623697907529393 0.048692270460774074 0.10604893412552677
10 0.26096575466466193 0.4371985175368324 0.05595974959357182 0.1157062742443556
10 0.2538668989007912 0.6632090040857227 0.05354191827191081 0.1132884429226948