1 0.6024843190430524 0.15144230769230768 0.05853141776119541 0.14423076923076922
2 0.7747501023867174 0.29086538461538464 0.0877691563061638 0.21153846153846154
6 0.517839245033197 0.23918269230769232 0.06563107488021558 0.125
3 0.43848435162064436 0.2439903846153846 0.06568701555147473 0.1346153846153846
3 0.436553597107053 0.7824519230769231 0.08026392932051443 0.16105769230769232
4 0.7442389122154532 0.7836538461538461 0.06809086170532087 0.1346153846153846
6 0.5716888369970333 0.0733173076923077 0.063255199061999 0.12980769230769232
4 0.6855420765059286 0.33653846153846156 0.05834961057960332 0.11298076923076923
4 0.5417921928544709 0.6670673076923077 0.05840555125086233 0.12259615384615384
4 0.6086601537311466 0.5360576923076923 0.06322722872636942 0.125
4 0.4930393932039785 0.16346153846153846 0.05352793310409609 0.11057692307692307
4 0.41968013000822635 0.17067307692307693 0.04876219629984814 0.11778846153846154
8 0.1587011915308991 0.4050480769230769 0.08536531015231745 0.21153846153846154
11 0.3453566915884028 0.13701923076923078 0.06354888758610965 0.18028846153846154
9 0.22977387978893196 0.7908653846153846 0.08508560679602152 0.16346153846153846
12 0.19545195100057325 0.07932692307692307 0.06085135290815284 0.12980769230769232
7 0.18426403636117344 0.14302884615384615 0.0609632342506712 0.14903846153846154
7 0.35450277172684225 0.42427884615384615 0.06335309523670264 0.1466346153846154
10 0.4142159361683881 0.07692307692307693 0.05112408695024994 0.11057692307692307
10 0.2719135173857619 0.15865384615384615 0.05351394793628124 0.10817307692307693
10 0.2576574611213131 0.33653846153846156 0.05595974959357182 0.11538461538461539
10 0.257077076656999 0.4362980769230769 0.05839156608304755 0.1201923076923077
10 0.3525036940844758 0.5612980769230769 0.05840555125086219 0.12259615384615384