1 0.40305065642902005 0.13588563082108282 0.05939855591734181 0.1469702594121705
2 0.230408130294264 0.2775245554876556 0.0890279056700686 0.21444577373364032
6 0.48942213233853005 0.22433146505596524 0.06876219899132785 0.12539158469881428
3 0.5688049979802083 0.22867764682576924 0.06887408412083819 0.1350069693141989
3 0.5739245847206245 0.7719538701789074 0.08363281643244655 0.16393703416724145
4 0.2638424165156595 0.7749598799039392 0.06887408412083833 0.1350069693141989
6 0.4322316235983912 0.06254115414829496 0.06638632411985931 0.12508230829658992
4 0.319895877992935 0.3238821042785081 0.059034929246432895 0.11572025941217053
4 0.46801465547419174 0.6571776095942357 0.05914681437594337 0.12533564402755515
4 0.39915455699454216 0.5241557327545885 0.06395450668363568 0.12536361436318472
4 0.5137674359178312 0.14726154387083296 0.05419926565636283 0.11328844292269477
4 0.5883845661753836 0.1552414652070358 0.04947548719580352 0.12047201104860362
8 0.8531589682588087 0.39049592806906913 0.08902790567006874 0.2144457737336404
11 0.662512198991328 0.12115407885093095 0.06462581746069801 0.1830559220554924
9 0.7831710852347503 0.7803525451944048 0.08603666258629271 0.16395101933505613
12 0.8132552246241953 0.06262776009198802 0.06160660309454449 0.12525552018397604
7 0.8260436656588103 0.12621270282414018 0.061858344635943203 0.15179193688767761
7 0.6550654308255219 0.4108804736445591 0.06423421950741161 0.14940207590164625
10 0.5932893159060835 0.06025457921057574 0.054171294373985344 0.11088459676884861
10 0.7372691856607683 0.1411532309563646 0.054171294373985344 0.11088459676884857
10 0.7525881856852427 0.32136477407184477 0.056631083092586736 0.1157062742443556
10 0.7537629795451022 0.4223263125333832 0.05911884309356562 0.12293179787370899
10 0.6590776257160805 0.5490876423228982 0.05914681437594337 0.12533564402755515