1 0.6090401573275943 0.15611519597999618 0.05854540292901033 0.14730592616167798
2 0.7841371357986061 0.29876811395237274 0.08778314147397846 0.21494927385790158
6 0.5242210700752034 0.2440645231478988 0.06803492103406174 0.125783195906573
3 0.44492211733390985 0.24794916313713009 0.06809086170532087 0.13539858052195763
3 0.44928468833697693 0.7912323795475497 0.08268176064217538 0.16441256206237725
4 0.7593878347670381 0.7960425980511842 0.06809086170532087 0.1353985805219574
6 0.5773356393736134 0.0776265693090873 0.063255199061999 0.13053494564951007
4 0.6954675388786868 0.3446081765044013 0.05836359574741797 0.11605592616167798
4 0.5531807079741744 0.6770645149463602 0.058419536418677115 0.1256713107770626
4 0.6197122234681454 0.5444342493144716 0.06322722872636942 0.12572725334181784
4 0.49973508316666826 0.16686173340104585 0.053541918271910745 0.11359613744307659
4 0.42525780790088186 0.17320616210887846 0.04877618146766293 0.12075173333985981
8 0.16462310874531602 0.4081380615604885 0.08778314147397846 0.21494927385790158
11 0.3493478542892283 0.13987314363706077 0.06356287275392457 0.1834195610341255
9 0.2402060136236207 0.7984142625960824 0.08508560679602152 0.16444053334475475
12 0.1975559174015507 0.07801479900111766 0.06085135290815284 0.1305069743671325
7 0.18592127874722683 0.14398071181999886 0.06097721941848606 0.15214158975174788
7 0.361850374703219 0.42966247594622153 0.06336708040451743 0.14976571488027937
10 0.4175008478945663 0.07937224826174566 0.05352793310409609 0.11119229128923044
10 0.27494749744642333 0.15943872619104724 0.05352793310409602 0.11119229128923044
10 0.2627682386024718 0.3383714225995088 0.05595974959357182 0.11602795487930037
10 0.26336260823460067 0.44053488413797043 0.05840555125086233 0.12326746462321644
10 0.3614456061917393 0.5666677210742634 0.058419536418677115 0.1256713107770626