1 0.3972508256622368 0.15394943989446597 0.06177443078881021 0.14458039842613915
2 0.23063190055328484 0.2967553247184248 0.09380762669538328 0.21206989791542383
6 0.48359433028936916 0.23999142797550224 0.06635835283748183 0.1253775995309995
3 0.5617612872129355 0.2431426792522906 0.06644226668461456 0.13258913799253796
3 0.5751684647211139 0.7755526468257692 0.08360484515006893 0.1615331880133953
4 0.27235377754244267 0.783324393355049 0.06887408412083833 0.1350069693141989
6 0.4264038215492303 0.07685154837370409 0.06401044924839078 0.130171306670877
4 0.32009167696957824 0.3407090273554312 0.061410804117901424 0.11333039842613915
4 0.4693004923982475 0.6643821554718667 0.05911884309356562 0.12293179787370899
4 0.4016982595602764 0.5361609783560044 0.06392653540125792 0.12295976820933856
4 0.5055497733560129 0.16413741503510781 0.05419926565636283 0.1132884429226948
4 0.5789370092542646 0.16972048280137192 0.049447515913425895 0.11806816489475747
8 0.842411588772445 0.3965684767088511 0.09140378054153714 0.21205591274760904
11 0.6518627189932857 0.1356400890291745 0.06697372104978919 0.1782622149156149
9 0.7807532534397154 0.7791646072852964 0.08844050874013859 0.1639650045028713
12 0.797798052318461 0.07469083994631803 0.06157863181216701 0.12775347534921605
7 0.8117464595064328 0.13711392152333668 0.06423421950741161 0.14940207590164625
7 0.6491537149292281 0.4193288981025576 0.06661009437888027 0.1470122149156149
10 0.5826817928316079 0.07834635861958848 0.054171294373985344 0.11088459676884861
10 0.7254037969446144 0.1544443106415924 0.05654716924545401 0.10849473578281728
10 0.7442726236351027 0.32982718369765807 0.056631083092586736 0.11570627424435574
10 0.7466213692895078 0.42837788342144295 0.061494717965034015 0.12054193688767761
10 0.6543398616143321 0.5551252280431431 0.06152268924741177 0.12294578304152363