1 0.4065219094172391 0.15985576923076922 0.06335309523670264 0.1466346153846154
2 0.22904905512801077 0.2956730769230769 0.09259083378167077 0.21394230769230768
6 0.48893015793187655 0.25 0.06803492103406174 0.125
3 0.5682291106731701 0.2548076923076923 0.06809086170532087 0.1346153846153846
3 0.5542651402225331 0.7956730769230769 0.08508560679602152 0.16346153846153846
4 0.24539887978893196 0.7908653846153846 0.06810484687313573 0.13701923076923078
6 0.43822642737122003 0.08173076923076923 0.06326918422981379 0.13221153846153846
4 0.31650973638709945 0.34375 0.06075345673344934 0.11298076923076923
4 0.4515850288300735 0.6778846153846154 0.058419536418677115 0.125
4 0.3886592825668717 0.5444711538461539 0.06563107488021558 0.125
4 0.5158199909942577 0.17307692307692307 0.05354191827191088 0.11298076923076923
4 0.5902902736761367 0.1814903846153846 0.04876219629984801 0.11778846153846154
8 0.8448943796953651 0.4230769230769231 0.09018698762782461 0.21394230769230768
11 0.6649983042108671 0.14903846153846154 0.06596671890777071 0.18269230769230768
9 0.7633228371841672 0.8088942307692307 0.08750343811768246 0.1658653846153846
12 0.816755278179008 0.09495192307692307 0.06325519906199926 0.12980769230769232
7 0.8272019789242234 0.15865384615384615 0.06338106557233221 0.15144230769230768
7 0.6476950840730916 0.4375 0.06577092655836371 0.14903846153846154
10 0.5980472336824523 0.08774038461538461 0.053541918271910745 0.11298076923076923
10 0.7381827528089343 0.171875 0.055931779257942245 0.11057692307692307
10 0.7479511729151322 0.35216346153846156 0.05836359574741797 0.11538461538461539
10 0.7461688653738953 0.4519230769230769 0.06080939740470862 0.12259615384615384
10 0.6456890138468178 0.5757211538461539 0.06080939740470862 0.12259615384615384