1 0.5958609589848849 0.15278867096583787 0.05854540292901033 0.14697025941217048
2 0.7709579374558966 0.2923997462992651 0.08776915630616354 0.21204192757979426
6 0.512243794809417 0.24222045953166346 0.06563107488021558 0.1253775995309995
3 0.4317359264072929 0.24629473188422837 0.06568701555147473 0.1349929841463841
3 0.43728643531946837 0.7871461313317981 0.08268176064217538 0.16393703416724145
4 0.7449857355956835 0.7865579529284273 0.06809086170532087 0.1350069693141989
6 0.564156441030904 0.07484547814743021 0.063255199061999 0.130171306670877
4 0.6822813479520702 0.33859027443148954 0.05834961057960332 0.11331641325832437
4 0.5399805318797427 0.6711601537311466 0.058419536418677115 0.12533564402755515
4 0.6065260325415286 0.5397589536477169 0.06322722872636942 0.12536361436318472
4 0.4865558848239588 0.1654442268706419 0.053541918271910745 0.11328844292269473
4 0.41207860955817244 0.17308930553443902 0.04876219629984814 0.11806816489475747
8 0.1526388408956222 0.41138554239619063 0.08776915630616361 0.21204192757979412
11 0.3373705790234419 0.14107092265977464 0.06356287275392457 0.1830559220554924
9 0.22820776060611214 0.7979782255470701 0.08508560679602152 0.16395101933505637
12 0.18678755779659478 0.08305076487896866 0.06085135290815284 0.1301573215030622
7 0.17514592655836353 0.1480245368718888 0.0609632342506712 0.14938809073383147
7 0.3498661068535252 0.4294695278661465 0.06336708040451729 0.14940207590164625
10 0.4055305652126874 0.08057619153089911 0.05112408695024994 0.11087061160103379
10 0.2629702221806369 0.16193715516972565 0.05352793310409602 0.11088459676884857
10 0.25079096333668544 0.34110061205424547 0.05595974959357182 0.11570627424435574
10 0.25137134780099946 0.44086022743886083 0.05839156608304755 0.12052795171986283
10 0.34825941526512244 0.5665027438031921 0.05840555125086233 0.12293179787370899