1 0.6114859589848849 0.15269776737504168 0.05854540292901033 0.14697025941217048
2 0.7865829374558966 0.2923088427084689 0.08778314147397846 0.2144457737336404
6 0.5266668717324939 0.24213654852477468 0.06803492103406174 0.12539158469881428
3 0.4461659959142773 0.24741274395426266 0.06809086170532087 0.1350069693141989
3 0.45173048999426746 0.7906679895556786 0.08268176064217538 0.16393703416724145
4 0.7618336364243288 0.7900658259844929 0.06809086170532087 0.1350069693141989
6 0.579781441030904 0.07475457455663405 0.063255199061999 0.130171306670877
4 0.6979133405359774 0.3397012939176164 0.05836359574741797 0.11572025941217053
4 0.555626509631465 0.6746750193711196 0.058419536418677115 0.12533564402755515
4 0.620956102048513 0.5408769657177511 0.06322722872636942 0.12536361436318472
4 0.5009789617470357 0.1653603158637531 0.053541918271910745 0.11328844292269473
4 0.42650867906515677 0.17420731760447333 0.04877618146766293 0.12047201104860362
8 0.16586698732568345 0.41251054705013235 0.08778314147397846 0.21444577373364027
11 0.35179365594651885 0.14098701165288588 0.06356287275392457 0.1830559220554924
9 0.24144989220398821 0.801507076354858 0.08508560679602152 0.16395101933505637
12 0.20000871164274864 0.08297384645598728 0.06085135290815284 0.13015732150306222
7 0.18836708040451736 0.14794761844890741 0.06097721941848606 0.15179193688767761
7 0.3642961763605096 0.4305875399361808 0.06336708040451729 0.14940207590164625
10 0.419946649551857 0.07929035744708725 0.05352793310409609 0.11088459676884861
10 0.27740029168762126 0.16305516723975993 0.05352793310409602 0.11088459676884857
10 0.2640191097667467 0.34222561670818713 0.05595974959357182 0.11570627424435574
10 0.2646064868149681 0.4431871551697257 0.05840555125086233 0.12293179787370899
10 0.3626964773560142 0.5688226789501495 0.058419536418677115 0.12533564402755515