1 0.3999614826142381 0.15633230829658995 0.05853141776119554 0.14456641325832437
2 0.2300855602566046 0.29434448598067126 0.08775517113834888 0.20963808142594803
6 0.4845995640401862 0.2423812889615336 0.06322722872636942 0.12536361436318472
3 0.5627525343758157 0.24673446331524498 0.06326918422981379 0.13257515282472318
3 0.56464832596987 0.7791933789760755 0.08024994415269965 0.15911535669173452
4 0.26056878009223905 0.7821644257815703 0.06809086170532087 0.1350069693141989
6 0.4307569646602572 0.07802550111499758 0.063255199061999 0.130171306670877
4 0.31809865564437767 0.3407090273554312 0.0583356254117884 0.11091256710447822
4 0.46061864588328266 0.6656120488844194 0.05839156608304755 0.12052795171986283
4 0.3949596006674375 0.5361819561077266 0.06321324355855464 0.12295976820933856
4 0.5081974927924816 0.1665202834372318 0.05112408695024994 0.11087061160103379
4 0.5815637485721411 0.17450719735734205 0.046344364978187204 0.11565033357309652
8 0.8401248557278075 0.40498193824731266 0.08535132498450246 0.2096240962581333
11 0.6546852639150416 0.14042680358514456 0.06353490241829499 0.1782482297478001
9 0.7690241971341449 0.7864181012502793 0.08266777547436058 0.1615331880133953
12 0.8021861583490248 0.08187440807222691 0.05843352158649177 0.1277394901814013
7 0.8145759960653479 0.145506405310076 0.05855938809682525 0.14937410556601668
7 0.6455251986087873 0.42534550607108035 0.06333911006888772 0.14459438359395393
10 0.5870349349958868 0.08192415751472812 0.05112408695024994 0.11087061160103379
10 0.7281284381176825 0.16163487135140867 0.05349996276846652 0.10607690446115627
10 0.7423705092143165 0.3370387221591965 0.05355590343972567 0.11569228907654096
10 0.7429439010947232 0.4355964144668888 0.05839156608304755 0.12052795171986283
10 0.648712214160262 0.5599469055186502 0.05839156608304755 0.12052795171986283