1 0.6045673076923077 0.15985576923076922 0.06009615384615385 0.1466346153846154
2 0.7740384615384616 0.30288461538461536 0.09134615384615384 0.21394230769230768
6 0.5180288461538461 0.24759615384615385 0.0673076923076923 0.125
3 0.43990384615384615 0.25 0.0673076923076923 0.1346153846153846
3 0.43149038461538464 0.7884615384615384 0.08173076923076923 0.16346153846153846
4 0.7379807692307693 0.7956730769230769 0.0673076923076923 0.1346153846153846
6 0.5745192307692307 0.08173076923076923 0.0625 0.12980769230769232
4 0.6850961538461539 0.3485576923076923 0.06009615384615385 0.11298076923076923
4 0.5360576923076923 0.6766826923076923 0.057692307692307696 0.12259615384615384
4 0.6045673076923077 0.546875 0.06490384615384616 0.125
4 0.4951923076923077 0.17067307692307693 0.052884615384615384 0.11298076923076923
4 0.4206730769230769 0.1778846153846154 0.04807692307692308 0.11778846153846154
8 0.15745192307692307 0.4074519230769231 0.0889423076923077 0.21394230769230768
11 0.3473557692307692 0.14302884615384615 0.06490384615384616 0.18028846153846154
9 0.22355769230769232 0.7944711538461539 0.08653846153846154 0.16346153846153846
12 0.19831730769230768 0.08173076923076923 0.0625 0.12980769230769232
7 0.18509615384615385 0.14543269230769232 0.0625 0.14903846153846154
7 0.35336538461538464 0.43028846153846156 0.06490384615384616 0.1466346153846154
10 0.41586538461538464 0.08413461538461539 0.052884615384615384 0.11057692307692307
10 0.27283653846153844 0.16346153846153846 0.055288461538461536 0.10817307692307693
10 0.25600961538461536 0.3389423076923077 0.057692307692307696 0.11538461538461539
10 0.2548076923076923 0.43990384615384615 0.06009615384615385 0.12259615384615384
10 0.3485576923076923 0.5673076923076923 0.06009615384615385 0.12259615384615384