1 0.40088203997944155 0.15144230769230768 0.05937058463496406 0.14423076923076922
2 0.2261827825246172 0.29086538461538464 0.08899993438769098 0.21153846153846154
6 0.4839957035572742 0.23918269230769232 0.06635835283748169 0.125
3 0.563266684069442 0.2439903846153846 0.06647023796699217 0.1346153846153846
3 0.5545972706630119 0.7824519230769231 0.08120099899622278 0.16105769230769232
4 0.24809290040643847 0.7836538461538461 0.06887408412083833 0.1346153846153846
6 0.4318391835797906 0.0733173076923077 0.06401044924839092 0.12980769230769232
4 0.3145936358517503 0.33653846153846156 0.05900695796405527 0.11298076923076923
4 0.4525745076017525 0.6670673076923077 0.05911884309356562 0.12259615384615384
4 0.38799317326056276 0.5360576923076923 0.06395450668363568 0.125
4 0.5089152604906304 0.16346153846153846 0.054171294373985344 0.11057692307692307
4 0.5833505774127283 0.17067307692307693 0.04944751591342576 0.11778846153846154
8 0.8402387619962963 0.4050480769230769 0.08659608823384482 0.21153846153846154
11 0.6582614061352456 0.13701923076923078 0.06459784617832053 0.18028846153846154
9 0.7624320634823826 0.7908653846153846 0.08603666258629271 0.16346153846153846
12 0.8079711784507697 0.07932692307692307 0.061606603094544764 0.12980769230769232
7 0.819249170236994 0.14302884615384615 0.06183037335356545 0.14903846153846154
7 0.6441015301988138 0.42427884615384615 0.06420624822503412 0.1466346153846154
10 0.5904510728100705 0.07692307692307693 0.05176744822013919 0.11057692307692307
10 0.7313269722861548 0.15865384615384615 0.05414332309160786 0.10817307692307693
10 0.7424782512363657 0.33653846153846156 0.056631083092586736 0.11538461538461539
10 0.7413174430176951 0.4362980769230769 0.059090871811188134 0.1201923076923077
10 0.6437090901802134 0.5612980769230769 0.05911884309356562 0.12259615384615384