5 0.2132586371796815 0.2956730769230769 0.07303840569116118 0.15865384615384615
2 0.21128133864418666 0.36899038461538464 0.07562405902659969 0.18990384615384615
1 0.19159685281458597 0.49759615384615385 0.058461491922121474 0.13221153846153846
1 0.24041338707539442 0.21153846153846154 0.05122198312495344 0.12740384615384615
3 0.24958823890461293 0.13581730769230768 0.06075345673344927 0.11298076923076923
3 0.17667111120532578 0.6177884615384616 0.0752324743277854 0.12259615384615384
6 0.24916169128626164 0.0625 0.04867828529295929 0.10336538461538461
6 0.16536512399464964 0.7403846153846154 0.07045275235572267 0.12740384615384615
4 0.2675285855331112 0.7403846153846154 0.053485977600651595 0.10336538461538461
4 0.280029503236803 0.6165865384615384 0.053485977600651595 0.10336538461538461
4 0.2914263940382753 0.5096153846153846 0.04624646880348356 0.0985576923076923
4 0.30163534693063937 0.4050480769230769 0.048650314957329716 0.0985576923076923
4 0.31188625532644776 0.3076923076923077 0.04863632978951493 0.09615384615384616
4 0.3198172285752988 0.2247596153846154 0.04384262264963741 0.0985576923076923
4 0.328950124901073 0.14182692307692307 0.04378668197837827 0.0889423076923077
4 0.3308714827653087 0.05889423076923077 0.043814652314007836 0.09375
11 0.8104465843966733 0.2668269230769231 0.065882807900882 0.16826923076923078
8 0.827776973514929 0.35336538461538464 0.06844049090069095 0.19471153846153846
7 0.8064212601314602 0.19471153846153846 0.05124995346058315 0.13221153846153846
7 0.8453381179021288 0.4795673076923077 0.05846149192212161 0.13221153846153846
9 0.7855200647019722 0.1141826923076923 0.053625829278799456 0.12740384615384615
9 0.8412017136495467 0.5949519230769231 0.07053666336261152 0.14182692307692307
12 0.8696920470715728 0.7403846153846154 0.06568701555147473 0.1346153846153846
12 0.7851284800031577 0.046875 0.0510261907755463 0.09375
10 0.7082123956639883 0.04807692307692308 0.04623248363566891 0.09615384615384616
10 0.7122796754326457 0.12740384615384615 0.04619052813222442 0.0889423076923077
10 0.7175978263655781 0.21514423076923078 0.04384262264963741 0.0985576923076923
10 0.7240969226237114 0.29927884615384615 0.0510681462789908 0.10096153846153846
10 0.7259002079166706 0.4026442307692308 0.05106814627899052 0.10096153846153846
10 0.7421405553005218 0.5084134615384616 0.05829366990834418 0.10336538461538461
10 0.7439368480095738 0.6105769230769231 0.05351394793628117 0.10817307692307693
10 0.7590871536590201 0.7355769230769231 0.05830765507615883 0.10576923076923077