5 0.7805383591517442 0.2863341902433906 0.07063455953731516 0.15905941602047521
2 0.7857795916616953 0.3608254506769917 0.0732202128727534 0.19032340118829
1 0.8093643366013252 0.4892983608135204 0.058475477089936265 0.13495102864293976
1 0.7512027244320725 0.20236739687255273 0.048832122138922344 0.13008739566398825
3 0.7399448839535986 0.12670917628156547 0.05834961057960332 0.11331641325832434
3 0.8268975106528956 0.6105946954080477 0.0728286281739394 0.12301570888059771
6 0.7383094206744171 0.052610702579502726 0.04869227046077421 0.10522140515900545
6 0.8420408237184346 0.7343088613242357 0.0680628913696913 0.1301992770065066
4 0.7386894242708647 0.7373140696941181 0.053485977600651595 0.10367305830731019
4 0.7235391186214184 0.6123979807010069 0.05108213144680544 0.10365907313949527
4 0.7084867091466757 0.5043088147848187 0.04384262264963741 0.09880942532835874
4 0.6958591235775011 0.3998114329315851 0.046260453971298215 0.10122725665001954
4 0.6820645778509407 0.3013306590468741 0.04863632978951507 0.09643354951014214
4 0.6707577892851151 0.21725897691742535 0.04143877649579126 0.09879544016054381
4 0.6606669089640274 0.13558414835791527 0.04380066714619291 0.09159788686682016
4 0.6553697357828173 0.051477503308929494 0.041410806160161684 0.09398774785285155
11 0.177075078361656 0.2730175442879814 0.06347896174703571 0.16863284513241547
8 0.16195354440298873 0.3596469094172391 0.0684404909006908 0.19510312316035275
7 0.17904538431324352 0.19848432835093585 0.04886009247455165 0.13489508797168054
7 0.148271681374096 0.48713466657797405 0.05847547708993629 0.13495102864293976
9 0.19660572734529397 0.11785059343847872 0.05363981444661438 0.13011536599961784
9 0.15495957739772903 0.6036862421199755 0.06814680237658009 0.1446223539295835
12 0.130572288019047 0.7504677017666463 0.06328316939762857 0.13497899897856933
12 0.19619316489475747 0.04757695332754411 0.04863632978951493 0.09515390665508822
10 0.27432515747866487 0.048544624843569334 0.04384262264963741 0.09708924968713867
10 0.27239680703052177 0.12942929142154339 0.04380066714619305 0.09159788686682016
10 0.2693014964249926 0.21719065378865018 0.043856607817452195 0.10121327148220481
10 0.2649902775747256 0.30255516258581827 0.048664300125144506 0.1012412418178344
10 0.2668005554515923 0.4071154776942186 0.048664300125144506 0.10124124181783446
10 0.25299282591236644 0.5129686194703381 0.05590380892231261 0.10609088962897112
10 0.2536011807123101 0.6175359271626457 0.053499962768466386 0.10607690446115633
10 0.24231617125335614 0.7438077760786429 0.05830765507615869 0.10610487479678564