5 0.7843235314986576 0.30265007295236157 0.0730244205233464 0.15666955503444385
2 0.7863008300341524 0.37598136581248404 0.0756100738587849 0.18793354020225864
1 0.805999301031568 0.5023021628158328 0.05846149192212161 0.1325471824890936
1 0.7571687816029447 0.21835462813787598 0.0512219831249533 0.12769753467795686
3 0.7479869371898188 0.14377945669738604 0.06075345673344948 0.11333039842613912
3 0.8197231195639051 0.6225783815150293 0.07523247432778554 0.12302969404841235
6 0.7484134848081699 0.07046214900507833 0.04867828529295956 0.10364508797168054
6 0.8310291067745811 0.7452444612002572 0.07045275235572254 0.12780941602047535
4 0.7300675683130426 0.7446570841520358 0.05348597760065187 0.10367305830731019
4 0.7175596580254435 0.6219840118829005 0.05108213144680572 0.10365907313949527
4 0.7061627672239712 0.5149429321976726 0.04623248363566891 0.09641956434232722
4 0.6959468217476997 0.4115146143271215 0.04624646880348356 0.09882341049617338
4 0.6868978364288143 0.31410290442509303 0.04862234462170015 0.094029703356296
4 0.6777649401030401 0.23111427144614155 0.04382863748182276 0.0964055791745125
4 0.6698269742702817 0.14933455412802055 0.04378668197837827 0.08919404071297404
4 0.6667036933291229 0.06638088406860604 0.041410806160161684 0.09398774785285154
11 0.18953943043551202 0.27034259007204553 0.06588280790088194 0.16864683030023025
8 0.17220904131725628 0.3567831554358035 0.06842650573287602 0.1926992770065066
7 0.19356475470072515 0.19824818320838314 0.05124995346058302 0.13250522698564918
7 0.15585681259088688 0.48169225184500736 0.058461491922121474 0.1325471824890936
9 0.2156608806232288 0.11904712664179323 0.053625829278799594 0.1277115198457717
9 0.15879129376654585 0.5970978449813449 0.07053666336261145 0.14223249294355214
12 0.13150987600535038 0.7411747773661512 0.06568701555147476 0.13499298414638397
12 0.2172613809828736 0.050544503841085234 0.051054161111175875 0.09885138083180302
10 0.2929825348290275 0.050985036627251325 0.04142479132797647 0.0963915940066977
10 0.2876993468156321 0.13268783552239094 0.04619052813222442 0.08920802588078883
10 0.28358311895962274 0.2204072423860534 0.04384262264963741 0.09880942532835867
10 0.2758890922084738 0.3032979791903013 0.05106814627899066 0.10125522698564918
10 0.27408580691551443 0.40665637122177856 0.05106814627899066 0.10125522698564911
10 0.25785245211557084 0.51113277532329 0.055889823754497754 0.10368704347512483
10 0.2560561594065189 0.6132892442778441 0.053499962768466386 0.10607690446115633
10 0.24211476941790305 0.7370104027779397 0.058293669908343976 0.10370102864293976