5 0.7814292871395124 0.30360377754244267 0.06915379694461439 0.1594370420604191
2 0.7841679466165759 0.37816496523523985 0.07429714464083813 0.1883391384713282
1 0.8055359927532899 0.5046326154947501 0.059230728223076096 0.13288284923860105
1 0.7535481425353859 0.22033542984621904 0.04955940104293624 0.12796327180139827
3 0.7436119302379729 0.14448840522936598 0.058978986681677656 0.11124823385398568
3 0.8221522891470668 0.626236630881813 0.07351394873426478 0.12103144616363601
6 0.7432631312735668 0.07115711189586947 0.04927968821916004 0.10392481026293678
6 0.8339469075919627 0.7489866267810437 0.06879017027370547 0.12818704206041923
4 0.7317554747711235 0.7502016934338415 0.05405940924447487 0.10157690667384582
4 0.7187729188904933 0.6262357888164989 0.051655563090628714 0.10154893539146806
4 0.7067964871101431 0.5191107929172684 0.04438808206433501 0.09665732923664304
4 0.6947920840474151 0.41438964317188376 0.04681989950055892 0.09908914667286695
4 0.6839056902144774 0.31689401752922647 0.046791928218181164 0.09668530051902079
4 0.6740533917641971 0.23383545445083492 0.04198423591048886 0.09662935795426549
4 0.6653890307496513 0.15199280009055527 0.04430416821720229 0.0894457907751046
4 0.6615463476839865 0.06900416521810776 0.041956264628111375 0.09422551180041933
11 0.18426931688538636 0.2798259907946842 0.0644579897664325 0.16899648411104862
8 0.16763735071979247 0.3661826389976912 0.06714154874405477 0.19306291693188776
7 0.1875402727929383 0.205334731307831 0.04961534360769148 0.1327709641090906
7 0.1517457814718912 0.49221673438034863 0.056826882069229936 0.13285487795622344
9 0.2064921712652455 0.12621759284873996 0.054367093350628545 0.12801921436615352
9 0.1564127753023814 0.6076712779709081 0.06895799796797111 0.14261011898349615
12 0.13068205118007462 0.7528242574548243 0.06406639181314602 0.13534263795720244
12 0.20734529537776256 0.05290028515643227 0.049251716936782555 0.1015209641090906
10 0.2842404010184619 0.05619921234636186 0.03958038975664277 0.09660138667188788
10 0.28087154562258826 0.13910393337167656 0.04430416821720229 0.0894457907751046
10 0.2774467476619594 0.22681634670468356 0.04441605334671263 0.09906117539048925
10 0.2704581373941278 0.310881033883355 0.049251716936782555 0.10152096410909059
10 0.27045729532881374 0.4142604041399283 0.049251716936782555 0.10152096410909059
10 0.2548034819811221 0.5198618072148935 0.05649122668069864 0.10400872411006959
10 0.25481662555699686 0.6220392543945438 0.054115351809230106 0.10638459898153813
10 0.24132890246294172 0.7481013210595788 0.05651919796307626 0.10641257026391589