5 0.21304554252559618 0.28617126156783085 0.0739614892523067 0.15949298462517433
2 0.20616881738727497 0.36062056413111754 0.07672896207706177 0.19077095590755194
1 0.17947392608825477 0.4853268656661527 0.059230728223076096 0.13288284923860105
1 0.24407261433188937 0.20238628721293553 0.05196324719678239 0.1279912430837759
3 0.25695895485482595 0.1280069128555928 0.061410804117901424 0.11368005129020942
3 0.15884459273860518 0.6052954030994395 0.07594576617048876 0.12346326359985965
6 0.26021592512118913 0.054717576445662705 0.04927968821916018 0.10392481026293675
6 0.14298099477308146 0.7289256523282508 0.07119401642755166 0.12821501334279672
4 0.24391456195224231 0.7325042923419566 0.05408738052685248 0.10398075282769198
4 0.2621540347892346 0.611305860549369 0.05408738052685248 0.10398075282769198
4 0.2790237568550381 0.5045165200386695 0.04681989950055879 0.09908914667286695
4 0.2934616614846179 0.4001030543994387 0.04922374565440494 0.09911711795524443
4 0.3102334840620997 0.30172717542720084 0.049195774372027316 0.09671327180139834
4 0.32321772407335797 0.21893433953139657 0.04441605334671263 0.09906117539048925
4 0.33495808408412675 0.1397332872251727 0.04430416821720229 0.08944579077510464
4 0.3419466943519583 0.05566860004650136 0.04436011078195753 0.09425348308279692
11 0.8104712399623094 0.28711250985405085 0.06686183592027871 0.16902445539342617
8 0.8238873507197925 0.373818799086778 0.06957336618027855 0.19549473436811154
7 0.8101364266390921 0.2125792934436313 0.05201918976153763 0.1327989353914682
7 0.8332361660872757 0.5001465929344003 0.059230728223076096 0.13288284923860105
9 0.794246541521819 0.13185464831314186 0.054367093350628545 0.12801921436615352
9 0.8258979147897241 0.6142593570361486 0.07136184412181734 0.14263809026587365
12 0.8446243588723822 0.7611317283209738 0.06647023796699231 0.13537060923957994
12 0.7974615548646157 0.06217108113398103 0.05400346667971963 0.09676921436615352
10 0.7205524635827276 0.06007407702097452 0.04198423591048886 0.09662935795426549
10 0.7196014399818889 0.14180484625174375 0.04670801437104844 0.08947376205748223
10 0.7197824112520294 0.22955921650831718 0.04441605334671277 0.09906117539048918
10 0.7236111086765054 0.31374977445768776 0.051655563090628985 0.1015489353914682
10 0.7188165599446878 0.4158712790725829 0.051655563090628714 0.10154893539146834
10 0.7307929917250383 0.5229962749718136 0.058895072834544655 0.10403669539244721
10 0.7259984429932207 0.6251177795867087 0.05414332309160786 0.10878844513538428
10 0.7353472583607039 0.7514455734343309 0.05892304411692241 0.1064405415462931