5 0.21079185777066878 0.28728927079762107 0.07303840569116118 0.15949298462517442
2 0.20641770566523515 0.36175255900209663 0.07802790518044585 0.19079892718992958
1 0.18191154236012738 0.48766078361405485 0.060865338075967626 0.13291082052097855
1 0.2403504538202278 0.20350429644272577 0.05122198312495344 0.1279912430837759
3 0.2519291518032925 0.12792299900846 0.06075345673344927 0.11368005129020942
3 0.16218510102708225 0.6088172584830759 0.0752324743277854 0.12346326359985965
6 0.25390645033878734 0.05463366259852988 0.04867828529295929 0.10392481026293675
6 0.14848226024646735 0.7324475077118872 0.07045275235572267 0.12821501334279672
4 0.2506597069527437 0.7360401333667816 0.053485977600651595 0.10398075282769198
4 0.26557146339418913 0.6136257928560822 0.053485977600651595 0.10398075282769198
4 0.28177604650335375 0.5068504379865717 0.04624646880348356 0.0990891466728668
4 0.2943818529656565 0.40123504927041775 0.048650314957329716 0.09911711795524443
4 0.30944045366915723 0.304061093375103 0.04863632978951493 0.09671327180139827
4 0.3197682804879471 0.22005234876118682 0.04384262264963741 0.09906117539048925
4 0.3313120155514747 0.13846143594230562 0.04380066714619291 0.09184963692895079
4 0.33684613523038703 0.056800594917480414 0.043814652314007836 0.09425348308279693
11 0.8117114407287628 0.28707055293048445 0.06589679306869665 0.17142830154727237
8 0.8266449762770799 0.37497876524013474 0.06844049090069095 0.1954947343681114
7 0.810075977449581 0.21253733652006487 0.0512639386283978 0.13520278154531434
7 0.8382034978635716 0.5025084821646801 0.05846149192212161 0.13288284923860105
9 0.7927805512508623 0.13181269138957546 0.05363981444661438 0.13042306051999966
9 0.8316632474571435 0.6178091837021626 0.07055064853042617 0.1450419364197198
12 0.8541509580784615 0.7646955406281765 0.06570100071928965 0.13777445539342636
12 0.7947788275380794 0.06212912421041462 0.04863632978951507 0.09671327180139831
10 0.7166468349541721 0.0600181344562193 0.04142479132797661 0.09662935795426547
10 0.7171223306598751 0.14174890368698853 0.046204513300039066 0.09187760821132841
10 0.7188417049459457 0.23070519702048503 0.04384262264963741 0.09906117539048925
10 0.7241388781271559 0.31489575496985567 0.05106814627899052 0.1015489353914682
10 0.7211344711124229 0.41821918266167385 0.05106814627899052 0.1015489353914682
10 0.7349779649263352 0.5253441785609045 0.05830765507615883 0.10644054154629337
10 0.7319735579116021 0.6286676062527228 0.05351394793628117 0.10878844513538428
10 0.7435250869141866 0.754995400100345 0.05830765507615883 0.10644054154629337