5 0.22044919788949777 0.2933399579634542 0.06821672821565408 0.15664158469881428
2 0.21606805320015676 0.36662929532013233 0.07320622770493876 0.18791955503444385
1 0.1939657360488951 0.4926983593028148 0.05844750675430669 0.13014333633524744
1 0.24881286344604112 0.21057508766953942 0.0488041518032925 0.12527970335629593
3 0.25798771527525965 0.13490987449464475 0.058335625411788335 0.11091256710447818
3 0.17783807136271185 0.6127927708204189 0.07281464300612447 0.12061186272675155
6 0.2587700833177389 0.06280148246316754 0.048664300125144506 0.1012412418178344
6 0.16533016107511264 0.7353120062435914 0.06803492103406174 0.12539158469881428
4 0.2662986921205585 0.7371013063687358 0.05347199243283681 0.10126921215346403
4 0.2812104485620039 0.6145960561133782 0.048664300125144506 0.10124124181783446
4 0.2938162550243067 0.5089037437671288 0.04382863748182263 0.09640557917451258
4 0.30522713099359383 0.4044063619138952 0.04384262264963741 0.09880942532835874
4 0.31788188554324837 0.30712751110610725 0.04621849846785399 0.09401571818848108
4 0.3270217744529299 0.22545268254659726 0.04142479132797647 0.09639159400669765
4 0.3373705790234419 0.14498676964791765 0.04378668197837827 0.08919404071297402
4 0.3404938599646007 0.06207505509194755 0.03899297483850074 0.09156991653119059
11 0.8141013017147943 0.2799673713367858 0.06347896174703585 0.16863284513241547
8 0.8302297677561269 0.3665967364660435 0.06602265957902986 0.19268529183869182
7 0.8112639153586894 0.20543415539974025 0.048832122138922074 0.13008739566398825
7 0.8453800734055732 0.49168064747293233 0.05604366060046054 0.13012935116743252
9 0.7927805512508622 0.1272042666411293 0.0512219831249533 0.12769753467795686
9 0.8400347534921606 0.6058283768610877 0.06813281720876538 0.14221850777573736
12 0.8649193176834173 0.7514009208469279 0.06328316939762857 0.13497899897856933
12 0.7935629192933414 0.05509587460965208 0.04866430012514437 0.1012412418178344
10 0.7166468349541721 0.055850272316501665 0.039020945174130454 0.0963776088388829
10 0.7183242537367982 0.1375880341311783 0.04378668197837827 0.08919404071297402
10 0.7224404815928074 0.2253493964982851 0.04384262264963741 0.09880942532835867
10 0.7277376547740175 0.3095119822185301 0.04866430012514437 0.10124124181783432
10 0.7271301013292233 0.41166845117308415 0.04866430012514437 0.10124124181783446
10 0.7421685256361514 0.5175215929492037 0.053485977600651595 0.10367305830731019
10 0.7415609721913572 0.6196780619037578 0.051096116614620365 0.10606291929334169
10 0.755502362179973 0.7435530572498161 0.055889823754497754 0.10368704347512483