5 0.20673076923076922 0.29447195520130326 0.07211538461538461 0.15907340118829
2 0.20432692307692307 0.36897720080271923 0.07692307692307693 0.19275521767776574
1 0.18269230769230768 0.49865902660007844 0.06009615384615385 0.1349650138107544
1 0.234375 0.209296246169635 0.05048076923076923 0.13010138083180303
3 0.2439903846153846 0.1336310329947403 0.06009615384615385 0.11333039842613915
3 0.16826923076923078 0.6199693463624203 0.07451923076923077 0.12543354020225878
6 0.2439903846153846 0.06031372530243262 0.04807692307692308 0.1060489341255267
6 0.15625 0.7436974974464233 0.06971153846153846 0.13021326217432153
4 0.25961538461538464 0.7455007827393826 0.055288461538461536 0.10368704347512483
4 0.27283653846153844 0.619375778085441 0.052884615384615384 0.10367305830731019
4 0.28365384615384615 0.5112656344175306 0.04567307692307692 0.09882341049617338
4 0.29447115384615385 0.40676125998038953 0.04807692307692308 0.10124124181783446
4 0.30528846153846156 0.3070645778509407 0.04807692307692308 0.09643354951014207
4 0.31490384615384615 0.22418782621450759 0.04326923076923077 0.09880942532835867
4 0.3233173076923077 0.14250600507109012 0.04326923076923077 0.0915978868668202
4 0.3269230769230769 0.05719044436127386 0.04326923076923077 0.09400173302066633
11 0.8100961538461539 0.2691360784766633 0.06490384615384616 0.17105067645407643
8 0.8269230769230769 0.35697435926675153 0.06971153846153846 0.19511710832816753
7 0.8064903846153846 0.19579779303263345 0.05048076923076923 0.13490907313949532
7 0.84375 0.4844761015953013 0.057692307692307696 0.13495102864293976
9 0.7860576923076923 0.11515007295236154 0.052884615384615384 0.13011536599961784
9 0.8389423076923077 0.6010346697212101 0.06971153846153846 0.14463633909739831
12 0.8677884615384616 0.747837107119603 0.06490384615384616 0.13739683030023014
12 0.7848557692307693 0.05023923421460798 0.05048076923076923 0.09163984237026458
10 0.7091346153846154 0.049798701428441894 0.04326923076923077 0.09159788686682019
10 0.7115384615384616 0.12793768659625668 0.04567307692307692 0.09161187203463499
10 0.7163461538461539 0.21690796462419396 0.04326923076923077 0.10121327148220474
10 0.7223557692307693 0.3022794660052694 0.05048076923076923 0.10125522698564918
10 0.7247596153846154 0.4056588357884688 0.05048076923076923 0.10125522698564911
10 0.7391826923076923 0.5127139006415115 0.057692307692307696 0.1061048747967859
10 0.7415865384615384 0.6160932704247108 0.052884615384615384 0.1084807506150025
10 0.7548076923076923 0.7423721119246154 0.057692307692307696 0.1061048747967859