5 0.21414956611419764 0.28953590663713424 0.06912582566223677 0.157033195906573
2 0.20969067277091138 0.3628951712530083 0.074297144640838 0.1883391384713282
1 0.18538564198454852 0.4893628215125187 0.05920275694069847 0.1304790030847549
1 0.24396072920237893 0.20626755894091062 0.04953142976055862 0.12555942564755213
3 0.25565913228958126 0.13042053432405754 0.058978986681677656 0.11124823385398565
3 0.165958231711822 0.6097649138226584 0.07351394873426499 0.12103144616363587
6 0.2577001938378326 0.05829116406748413 0.049251716936782555 0.1015209641090906
6 0.15131054246441017 0.732514909721889 0.06876219899132788 0.1257831959065728
4 0.25225809528475984 0.7325420389389526 0.05405940924447487 0.10157690667384582
4 0.2693096306860178 0.6097640717573444 0.049251716936782555 0.10152096410909059
4 0.28376152095678636 0.5038409989350368 0.04438808206433501 0.09665732923664304
4 0.29699750250944307 0.3991338348308411 0.0444160533467127 0.09906117539048918
4 0.31135149329189005 0.301624223546995 0.04676395693580355 0.0942814543651745
4 0.3219179015081133 0.21978156918671532 0.04198423591048886 0.09662935795426549
4 0.3336722471600708 0.13912685226216992 0.04430416821720229 0.08944579077510464
4 0.33944494870979053 0.056138217389722404 0.03952444719188746 0.09179369436419557
11 0.8080953650908409 0.26580007681294215 0.06445798976643256 0.16899648411104862
8 0.822713398925247 0.3521567250159492 0.06714154874405463 0.19306291693188776
7 0.8065586286907005 0.19130881732608898 0.049587372325313996 0.13036711795524442
7 0.8356819691646883 0.47698889732168354 0.05679891078685218 0.1304510318023773
9 0.7894388492141267 0.11339360194392102 0.05196324719678239 0.1279912430837759
9 0.8283437178671366 0.5912415178353199 0.06895799796797118 0.14261011898349615
12 0.8506899168217529 0.7363944973192361 0.06406639181314616 0.13534263795720244
12 0.791479910762378 0.04601934969154086 0.051655563090628714 0.09203869938308172
10 0.7145428481981123 0.04583096456814902 0.0395803897566427 0.09166192913629805
10 0.7159956707511197 0.12506403374874575 0.04430416821720229 0.08944579077510464
10 0.7173785650981832 0.21277644708175275 0.04441605334671277 0.09906117539048918
10 0.7212072625226592 0.29685511990161295 0.04925171693678283 0.10152096410909059
10 0.720018483021611 0.3990185814400745 0.049251716936782555 0.10152096410909059
10 0.7320089004431499 0.5046339701562285 0.05408738052685235 0.10398075282769198
10 0.7308201209421017 0.6067974316946899 0.05171150565538395 0.10635662769916052
10 0.7413988306688858 0.7304556522058788 0.0564912266806985 0.10400872411006973