6 0.8479665280961611 0.7149416952700751 0.0778321128310387 0.1571450810360833
4 0.517106626433219 0.04522385227440713 0.053444022097207236 0.09044770454881426
2 0.794144105112805 0.3477546163027322 0.0877691563061638 0.2125454277040553
5 0.5977691330364551 0.27070735273958413 0.06837056506161687 0.18347550359888062
4 0.7030077287838731 0.3848752173407736 0.06069751606219006 0.1040646666748247
4 0.6779343648271166 0.2072703147799343 0.058279684740528984 0.10163284923860107
4 0.6654046754326457 0.11966978657643772 0.04869227046077421 0.1063286564167829
4 0.5173032201377755 0.28246169839154167 0.04872024079640379 0.1111363487244752
4 0.6291458009019377 0.49872309632524864 0.05836359574741797 0.11605592616167798
3 0.43732678811261394 0.37835065942811463 0.07295449468427233 0.1450699077020974
7 0.44216325211108515 0.5898471640430097 0.06817477271220959 0.14982165744503462
11 0.35618259457491663 0.2735184666185337 0.06842650573287602 0.19309088821426532
9 0.5067088737753552 0.11430435275182134 0.058559388096824976 0.14970977231552413
9 0.15851639854114646 0.5943496984404905 0.08261183480310144 0.15239333129314636
8 0.16190459631563694 0.35030337126035066 0.08293349366284172 0.2076817928316079
12 0.19619316489475747 0.04713289229667883 0.06786709902028416 0.09426578459335766
12 0.2506806847044659 0.7339117897101415 0.07774820182414992 0.14272200411300637
10 0.25835293234874324 0.6064100440679736 0.0607954122368937 0.12089158975174791
10 0.43557245090700636 0.2834127219923804 0.055931779257942245 0.11122026257160805
10 0.2779169415416193 0.04479855331611967 0.04860835945388536 0.08959710663223934
10 0.28004887827822633 0.2034861004749668 0.05347199243283681 0.10157690667384582
10 0.45135988304717534 0.7243646491700727 0.06563107488021558 0.12575522462419533