6 0.840110365029655 0.7358354011408339 0.0811450564314674 0.15717305231846104
4 0.5137377805048255 0.06488008519803874 0.05654716924545388 0.10881641641776191
2 0.7866137496939883 0.37458716728684816 0.09140378054153714 0.21257339898643307
5 0.5927833066273445 0.29660033956810816 0.0718373559222366 0.18350347488125832
4 0.6972518727660165 0.40960992214656905 0.06127094770601333 0.10166082052097868
4 0.671649545610351 0.23380748316845731 0.05886710155216745 0.10163284923860107
4 0.6594213722886023 0.14831710265384204 0.05171150565538395 0.10635662769916052
4 0.5133025414973446 0.30889844109580095 0.04933563078391542 0.10873250257062904
4 0.6238358235200732 0.5205496298290869 0.059034929246432895 0.11605592616167798
3 0.4352745989203521 0.40295528313664064 0.07619750771188713 0.14509787898447504
7 0.4412685445331507 0.6109858749326545 0.07144575796895006 0.1498496287274121
11 0.3559625035499319 0.2974509374846831 0.07192126976936947 0.19071501334279672
9 0.5044292379302806 0.14170526263279404 0.06183037335356545 0.14973774359790168
9 0.16235246248105278 0.6137508215614674 0.08349296002055852 0.1523933312931465
8 0.16396165328307924 0.3721502974587402 0.08410832823286582 0.20527794667776172
12 0.19880596306860182 0.06361969336041834 0.06862234257943989 0.11376396513734224
12 0.25210425323168295 0.7518329610610474 0.08097722873720195 0.14274997539538412
10 0.25959634658231157 0.6244990431131452 0.06146674668265666 0.11848774359790162
10 0.4339756184204215 0.30797538877733993 0.05654716924545388 0.10881641641776191
10 0.2781748430690913 0.06093697644811015 0.05173947693776157 0.10876047385300668
10 0.2810385312515399 0.22806022670517306 0.05646325539832102 0.10160487795622344
10 0.4481435855408438 0.7432953128825146 0.06633038155510408 0.12335137847034917