6 0.16475326984279265 0.7289510974146862 0.08357687386769132 0.15960486975468496
4 0.4970095989815381 0.05016440817339307 0.05892304411692241 0.10032881634678614
2 0.2181519856901376 0.3592894020222391 0.09386356926013853 0.217409062576503
5 0.4155742123463619 0.28005869430300956 0.07426917335846038 0.18593529231748201
4 0.3099316944131444 0.3954861086765054 0.0637027651422371 0.10409263795720246
4 0.33550605028643216 0.21727982354454753 0.061298918988390946 0.10406466667482484
4 0.3477062523258034 0.12938559687608608 0.05173947693776157 0.10876047385300666
4 0.49745882363020794 0.29232882454832476 0.05176744822013919 0.11116432000685282
4 0.3845776380183884 0.5088156768716807 0.06146674668265653 0.11848774359790162
3 0.5779045980022353 0.3875596183837099 0.07622547899426489 0.1475017251383212
7 0.5719665949541921 0.6003979024874161 0.07387757540517398 0.152281446163636
11 0.6584046308083897 0.28083936401364046 0.0719772123341247 0.1955227056504891
9 0.5075060789918174 0.12271781429028288 0.06426219078978936 0.15216956103412546
9 0.8556903693139822 0.6031069065514738 0.08592477745678223 0.15482514872937012
8 0.8540252359472006 0.35669869014105426 0.08656811695146707 0.21011361026783165
12 0.8191949118028667 0.05133709686996747 0.07334612103999934 0.10267419373993494
12 0.7635766893330722 0.7448227865642004 0.0834090461734256 0.14518179283160804
10 0.7572585477769891 0.6150710368212634 0.06389856411888044 0.12091956103412553
10 0.5791895928609772 0.2913778009474861 0.058978986681677656 0.11124823385398568
10 0.7374082000073424 0.04814390405426795 0.051655563090628985 0.0962878081085359
10 0.734516540542516 0.21023274451601856 0.0564912266806985 0.10400872411006959
10 0.5639176021519534 0.7351251722323112 0.06876219899132799 0.12578319590657308