6 0.1543883699703332 0.7322500558473004 0.08263980513873101 0.156725495705703
4 0.4948496710808452 0.05601328619938269 0.05591779409012732 0.10849473578281724
2 0.21300450009356692 0.36653678901903725 0.09018698762782461 0.2144597589014552
5 0.41056041749511757 0.2896688514120701 0.07317825736930918 0.18311186272675156
4 0.3041338838385914 0.4032649680266904 0.06310136221603628 0.10372899897856933
4 0.33279903185830234 0.227623369366051 0.05827968474052912 0.1012971824890936
4 0.3465306443296962 0.13980606632768497 0.05111010178243502 0.10846676544718764
4 0.49101234522598236 0.30242150213642827 0.04872024079640379 0.11085662643321893
4 0.37559196556668056 0.5158261822230157 0.060781427069078776 0.11813809073383147
3 0.5673830080203749 0.39692589984327786 0.07535834083811849 0.14466430943302788
7 0.5589407747911342 0.6085063168851838 0.0729824650199019 0.1494580165729054
11 0.6497221320510878 0.2918830964452671 0.07083035188672217 0.1927132621743214
9 0.5040105377422489 0.1340823455281235 0.06336708040451729 0.14940207590164625
9 0.8401628044555047 0.611677744558545 0.08261183480310144 0.15191780339801084
8 0.8427772294817222 0.368882290436176 0.08533733981668781 0.20722025010428716
12 0.8133383087137384 0.05776602069469138 0.07036884134883382 0.11338633909739834
12 0.7468035877991697 0.7516392504424915 0.08016603314581079 0.1446922797686576
10 0.7427371093856614 0.624263374624275 0.06318527322292493 0.11815207590164625
10 0.5715411913798285 0.3019529990146326 0.0583356254117884 0.11091256710447822
10 0.7328304403116145 0.05503902277702477 0.055931779257941974 0.11007804555404954
10 0.7270507788407936 0.22172403261365511 0.05587583858668283 0.10128319732127881
10 0.5473472902851054 0.741982711678812 0.0656170897124008 0.1229737533771532