6 0.16417019350163395 0.7425165521212225 0.0778321128310387 0.1566975253700737
4 0.48831641325832437 0.060531296758711384 0.05351394793628117 0.10848075061500244
2 0.213706162549755 0.3738268486138559 0.08776915630616361 0.21204192757979426
5 0.4103600366272513 0.29564670929774617 0.06837056506161687 0.18308389239112197
4 0.3064640169900539 0.4104229698824179 0.06069751606219006 0.10371501381075454
4 0.3294675761102205 0.2326782061759505 0.05827968474052912 0.1012971824890936
4 0.34097634825421114 0.14500774739963987 0.048692270460774074 0.1060489341255267
4 0.4909588086201715 0.30813444318877264 0.04872024079640379 0.11085662643321893
4 0.3816405506465801 0.5238372793154459 0.05836359574741797 0.11572025941217053
3 0.5720400689027021 0.4035548693874914 0.07295449468427233 0.1446503242652131
7 0.5684560787788044 0.6138634375134002 0.06817477271220959 0.14943004623727582
11 0.6507446520118667 0.29704522607922584 0.06842650573287602 0.1926992770065066
9 0.49958823890461296 0.13871923001387795 0.058559388096824976 0.14937410556601668
9 0.852116917516558 0.6167156103924694 0.08261183480310144 0.1519178033980107
8 0.8458897306756638 0.37269725544145516 0.08293349366284165 0.20720626493647223
12 0.8080209591359555 0.061189401001156246 0.06795101002717274 0.11096850777573739
12 0.7615958885714773 0.7580110970924301 0.07774820182414999 0.1422744484469965
10 0.7536361436318472 0.6293633723582166 0.0607954122368937 0.12054193688767748
10 0.5714806621901102 0.3074010232336452 0.055931779257942245 0.11089858193666344
10 0.7274851203982018 0.05951897480243747 0.05112408695024966 0.11087061160103381
10 0.7260532434074841 0.22657229732693038 0.05347199243283667 0.10126921215346403
10 0.5620277097148946 0.7484368666253405 0.06563107488021558 0.12537759953099936