6 0.14966320557166826 0.7263173588856664 0.0778321128310387 0.15669752537007342
4 0.47384438824789565 0.04797822554707008 0.05345800726502203 0.09595645109414017
2 0.19920616720369672 0.3582282162391867 0.08776915630616368 0.21204192757979412
5 0.39585304869728566 0.2765525863245272 0.06837056506161687 0.18308389239112197
4 0.29196402164399554 0.39374747958600936 0.06069751606219006 0.10371501381075454
4 0.3149675807641622 0.21572301252324597 0.05827968474052912 0.1012971824890936
4 0.32647635290815286 0.12791270206878738 0.04869227046077421 0.1060489341255267
4 0.47645182069020575 0.2881033139719623 0.04872024079640379 0.11085662643321907
4 0.36713356271661435 0.5050927855375968 0.05836359574741797 0.11572025941217053
3 0.5575330809727365 0.3825867339270897 0.07295449468427233 0.1446503242652131
7 0.5539560834327462 0.5941531658011809 0.06817477271220959 0.14943004623727582
11 0.6362376640819011 0.27515406954304755 0.06842650573287602 0.1926992770065066
9 0.4850882435585546 0.11977814253147234 0.058559388096824976 0.14937410556601666
9 0.8376169221704998 0.593704839075958 0.08261183480310144 0.1519178033980107
8 0.8313827427456981 0.34854050171927986 0.08293349366284165 0.20720626493647223
12 0.7935559267094341 0.047069189639108305 0.06788108418809895 0.09413837927821661
12 0.7470889006415115 0.7348612754529202 0.07774820182414999 0.14227444844699677
10 0.7391291557018813 0.6062974617255954 0.0607954122368937 0.12054193688767748
10 0.5569736742601445 0.28643288777324355 0.055931779257942245 0.11089858193666344
10 0.7130200879716806 0.04607704407940717 0.05104017594336122 0.09215408815881435
10 0.7115462554775184 0.20380007521841995 0.05347199243283695 0.10126921215346403
10 0.5475207217849289 0.7276085828430866 0.06563107488021558 0.12537759953099936