6 0.1568887292010215 0.7295673076923077 0.08023595898488486 0.15625
4 0.48831641325832437 0.057692307692307696 0.05591779409012732 0.10817307692307693
2 0.21126735347637185 0.36658653846153844 0.09017300246000982 0.21153846153846154
5 0.40674028222866726 0.29086538461538464 0.07317825736930918 0.18269230769230768
4 0.30162136176282456 0.4026442307692308 0.06069751606219013 0.10336538461538461
4 0.3282376826976678 0.22596153846153846 0.05827968474052912 0.10096153846153846
4 0.3409623630863964 0.140625 0.05109611661462023 0.10576923076923077
4 0.4873390542215875 0.30288461538461536 0.04872024079640379 0.11057692307692307
4 0.3743940492655046 0.515625 0.05836359574741797 0.11538461538461539
3 0.5648215378572563 0.39903846153846156 0.07535834083811849 0.14423076923076922
7 0.5576247859186819 0.6081730769230769 0.0729824650199019 0.14903846153846154
11 0.6459439522880819 0.29447115384615385 0.07083035188672217 0.19230769230769232
9 0.4971843927507668 0.13581730769230768 0.06336708040451729 0.14903846153846154
9 0.838909748838219 0.6141826923076923 0.08261183480310144 0.15144230769230768
8 0.8374972468889245 0.3713942307692308 0.08291950849502701 0.20432692307692307
12 0.8044431602408159 0.06129807692307692 0.06796499519498794 0.11298076923076923
12 0.7459638959875698 0.7524038461538461 0.08015204797799615 0.14182692307692307
10 0.740407997201786 0.6237980769230769 0.060781427069078776 0.11778846153846154
10 0.5666729698824179 0.30408653846153844 0.055931779257942245 0.11057692307692307
10 0.7250952594121706 0.057692307692307696 0.05111010178243502 0.10817307692307693
10 0.7212595362676064 0.2247596153846154 0.05587583858668283 0.10096153846153846
10 0.5499805086100342 0.7403846153846154 0.0656170897124008 0.12259615384615384