6 0.1465587927214731 0.7295673076923077 0.07871323899524377 0.15384615384615385
4 0.4777360307618884 0.054086538461538464 0.054115351809230106 0.10576923076923077
2 0.20127721123244985 0.36538461538461536 0.08899993438769098 0.21153846153846154
5 0.3968978163712605 0.28725961538461536 0.06943350976839059 0.18269230769230768
4 0.29220379584293954 0.4014423076923077 0.05886710155216717 0.10096153846153846
4 0.31829814663615524 0.2247596153846154 0.05886710155216717 0.10096153846153846
4 0.33132434357097984 0.13822115384615385 0.0493076595015378 0.10576923076923077
4 0.47609886867748435 0.2980769230769231 0.04936360206629304 0.11057692307692307
4 0.3642204389046885 0.5132211538461539 0.059034929246432895 0.11538461538461539
3 0.5555368348186038 0.3918269230769231 0.07379366155804098 0.14423076923076922
7 0.5482956409440598 0.6009615384615384 0.06904191181510391 0.14903846153846154
11 0.6348785856020297 0.28725961538461536 0.06954539489790079 0.19230769230769232
9 0.48765825741811264 0.1310096153846154 0.059426527199719296 0.14903846153846154
9 0.8295316553028709 0.6021634615384616 0.08106114258433468 0.14903846153846154
8 0.8275350768741282 0.3605769230769231 0.08167651079664204 0.20192307692307693
12 0.7950437230695808 0.054086538461538464 0.06853842873230703 0.10576923076923077
12 0.736549181437627 0.7427884615384616 0.07854541130097804 0.13942307692307693
10 0.7308201209421017 0.6153846153846154 0.05906290052881037 0.11778846153846154
10 0.5566417004725193 0.296875 0.054171294373985344 0.11057692307692307
10 0.7145428481981123 0.051682692307692304 0.04927968821916004 0.10336538461538461
10 0.7114248922783231 0.21634615384615385 0.05405940924447487 0.10096153846153846
10 0.539531696310564 0.734375 0.06392653540125792 0.12259615384615384