6 0.8413461538461539 0.7319711538461539 0.07692307692307693 0.15384615384615385
4 0.5180288461538461 0.05889423076923077 0.052884615384615384 0.10576923076923077
2 0.7896634615384616 0.3701923076923077 0.08653846153846154 0.2091346153846154
5 0.5961538461538461 0.29086538461538464 0.0673076923076923 0.18269230769230768
4 0.6995192307692307 0.4050480769230769 0.057692307692307696 0.10096153846153846
4 0.6754807692307693 0.22956730769230768 0.057692307692307696 0.10096153846153846
4 0.6634615384615384 0.14302884615384615 0.04807692307692308 0.10576923076923077
4 0.5168269230769231 0.30288461538461536 0.04807692307692308 0.10817307692307693
4 0.6262019230769231 0.515625 0.057692307692307696 0.11538461538461539
3 0.4375 0.39663461538461536 0.07211538461538461 0.14182692307692307
7 0.4423076923076923 0.6045673076923077 0.0673076923076923 0.14903846153846154
11 0.359375 0.29086538461538464 0.0673076923076923 0.18990384615384615
9 0.5084134615384616 0.13581730769230768 0.057692307692307696 0.14903846153846154
9 0.16346153846153846 0.6057692307692307 0.07932692307692307 0.14903846153846154
8 0.16826923076923078 0.3641826923076923 0.07932692307692307 0.20192307692307693
12 0.203125 0.056490384615384616 0.0673076923076923 0.11298076923076923
12 0.2536057692307692 0.7439903846153846 0.07692307692307693 0.13942307692307693
10 0.2608173076923077 0.6177884615384616 0.057692307692307696 0.11538461538461539
10 0.4375 0.3016826923076923 0.052884615384615384 0.10817307692307693
10 0.2824519230769231 0.054086538461538464 0.04807692307692308 0.10817307692307693
10 0.2848557692307692 0.22115384615384615 0.052884615384615384 0.10096153846153846
10 0.4495192307692308 0.7367788461538461 0.0625 0.1201923076923077