6 0.1466346153846154 0.7271634615384616 0.07692307692307693 0.15384615384615385
4 0.4723557692307692 0.05048076923076923 0.052884615384615384 0.10096153846153846
2 0.19831730769230768 0.3605769230769231 0.08653846153846154 0.21153846153846154
5 0.3942307692307692 0.28125 0.0673076923076923 0.18269230769230768
4 0.28966346153846156 0.39663461538461536 0.06009615384615385 0.10096153846153846
4 0.3137019230769231 0.21995192307692307 0.057692307692307696 0.10096153846153846
4 0.32572115384615385 0.13221153846153846 0.04807692307692308 0.10576923076923077
4 0.4735576923076923 0.2932692307692308 0.04807692307692308 0.11057692307692307
4 0.3641826923076923 0.5084134615384616 0.057692307692307696 0.11538461538461539
3 0.5540865384615384 0.38822115384615385 0.07211538461538461 0.14423076923076922
7 0.5492788461538461 0.5985576923076923 0.0673076923076923 0.14903846153846154
11 0.6334134615384616 0.28125 0.0673076923076923 0.19230769230769232
9 0.4831730769230769 0.125 0.057692307692307696 0.14903846153846154
9 0.8317307692307693 0.5985576923076923 0.07932692307692307 0.14903846153846154
8 0.8269230769230769 0.3557692307692308 0.08173076923076923 0.20432692307692307
12 0.7908653846153846 0.05048076923076923 0.0673076923076923 0.10096153846153846
12 0.7403846153846154 0.7391826923076923 0.07692307692307693 0.14182692307692307
10 0.7331730769230769 0.6117788461538461 0.06009615384615385 0.11778846153846154
10 0.5540865384615384 0.2920673076923077 0.055288461538461536 0.11057692307692307
10 0.7103365384615384 0.04927884615384615 0.04807692307692308 0.09615384615384616
10 0.7091346153846154 0.21033653846153846 0.052884615384615384 0.10096153846153846
10 0.5420673076923077 0.7319711538461539 0.0625 0.12259615384615384