5 0.7867833183237629 0.2838744034182852 0.06093526391504156 0.14458039842613915
2 0.7911225075096595 0.36437527923650176 0.07798594967700148 0.18313983306238113
1 0.7607675582498066 0.2107109325719403 0.05361184411098481 0.1253076736919255
1 0.8011846161399683 0.4941200382890275 0.058419536418677115 0.12533564402755515
6 0.7456180539555095 0.1290710669319672 0.05595974959357182 0.1157062742443557
6 0.8233778368820259 0.60456410227171 0.07287058367738361 0.13022724734213617
6 0.7423968768396473 0.06298627545292018 0.04869227046077421 0.1060489341255267
6 0.8346698389248873 0.7294941764326359 0.07527442983122977 0.13024123250995082
4 0.6594781696997697 0.061064917588684514 0.041410806160161684 0.09398774785285154
4 0.6638243514695739 0.140363870329978 0.04380066714619291 0.0915978868668202
4 0.6741731560400859 0.2208297832286576 0.04623248363566891 0.09641956434232729
4 0.6833270301175821 0.3001007656343214 0.04628842430692806 0.10603494895771191
4 0.6971976929119746 0.3949687777043558 0.043856607817452056 0.10121327148220488
4 0.708615561465169 0.49826423648066637 0.0438845781530819 0.10602096378989706
4 0.7211933975918423 0.608764241134608 0.04869227046077421 0.10604893412552663
4 0.7349102235402719 0.7300745608969501 0.05355590343972567 0.11569228907654096
11 0.18707964361040666 0.2777483181726923 0.06585483756525229 0.16383913799253796
8 0.1721600932299045 0.36316876764111955 0.06842650573287602 0.1926992770065066
7 0.1911189530434346 0.20320810965173935 0.05363981444661438 0.13011536599961782
7 0.15703076533218033 0.4846469094172391 0.0608933084115972 0.1373688599646007
9 0.19997294736806223 0.12743800771823371 0.055973734761386604 0.11811012039820186
9 0.1526418267037825 0.619283271784346 0.06809086170532092 0.1350069693141989
12 0.13869344413125925 0.7443601902073274 0.06811883204095051 0.1398146616218912
12 0.2088269416926899 0.052349682715699425 0.05109611661462023 0.10469936543139885
10 0.28092134855635226 0.054854119981053426 0.04858038911825579 0.08681816489475747
10 0.28044585285064916 0.13658488921182263 0.04860835945388536 0.09162585720244977
10 0.27994937939322395 0.2219214276733611 0.04863632978951493 0.09643354951014207
10 0.2710394443973371 0.30730691422225137 0.05826569957271433 0.09889333633524745
10 0.27044507476520824 0.40947037576071293 0.05830765507615876 0.1061048747967859
10 0.2590333974407717 0.511696770554341 0.05825171440489955 0.0964894901814013
10 0.2572371047317198 0.61386722467671 0.063115347383851 0.10613284513241548
10 0.24690847655778053 0.7365193191941231 0.063115347383851 0.10613284513241548