5 0.209860241400686 0.286000065612309 0.0609352639150417 0.14493005129020944
2 0.20578596904812108 0.3665708686897216 0.08040378099866242 0.1860192061646149
1 0.23793101978826803 0.21236108817265884 0.053625829278799594 0.12801921436615352
1 0.19299755404907648 0.4989222635631481 0.058433521586491906 0.12807515693090876
6 0.25403850807787853 0.12924658252951207 0.05595974959357182 0.11602795487930037
6 0.16951070528414997 0.6109668368995815 0.0728845688451984 0.13305067693286665
6 0.25804285459136944 0.06069501022133028 0.04870625562858893 0.10873250257062907
6 0.1567572532046424 0.7373086163883927 0.07767827598507591 0.13070277334377559
4 0.3421844625598922 0.05851409226119095 0.04382863748182263 0.09665732923664311
4 0.33570634405348115 0.13911286662098113 0.043814652314007836 0.09425348308279692
4 0.3256154637323935 0.2209555209812608 0.04623248363566878 0.09668530051902066
4 0.3143366455021975 0.3004083148288831 0.04628842430692792 0.10630068513440527
4 0.2993541618665287 0.39672998867699494 0.04387059298526698 0.1038688676981815
4 0.28672657629735426 0.5014371527811906 0.04389856332089669 0.1086765600058738
4 0.2728551121478124 0.6133698409881135 0.048692270460774144 0.1063286564167829
4 0.25771879166618084 0.7361338225285331 0.05355590343972567 0.11599998359692275
11 0.8168873359180991 0.2693219321965785 0.065882807900882 0.16902445539342617
8 0.8296050237229201 0.3557065516819632 0.06842650573287602 0.1930908882142654
7 0.8125201763965728 0.19365672091517988 0.05363981444661438 0.13042306051999966
7 0.8445167801643656 0.47812089219266257 0.06090729357941226 0.14012235898251701
9 0.8057491707212004 0.11801948091615887 0.05598771992920139 0.12083564718699268
9 0.8473323874135986 0.6138962429614039 0.06810484687313553 0.13780242667580384
12 0.8598193199494758 0.7399443239852501 0.06813281720876538 0.14261011898349615
12 0.7977692493849975 0.048395224563009404 0.05349996276846652 0.09679044912601881
10 0.7232430260318594 0.04566718246587864 0.04859437428607057 0.08950173333985983
10 0.7227675303261564 0.1273979516966479 0.048608359453885225 0.09190557949370597
10 0.7234659873617466 0.2139224275939206 0.04863632978951507 0.09671327180139827
10 0.7301740597819525 0.3003769752852493 0.058279684740528984 0.10163284923860107
10 0.7307746206428394 0.40372837425944513 0.05830765507615883 0.10644054154629337
10 0.7409905661191108 0.5069678881041305 0.058251714404899686 0.09682515693090875
10 0.7415911269799976 0.6103192870783263 0.06311534738385113 0.1064964841110486
10 0.7516881985298434 0.733991493230704 0.06311534738385113 0.1064964841110486