5 0.20696599893503678 0.2921109487465022 0.06177443078881035 0.14493005129020944
2 0.20122126866769463 0.37258385233559316 0.08145274053762122 0.18361536001076872
1 0.23426143073986147 0.21910132516034816 0.054367093350628545 0.12801921436615352
1 0.18886554044461853 0.5046695200264324 0.05917478565832086 0.12807515693090876
6 0.25083745434070015 0.1375523692650334 0.056631083092586736 0.11602795487930037
6 0.1647423229937101 0.6149807159207682 0.0736258338637754 0.13064683077902062
6 0.25522641947804237 0.07028663388090749 0.04933563078391542 0.10873250257062908
6 0.15005267682273188 0.7410287969446144 0.07602968001762155 0.13067480206139812
4 0.3393890061450353 0.0688617826102776 0.041956264628111375 0.09422551180041933
4 0.33244235280077017 0.14932070055817973 0.04433213949957991 0.09184963692895076
4 0.3218759445845469 0.23093958465943856 0.046791928218181164 0.09668530051902066
4 0.31013558457377816 0.3101406369656624 0.04690381334769164 0.10630068513440541
4 0.2946076419967857 0.40492473234831977 0.044471995911467874 0.1038688676981815
4 0.28137166044412903 0.5093521836287395 0.04449996719384549 0.10627271385202765
4 0.2668638276086053 0.6197752646525857 0.0493076595015378 0.1063286564167829
4 0.25102820092545913 0.7410016677275508 0.054227236938740514 0.11599998359692275
11 0.8104292830387431 0.29071827908482006 0.06683386463790096 0.16662060923958
8 0.8226574563604918 0.3762086595994354 0.06954539489790079 0.19309088821426526
7 0.8065026861259454 0.21494118267391102 0.05439506463300603 0.13042306051999966
7 0.8356539978823108 0.49897264113985484 0.06171848822405497 0.14012235898251701
9 0.8001722430593016 0.13913611498062434 0.056687025657341975 0.12083564718699268
9 0.838895298376857 0.6336439683199947 0.06887408412083847 0.1353985805219577
12 0.8494460368212634 0.7599857478088057 0.06895799796797118 0.14261011898349588
12 0.7926398769157346 0.06331706164614889 0.05414332309160786 0.10878844513538428
10 0.7192806122998605 0.06606970676440109 0.04908388924251684 0.08709788718601369
10 0.7183435743402106 0.14659855291824725 0.049139831807272355 0.09190557949370597
10 0.7173366081746168 0.2331370144567088 0.049195774372027316 0.09671327180139827
10 0.7247431035474844 0.31977337548349194 0.05886710155216717 0.10163284923860107
10 0.7235543240464362 0.4219368370219535 0.05892304411692241 0.10644054154629337
10 0.7331828522376955 0.5242261693311143 0.05881115898741193 0.09682515693090875
10 0.7331820101723815 0.6276055395876876 0.06373073642461471 0.1064964841110486
10 0.7425587968222425 0.7515294872814638 0.06373073642461471 0.1064964841110486