5 0.21365113542328493 0.2873032564388099 0.06420624822503405 0.14736186872643323
2 0.20980845235762008 0.37018000618174696 0.08391252925622261 0.18845102360083865
1 0.24164416515692175 0.21432160413503348 0.05679891078685232 0.1304510318023773
1 0.19692379596531157 0.5022237169490198 0.06401044924839078 0.13053494564951015
6 0.2575060789918174 0.13158471080398443 0.05906290052881044 0.1184597723155241
6 0.1729700903392969 0.6125069415609781 0.07608562258237679 0.1354824943690904
6 0.26151658975174785 0.06313103798412424 0.05176744822013919 0.11116432000685283
6 0.16002949138223316 0.7397429600205586 0.07846149745384533 0.13310661949762176
4 0.34566519077755203 0.06531195594426359 0.04438808206433501 0.09665732923664308
4 0.3393906902756635 0.1457568882509769 0.04676395693580368 0.09428145436517457
4 0.3295104205430056 0.2261598636341238 0.049195774372027316 0.09671327180139827
4 0.31963015081034774 0.3065628390172707 0.04933563078391542 0.10873250257062904
4 0.3027341415927947 0.40370882363020794 0.04449996719384549 0.10627271385202765
4 0.2907297385300668 0.5081222892694388 0.046931784630069265 0.10870453128825155
4 0.2764054031606255 0.6197193220878305 0.05173947693776157 0.10876047385300652
4 0.2610050154849604 0.7421196769573412 0.05665905437496429 0.11843180103314666
11 0.8242560297825856 0.29681180831656834 0.07166952822797103 0.1690803979581814
8 0.8372822267174101 0.38349012626691786 0.07438105848797086 0.1955506769328668
7 0.819755179515733 0.21984677446992495 0.056826882069229936 0.13285487795622344
7 0.8507419785290877 0.5074280596018829 0.06652618053174728 0.14017830154727223
9 0.8116485600181111 0.14283978369971523 0.059090871811187856 0.1208636184693703
9 0.8547262021372687 0.6432733385765682 0.07133387283943958 0.14023424411202748
12 0.8658240647186666 0.7707890698599248 0.07379366155804098 0.14506990770209754
12 0.803555926161678 0.06703471600642855 0.054115351809230106 0.10638459898153813
10 0.7290506810336359 0.06736952932964581 0.05151570667874075 0.08952970462223743
10 0.7288137671987405 0.15028823599614932 0.051571649243495714 0.09433739692992973
10 0.7298207333643342 0.23682669753461083 0.04922374565440508 0.09911711795524443
10 0.7380392379914665 0.3234490729202052 0.06127094770601333 0.10166082052097868
10 0.7368381569798574 0.4267864862532122 0.061354861553146324 0.10887235898251714
10 0.747670292378668 0.5314656790750303 0.061242976423635846 0.09925697436713253
10 0.7476991057263596 0.6372209242030723 0.06616255386083864 0.10892830154727225
10 0.7575530883072681 0.7611169006144708 0.06373073642461471 0.1064964841110486