5 0.20724202921115872 0.2920796092028684 0.06335309523670257 0.14736186872643314
2 0.2041047631021852 0.37265041228028095 0.08282161232032337 0.18845102360083865
1 0.23205586620819205 0.21846860304559584 0.053625829278799594 0.12801921436615352
1 0.19646048579353745 0.5049598502301411 0.06083736774033806 0.12810312821328623
6 0.2459964548416585 0.1353680830436379 0.05836359574741797 0.11605592616167798
6 0.17668509637314056 0.6181783753611201 0.07530240016685934 0.1354824943690904
6 0.24800172371278295 0.0668304963766449 0.05111010178243509 0.10876047385300668
6 0.1666020099911097 0.7445061692087424 0.07769226115289071 0.13310661949762176
4 0.3321153613456761 0.062245732262659406 0.04382863748182263 0.09665732923664308
4 0.3289780952367026 0.142816535340072 0.04621849846785399 0.09428145436517453
4 0.3198451989109285 0.22586111277727472 0.04863632978951493 0.09671327180139827
4 0.31189324791035516 0.3052859353425194 0.048706255628588865 0.10873250257062911
4 0.3004334238537163 0.4015796379082536 0.04387059298526698 0.1038688676981815
4 0.2902244709613523 0.5062728163712605 0.046302409474742776 0.10870453128825155
4 0.2788555504955095 0.6181915189369948 0.048706255628588865 0.10873250257062904
4 0.26754956328483337 0.7409275291950367 0.055973734761386604 0.11843180103314666
11 0.8128923860539636 0.264598153736019 0.06828665405472815 0.16905242667580372
8 0.8290208520952965 0.3509548019390261 0.07324818320838325 0.19555067693286665
7 0.8076511535440127 0.1901348655315435 0.05604366060046054 0.1304510318023773
7 0.846561018730774 0.4733551568085368 0.06331113973325814 0.14015033026489476
9 0.7975952361424621 0.11452559681490009 0.05839156608304727 0.1208636184693703
9 0.8545627191738485 0.6090885506537116 0.07050869302698196 0.13783039795818133
12 0.8697200174072024 0.735122646036369 0.07294050951645768 0.1426660615482514
12 0.7875602964926335 0.04726322969203034 0.055889823754497754 0.09452645938406068
10 0.7142429888003258 0.044063044055736425 0.04859437428607057 0.08812608811147285
10 0.7159204075829521 0.12509200503112336 0.0510261907755463 0.09433739692992973
10 0.7176327892851151 0.21281840400531918 0.048650314957329716 0.09911711795524443
10 0.7277446473579251 0.2980430573373472 0.058279684740528984 0.101632849238601
10 0.7307498557278075 0.4013804706703542 0.06071150123000498 0.106468512828671
10 0.7433704487130744 0.5046059988738508 0.06065556055874584 0.09685312821328623
10 0.7475705875759726 0.6067275034887459 0.06553317870551194 0.10892830154727239
10 0.7615119775645884 0.730371738358746 0.06311534738385113 0.1064964841110486