5 0.21033653846153846 0.275218605508513 0.0625 0.1469982297478001
2 0.20552884615384615 0.3569773450749118 0.08173076923076923 0.18797549570570313
1 0.23677884615384615 0.20054553789331947 0.052884615384615384 0.13011536599961782
1 0.1935096153846154 0.49046073245244737 0.06009615384615385 0.13015732150306222
6 0.25240384615384615 0.11752194199483099 0.057692307692307696 0.11572025941217053
6 0.17067307692307693 0.6023724377005342 0.07211538461538461 0.13503493964982846
6 0.25600961538461536 0.05220983103755145 0.04807692307692308 0.1044196620751029
6 0.15745192307692307 0.7310551253542847 0.07692307692307693 0.13025521767776602
4 0.34134615384615385 0.047146909417239105 0.04326923076923077 0.09429381883447821
4 0.33533653846153844 0.12665483832060512 0.04326923076923077 0.09400173302066632
4 0.32572115384615385 0.20964347129955663 0.04807692307692308 0.09643354951014207
4 0.3161057692307692 0.29022825812466196 0.04567307692307692 0.10843879511155799
4 0.3004807692307692 0.38767493094622735 0.04326923076923077 0.10602096378989706
4 0.28846153846153844 0.49351408755453213 0.04326923076923077 0.1108286560975895
4 0.27403846153846156 0.6065787677921901 0.04807692307692308 0.10604893412552677
4 0.25961538461538464 0.7292588326452327 0.052884615384615384 0.1180961352303871
11 0.8233173076923077 0.26203700310035527 0.0673076923076923 0.16866081546804507
8 0.8365384615384616 0.3484985462158354 0.06971153846153846 0.19511710832816753
7 0.8185096153846154 0.18514189651290794 0.052884615384615384 0.13011536599961787
7 0.8521634615384616 0.47340764262503926 0.0625 0.13978669128626164
9 0.8100961538461539 0.10946969075410588 0.057692307692307696 0.1205279517198628
9 0.8557692307692307 0.6104058956425479 0.06971153846153846 0.13982864678970613
12 0.8689903846153846 0.7377328233734126 0.0673076923076923 0.1446223539295835
12 0.8016826923076923 0.04341796861294099 0.052884615384615384 0.08683593722588198
10 0.7271634615384616 0.04122389997631678 0.04807692307692308 0.08244779995263356
10 0.7271634615384616 0.1183656405821779 0.04807692307692308 0.09402970335629593
10 0.7283653846153846 0.20609903261365511 0.04807692307692308 0.09883739566398823
10 0.7355769230769231 0.2925955386486722 0.057692307692307696 0.1012971824890936
10 0.7355769230769231 0.39716284634098 0.057692307692307696 0.1061048747967859
10 0.7475961538461539 0.5004583051172906 0.057692307692307696 0.0964894901814013
10 0.7487980769230769 0.606220543302614 0.0625 0.10613284513241548
10 0.7596153846153846 0.7311576100474474 0.0625 0.10613284513241548