5 0.7944711538461539 0.280233671267979 0.0625 0.1469982297478001
2 0.7992788461538461 0.36313839324004166 0.08173076923076923 0.187975495705703
1 0.765625 0.20708418558944885 0.055288461538461536 0.13012935116743266
1 0.8137019230769231 0.4940640976177683 0.0625 0.130171306670877
6 0.7487980769230769 0.12424938945646012 0.057692307692307696 0.11812410556601664
6 0.8389423076923077 0.605696099509559 0.07451923076923077 0.13504892481764325
6 0.7439903846153846 0.05576774440747433 0.05048076923076923 0.11087061160103379
6 0.8533653846153846 0.7330160346565164 0.07692307692307693 0.13265906383161188
4 0.6598557692307693 0.05745914835791529 0.04326923076923077 0.09640557917451249
4 0.6670673076923077 0.13794603900831706 0.04567307692307692 0.09401571818848115
4 0.6778846153846154 0.2184119519069966 0.04807692307692308 0.09643354951014207
4 0.6887019230769231 0.2988778648056762 0.04807692307692308 0.10845278027937286
4 0.7067307692307693 0.3961287452778345 0.04326923076923077 0.1060209637898972
4 0.7199519230769231 0.5006191345471608 0.04567307692307692 0.10843879511155799
4 0.7355769230769231 0.6123070771102108 0.05048076923076923 0.10846676544718757
4 0.7524038461538461 0.7348053347816611 0.055288461538461536 0.11811012039820176
11 0.18509615384615385 0.2861827574628761 0.06971153846153846 0.1686748006358599
8 0.171875 0.37279813742431894 0.07211538461538461 0.19513109349598232
7 0.1875 0.2092456953719843 0.055288461538461536 0.13253319732127883
7 0.15985576923076922 0.4966661401864699 0.06490384615384616 0.13980067645407643
9 0.19471153846153846 0.13228066294546303 0.057692307692307696 0.1205279517198628
9 0.15745192307692307 0.6324974330465924 0.06971153846153846 0.13982864678970613
12 0.14783653846153846 0.7599572198716977 0.07211538461538461 0.1446503242652131
12 0.20192307692307693 0.056517553595864786 0.052884615384615384 0.10607690446115631
10 0.2764423076923077 0.05728593647052917 0.05048076923076923 0.08923599621641841
10 0.2776442307692308 0.1402116361943141 0.05048076923076923 0.09404368852411071
10 0.2776442307692308 0.22675009773277563 0.04807692307692308 0.09883739566398823
10 0.27163461538461536 0.31332352219077414 0.06009615384615385 0.10131116765690838
10 0.27283653846153844 0.41668191422225137 0.06009615384615385 0.10852270611844685
10 0.26322115384615385 0.5201032395088951 0.06009615384615385 0.09890732150306224
10 0.2644230769230769 0.6258654776942186 0.06490384615384616 0.10855067645407629
10 0.25600961538461536 0.7509144257815703 0.0625 0.10613284513241548