5 0.20868628865939248 0.2861013333618868 0.06093526391504163 0.14493005129020944
2 0.2045980311390128 0.36899206874601265 0.08040378099866242 0.1860192061646149
1 0.23675706704697455 0.2131056954169216 0.05363981444661438 0.13042306051999966
1 0.1918096161399682 0.5010637507956631 0.06085135290815284 0.13050697436713238
6 0.25286455533658503 0.13035481644468375 0.05595974959357175 0.11602795487930037
6 0.1683227673750417 0.612576869766922 0.0728845688451984 0.1330506769328668
6 0.25686890185007594 0.061887157983634755 0.04872024079640372 0.11113634872447521
6 0.15436039963470363 0.7398268738676913 0.07767827598507591 0.13070277334377586
4 0.3410105098185987 0.06166422978992794 0.04382863748182263 0.09665732923664308
4 0.33453239131218765 0.14212314773783008 0.043814652314007836 0.09425348308279692
4 0.32444151099109997 0.22374203183908886 0.04623248363566878 0.09668530051902072
4 0.3143576232539197 0.3041589928634246 0.046302409474742706 0.1087045312882515
4 0.29816622395742043 0.4013329487587394 0.04388457815308177 0.10627271385202765
4 0.285538638388246 0.505760400039159 0.043898563320896554 0.1086765600058738
4 0.2716671742387041 0.6173854041399284 0.048692270460774074 0.1063286564167829
4 0.25652386117316517 0.7410156533687396 0.05356988860754045 0.1184038297507689
11 0.8181102367467441 0.28477859190614874 0.06828665405472815 0.16905242667580378
8 0.8320298476284885 0.37148488113887596 0.07084433705453709 0.19552270565048901
7 0.8149519928860485 0.20781355805950538 0.05363981444661438 0.13042306051999966
7 0.8457326884091033 0.4954507857562185 0.06331113973325841 0.14015033026489476
9 0.8069790641337531 0.1319945047250299 0.05598771992920139 0.12083564718699263
9 0.8497432261513524 0.6325259590902045 0.06811883204095072 0.14020627282965
12 0.8610282356103063 0.7588677385790157 0.06814680237658002 0.14501396513734205
12 0.7989851576297355 0.059781220621323676 0.05587583858668283 0.10160487795622343
10 0.7244729194444121 0.05771218779069477 0.04859437428607057 0.08950173333985985
10 0.7239904311548014 0.14064488009838708 0.048608359453885225 0.09190557949370597
10 0.724688888190392 0.2271973272780374 0.048650314957329716 0.09911711795524443
10 0.7313969606105979 0.3138197026636318 0.058279684740528984 0.10163284923860107
10 0.7319975214714846 0.4171990729202052 0.05830765507615883 0.10644054154629337
10 0.7422064743638486 0.5218922513832122 0.058251714404899686 0.09682515693090875
10 0.7428000426408281 0.6264735447167086 0.06311534738385113 0.1064964841110486
10 0.7528971141906737 0.7503974924104847 0.06311534738385113 0.1064964841110486