5 0.796107418480485 0.28587209796279023 0.06093526391504156 0.14458039842613915
2 0.8013906064938804 0.3676308375291891 0.08040378099866256 0.1855576643840422
1 0.7680296475089955 0.2111920377636893 0.053639814446614656 0.13011536599961782
1 0.812977098416002 0.4999053092458941 0.06085135290815284 0.13015732150306222
6 0.7519221592193852 0.12816844186520082 0.05595974959357182 0.11570627424435567
6 0.8364639471809284 0.6118170144939808 0.07288456884519853 0.13263109349598232
6 0.7491197357828171 0.05964484131277064 0.04872024079640351 0.110856626433219
6 0.8504263149212665 0.7392977790708084 0.07767827598507591 0.13025521767776574
4 0.6637762047373713 0.05794644477842229 0.04382863748182276 0.09640557917451249
4 0.6702543232437824 0.13851025385180543 0.043814652314007836 0.09400173302066632
4 0.6803521961487776 0.22149888683075694 0.04623248363566891 0.09641956434232729
4 0.6904290913020504 0.3008817505789392 0.046302409474742706 0.10843879511155806
4 0.7066204905985496 0.39832842340050456 0.0438845781530819 0.1060209637898972
4 0.7192480761677241 0.5029656569318863 0.043898563320896554 0.10842480994374334
4 0.7343284559780965 0.6160303371695443 0.04869227046077421 0.10604893412552677
4 0.7482628533828048 0.7387034094386795 0.05356988860754031 0.1180961352303871
11 0.18667647780922583 0.27271147330635476 0.06828665405472809 0.16866081546804507
8 0.17275686692748163 0.3591660238379275 0.07084433705453695 0.19511710832816753
7 0.18983472166992157 0.195809374135 0.05363981444661438 0.13011536599961782
7 0.1590540261468667 0.4828801897541156 0.0633111397332582 0.13978669128626164
9 0.19780765042221704 0.12013716837619794 0.05598771992920139 0.12051396655204798
9 0.1550434884046178 0.6198714501877168 0.06811883204095051 0.1398146616218912
12 0.14375847894566382 0.7460034474255658 0.06814680237658009 0.1446223539295835
12 0.20580854951014207 0.04927265492508818 0.053444022097207236 0.09646151984577168
10 0.2803137951115581 0.04730234897350072 0.04859437428607057 0.08922201104860362
10 0.2807962834011685 0.130235041281193 0.04860835945388536 0.09162585720244977
10 0.2800978263655781 0.21676651023574717 0.048650314957329716 0.09883739566398823
10 0.27338975394537235 0.3032630162707643 0.05827968474052912 0.1012971824890936
10 0.27278919308448557 0.4066214083022415 0.05830765507615869 0.1061048747967859
10 0.26258024019212145 0.5111257827393826 0.05825171440489955 0.0964894901814013
10 0.2619866719151421 0.6156860978477829 0.063115347383851 0.10613284513241548
10 0.2518896003652964 0.7394212415156933 0.063115347383851 0.10613284513241548