5 0.8004807692307693 0.2789967852715189 0.06009615384615385 0.14458039842613915
2 0.8052884615384616 0.3619015072435816 0.07932692307692307 0.1855576643840422
1 0.7740384615384616 0.205833314425174 0.052884615384615384 0.13011536599961782
1 0.8161057692307693 0.49405011244995356 0.06009615384615385 0.13015732150306208
6 0.7572115384615384 0.12299851829218526 0.055288461538461536 0.1157062742443557
6 0.8389423076923077 0.6056960995095592 0.07211538461538461 0.13263109349598232
6 0.7548076923076923 0.054965600645997086 0.04807692307692308 0.10993120129199417
6 0.8521634615384616 0.7330230272404238 0.07692307692307693 0.13025521767776602
4 0.6694711538461539 0.053797438455886866 0.04326923076923077 0.09640557917451249
4 0.6754807692307693 0.13429132169019603 0.04326923076923077 0.09400173302066632
4 0.6850961538461539 0.21596615024970606 0.04567307692307692 0.09641956434232729
4 0.6959134615384616 0.29643206314838566 0.04567307692307692 0.10843879511155799
4 0.7103365384615384 0.39370392137226606 0.04326923076923077 0.10602096378989706
4 0.7223557692307693 0.4982013032254998 0.04326923076923077 0.10842480994374334
4 0.7367788461538461 0.6098962383724571 0.04807692307692308 0.10604893412552677
4 0.7512019230769231 0.7336104042886453 0.052884615384615384 0.1180961352303871
11 0.19110576923076922 0.2741285637741083 0.0673076923076923 0.16866081546804507
8 0.17668269230769232 0.36075093631945865 0.06971153846153846 0.19511710832816753
7 0.19471153846153846 0.1971845090993092 0.052884615384615384 0.13011536599961787
7 0.1622596153846154 0.48463292424942434 0.0625 0.13978669128626164
9 0.203125 0.12141440716580355 0.055288461538461536 0.12051396655204802
9 0.15865384615384615 0.6216731327703773 0.0673076923076923 0.1398146616218912
12 0.14543269230769232 0.7479519742702817 0.0673076923076923 0.1446223539295835
12 0.21153846153846154 0.04994234026989956 0.052884615384615384 0.09988468053979913
10 0.2860576923076923 0.04761461118388537 0.04807692307692308 0.08922201104860362
10 0.2860576923076923 0.13054730349157767 0.04807692307692308 0.09162585720244977
10 0.2848557692307692 0.2170927576139466 0.04807692307692308 0.09883739566398823
10 0.2776442307692308 0.30367317465585253 0.057692307692307696 0.1012971824890936
10 0.2776442307692308 0.4070385592712372 0.057692307692307696 0.1061048747967859
10 0.265625 0.5116757928026188 0.057692307692307696 0.0964894901814013
10 0.265625 0.6162431004949265 0.0625 0.10613284513241548
10 0.2548076923076923 0.7401041106731701 0.0625 0.10613284513241548