10 0.7351170810483206 0.16706730769230768 0.04192829334573389 0.09134615384615384
4 0.3237114318415363 0.34375 0.04444402462909025 0.10096153846153846
2 0.2342236841428653 0.296875 0.07452091489985882 0.20673076923076922
4 0.49579537439405436 0.25841346153846156 0.04433213949957977 0.09134615384615384
10 0.7391136061670623 0.09735576923076923 0.054115351809230106 0.10576923076923077
4 0.4311004707927262 0.17307692307692307 0.04922374565440494 0.0985576923076923
1 0.2674711046369221 0.15865384615384615 0.05679891078685232 0.12980769230769232
11 0.7332027323360827 0.2091346153846154 0.07362583386377526 0.12980769230769232
10 0.738221051326921 0.33052884615384615 0.05914681437594337 0.125
4 0.34724472616657287 0.09375 0.04433213949957991 0.09134615384615384
10 0.5942271959310474 0.24759615384615385 0.04690381334769164 0.10576923076923077
8 0.8521248728761512 0.4098557692307692 0.07424120207608262 0.18269230769230768
7 0.8216135856632157 0.16346153846153846 0.06904191181510391 0.14903846153846154
3 0.49437052312342444 0.3425480769230769 0.06398247796601317 0.12740384615384615
12 0.8160786400137057 0.10096153846153846 0.06904191181510391 0.14903846153846154
10 0.5762148616143322 0.5588942307692307 0.06138283283552381 0.11057692307692307
3 0.4064902820961518 0.33052884615384615 0.05934261335258657 0.14182692307692307
5 0.2982341333912561 0.4266826923076923 0.07393351796992907 0.15625
4 0.46200504008957627 0.6598557692307693 0.05892304411692241 0.10576923076923077
10 0.7650015406037021 0.6694711538461539 0.054115351809230106 0.10576923076923077
6 0.28341693231895054 0.0829326923076923 0.05405940924447487 0.10096153846153846
4 0.41019563494587075 0.5456730769230769 0.05422723693874058 0.11538461538461539
6 0.1605609457474077 0.7836538461538461 0.07379366155804104 0.14423076923076922
7 0.8803022421411847 0.6622596153846154 0.07379366155804125 0.14423076923076922
3 0.19380752417615044 0.5420673076923077 0.08318527591440478 0.125
9 0.8573110195612552 0.5456730769230769 0.07384960412279622 0.14903846153846154
9 0.6612420318390888 0.32572115384615385 0.06417827694265664 0.14423076923076922
10 0.7501711959555218 0.42788461538461536 0.06401044924839064 0.12980769230769232
4 0.48124811083090624 0.4543269230769231 0.05660311181020912 0.11298076923076923
10 0.574036469850135 0.7848557692307693 0.06389856411888044 0.1201923076923077
12 0.6665845467732119 0.7848557692307693 0.07138981540419483 0.14423076923076922
4 0.2638983590804147 0.78125 0.056631083092586736 0.11538461538461539