10 0.7312570440802107 0.16466346153846154 0.04436011078195726 0.09375
4 0.3122177609802818 0.33413461538461536 0.0468478707829364 0.10096153846153846
2 0.22503680201244933 0.2860576923076923 0.07695273233608259 0.2091346153846154
4 0.4886495538118897 0.25240384615384615 0.04433213949957991 0.09134615384615384
10 0.7380778266537769 0.09495192307692307 0.05651919796307626 0.10576923076923077
4 0.4271565199774835 0.1658653846153846 0.05162759180825123 0.0985576923076923
1 0.2650927035695114 0.14903846153846154 0.05920275694069847 0.12980769230769232
11 0.7271617774078335 0.20673076923076922 0.07365380514615302 0.13221153846153846
10 0.7293549968785334 0.328125 0.061550660529789525 0.125
4 0.3463627887063642 0.08533653846153846 0.04433213949957977 0.09134615384615384
10 0.5873191312490924 0.24278846153846154 0.04933563078391542 0.10817307692307693
8 0.8389808963546179 0.4098557692307692 0.07664504822992878 0.18269230769230768
7 0.8189974286955953 0.16466346153846154 0.07147372925132782 0.15144230769230768
3 0.48286286662098116 0.33653846153846156 0.06638632411985931 0.12740384615384615
12 0.8149309753709097 0.10096153846153846 0.07144575796895006 0.14903846153846154
10 0.5572545424888845 0.5540865384615384 0.06381465027174744 0.11298076923076923
3 0.3964782471355965 0.3233173076923077 0.06415030566027888 0.14182692307692307
5 0.28360852096902356 0.4170673076923077 0.07636533540615285 0.15865384615384615
4 0.4383192583729411 0.6526442307692307 0.061354861553146185 0.10817307692307693
10 0.7422239834990252 0.6682692307692307 0.054115351809230106 0.10576923076923077
6 0.28280072204132917 0.0733173076923077 0.05646325539832102 0.10096153846153846
4 0.3903690481320313 0.5384615384615384 0.05665905437496422 0.11778846153846154
6 0.13164621835678803 0.7716346153846154 0.07622547899426482 0.1466346153846154
7 0.8564766040126615 0.6622596153846154 0.07619750771188741 0.14423076923076922
3 0.1753227168511222 0.5300480769230769 0.08561709335062855 0.12740384615384615
9 0.8374005189002832 0.5456730769230769 0.07625345027664238 0.14903846153846154
9 0.6512999250844775 0.32211538461538464 0.06658212309650252 0.14423076923076922
10 0.7354336984037789 0.4254807692307692 0.06641429540223708 0.12980769230769232
4 0.4659372019904223 0.4483173076923077 0.05900695796405513 0.11298076923076923
10 0.5450098573300048 0.7800480769230769 0.0663024102727266 0.1201923076923077
12 0.6375439486118929 0.78125 0.07382163284041873 0.1466346153846154
4 0.23622751169028453 0.7704326923076923 0.059034929246432825 0.11538461538461539