10 0.2605803611946056 0.16435498649138658 0.043814652314007836 0.09400173302066636
4 0.6786895638891155 0.34101509833705784 0.043856607817452056 0.10121327148220488
2 0.7685540913020504 0.29241373146707994 0.07333209421527197 0.2095541704190593
4 0.5039072516939368 0.2554905614651691 0.04380066714619305 0.09159788686682013
10 0.25536709902028415 0.09467141836547774 0.053499962768466455 0.10607690446115627
4 0.5671127013134346 0.1697834160565385 0.048664300125144506 0.1012412418178344
1 0.7316852592610998 0.15320043206122494 0.05844750675430696 0.1301433363352474
11 0.262034017292195 0.20761722467670995 0.07287058367738361 0.13022724734213623
10 0.2591414916199804 0.330234356274586 0.058419536418677115 0.12533564402755515
4 0.6507788135762543 0.08876508902917447 0.04380066714619291 0.0915978868668202
10 0.40408470305415484 0.24525363823717544 0.046302409474742706 0.10843879511155806
8 0.14542030985017634 0.41022557482271194 0.07317825736930918 0.18311186272675156
7 0.17162406833448307 0.16246859154668788 0.0682027430478393 0.15423773854496814
3 0.5068075713052083 0.34081311475889275 0.063255199061999 0.130171306670877
12 0.17726307677200634 0.09873170555022784 0.06817477271220973 0.14943004623727585
10 0.42755137542250854 0.5600316178806884 0.0607534567334492 0.11333039842613929
3 0.5944780300815189 0.32828342536442184 0.0609352639150417 0.14458039842613915
5 0.7068232755318642 0.42498888429180315 0.07303840569116132 0.15907340118829
4 0.5447322835161759 0.6615167987801324 0.05830765507615869 0.1061048747967859
10 0.238290846988143 0.6717133692149804 0.053499962768466455 0.10607690446115633
6 0.7156127338910264 0.07636825872894419 0.05347199243283695 0.10126921215346399
4 0.5945417646918348 0.5458384948714061 0.05356988860754031 0.1180961352303871
6 0.8507409811970994 0.78353875939073 0.07296847985208725 0.14705417041905924
7 0.12166235302316017 0.6651801113924596 0.0729544946842724 0.1446503242652131
3 0.8132637943562053 0.5397581522925674 0.08245799795713865 0.125475495705703
9 0.1426186877687579 0.5484677064205881 0.07298246501990201 0.1494580165729054
9 0.3372385212843507 0.3249721460129128 0.06333911006888772 0.14459438359395393
10 0.24889757580807934 0.42885498183744486 0.063255199061999 0.130171306670877
4 0.5218879511155805 0.45370997298277316 0.0559457644257569 0.11330242809050958
10 0.4336876586726065 0.7883690321604434 0.06319925839073985 0.1205559220554924
12 0.3399306660886991 0.7877125306282975 0.07296847985208725 0.14705417041905924
4 0.7461666809208842 0.7829451911137506 0.05836359574741797 0.11572025941217053