10 0.27403846153846156 0.166674921638344 0.040865384615384616 0.09158390169900535
4 0.6826923076923077 0.3397782123405978 0.04326923076923077 0.0988094253283586
2 0.7704326923076923 0.2923927537153577 0.07211538461538461 0.204746478111367
4 0.5120192307692307 0.256636543870833 0.04326923076923077 0.09159788686682013
10 0.2692307692307692 0.09819327658935818 0.052884615384615384 0.10367305830731015
4 0.5745192307692307 0.17213831412303285 0.04807692307692308 0.09643354951014207
1 0.7355769230769231 0.1567782309563646 0.055288461538461536 0.12772550501358643
11 0.27524038461538464 0.2087352367467443 0.06971153846153846 0.1302132621743214
10 0.27163461538461536 0.32894852219077414 0.057692307692307696 0.12533564402755515
4 0.65625 0.0923358953404067 0.04326923076923077 0.0915978868668202
10 0.41466346153846156 0.24638563547502454 0.04567307692307692 0.10603494895771184
8 0.15985576923076922 0.4077238324941622 0.06971153846153846 0.1806940314050906
7 0.1875 0.1647745415258305 0.06490384615384616 0.14941606106946104
3 0.5144230769230769 0.33955525101071043 0.0625 0.12536361436318472
12 0.19230769230769232 0.1022465711902009 0.0673076923076923 0.14702620008342968
10 0.43509615384615385 0.5539590692409064 0.057692307692307696 0.11091256710447822
3 0.6009615384615384 0.32703255420014704 0.057692307692307696 0.13975872095063208
5 0.7091346153846154 0.4225570678023273 0.07211538461538461 0.1542657088805977
4 0.5492788461538461 0.654256312231242 0.057692307692307696 0.1061048747967859
10 0.24879807692307693 0.6644179197465531 0.052884615384615384 0.10607690446115633
6 0.7199519230769231 0.08114798070100691 0.052884615384615384 0.09886536599961784
4 0.5997596153846154 0.539779931399439 0.052884615384615384 0.11569228907654096
6 0.8485576923076923 0.7739093896075306 0.07211538461538461 0.1446503242652131
7 0.13581730769230768 0.6578636841723101 0.06971153846153846 0.14223249294355228
3 0.8137019230769231 0.534929482233153 0.08173076923076923 0.125475495705703
9 0.15745192307692307 0.5423532022773616 0.07211538461538461 0.14705417041905924
9 0.3485576923076923 0.32489522758993145 0.0625 0.1421905374401078
10 0.2620192307692308 0.4251583090158795 0.0625 0.12776746051703086
4 0.5288461538461539 0.45004826308074475 0.052884615384615384 0.11088459676884864
10 0.43990384615384615 0.7774887912129691 0.0625 0.11815207590164625
12 0.3485576923076923 0.7780202275899314 0.06971153846153846 0.14463633909739843
4 0.7463942307692307 0.7720999130858134 0.055288461538461536 0.11330242809050944