10 0.2687009989962228 0.16261004593513473 0.04192829334573368 0.09158390169900535
4 0.6842184267125154 0.34169818710697203 0.04444402462909025 0.10121327148220474
2 0.7726152943984597 0.2953406383161195 0.07452091489985882 0.2071503242652131
4 0.510162508752376 0.2565566396396913 0.04433213949957977 0.0915978868668202
10 0.2630821394995798 0.09287053713796665 0.054115351809230106 0.10607690446115631
4 0.5728714513048941 0.17159070812524493 0.04922374565440508 0.09883739566398823
1 0.7361511764309779 0.1569166995366511 0.05679891078685218 0.1301293511674326
11 0.2715943425916771 0.2046913387952572 0.0736258338637754 0.13022724734213623
10 0.269401123120977 0.3260645918127658 0.059146814375943234 0.12533564402755515
4 0.6548671056529365 0.09154435026100928 0.04433213949957977 0.0915978868668202
10 0.4114649600327957 0.24396401699005388 0.04690381334769164 0.10603494895771191
8 0.15734340620866882 0.4047342120023934 0.07424120207608276 0.18311186272675156
7 0.18213456617538362 0.1597027337399559 0.06904191181510398 0.14943004623727582
3 0.5135313641482496 0.3395033171151984 0.06398247796601317 0.12776746051703086
12 0.18620101950006934 0.09602878099866241 0.06904191181510398 0.14943004623727585
10 0.4367358421265 0.5565898835003871 0.06138283283552381 0.110926552272293
3 0.601145877992935 0.3291964680481308 0.05934261335258657 0.14216256710447822
5 0.7116397292880392 0.4259866393375501 0.07393351796992895 0.15666955503444385
4 0.5532952513709749 0.6582227100170357 0.05892304411692241 0.1061048747967859
10 0.25050853547468116 0.664874040410833 0.054115351809230106 0.10607690446115633
6 0.7184431579591604 0.08109764951579367 0.05405940924447487 0.10126921215346399
4 0.6024473846888078 0.5443337062334541 0.054227236938740445 0.11569228907654096
6 0.8576064021568484 0.7825809950078539 0.07379366155804125 0.1446503242652131
7 0.13504000624293294 0.6569912138941842 0.07379366155804104 0.1446503242652131
3 0.8187515816113952 0.5419866021060167 0.08318527591440492 0.125475495705703
9 0.15533200007342318 0.541732465019902 0.07384960412279622 0.1494580165729054
9 0.34628224312048744 0.32290634795207007 0.06417827694265636 0.14459438359395393
10 0.2597306380061512 0.4245593508652915 0.06401044924839078 0.130171306670877
4 0.5292690913430741 0.4525679973528564 0.05660311181020912 0.11330242809050958
10 0.4441728349776874 0.7825793922975551 0.06389856411888044 0.1205559220554924
12 0.35161077241342176 0.7808390402597625 0.07138981540419483 0.14463633909739843
4 0.7542270319002748 0.7807777097148947 0.056631083092586736 0.1157062742443556