10 0.26582698357816514 0.1703226463725576 0.043814652314007836 0.09400173302066636
4 0.679511483369591 0.336179435693736 0.046260453971298215 0.10122725665001954
2 0.7675315713412716 0.28759205399157284 0.07572195520130319 0.20716430943302794
4 0.5069030634144636 0.2566575216225552 0.04380066714619291 0.09159788686682013
10 0.2602229380601789 0.10064607083055611 0.055889823754497754 0.10368704347512493
4 0.5687046063788731 0.1697624383048163 0.051054161111175875 0.09885138083180302
1 0.729860194861269 0.15199850898430187 0.05844750675430669 0.1301433363352474
11 0.26918801237217543 0.21236897631314308 0.07287058367738361 0.13022724734213617
10 0.2660849078275894 0.3325752691732656 0.060823382572523274 0.12534962919536993
4 0.6497019556545148 0.08876508902917447 0.04380066714619291 0.0915978868668202
10 0.40720638128501474 0.2464205983945615 0.048706255628588865 0.10845278027937286
8 0.1550324890449633 0.41494935612351547 0.07558210352315534 0.18312584789456635
7 0.17929551462361099 0.1696241893369672 0.07059260403387067 0.15184787755893675
3 0.5100263443556222 0.3395692361785253 0.06564506004803036 0.12778144568484565
12 0.18326489821756492 0.10710321158524498 0.07057861886605589 0.14944403140509063
10 0.43304652540613675 0.5563559228108452 0.0607534567334492 0.11333039842613903
3 0.5966417243170652 0.3258446162910387 0.06332512490107292 0.1421905374401078
5 0.7066732258492111 0.41895129857155816 0.07544225184500747 0.15908738635610492
4 0.5478577489103456 0.6542423270634272 0.06071150123000498 0.10611885996460083
10 0.24609114559576437 0.6704205425472611 0.053499962768466455 0.10607690446115633
6 0.713473804570512 0.07637525131285158 0.0558758385866831 0.10128319732127879
4 0.5978008905353944 0.5397729388155317 0.055973734761386465 0.11811012039820189
6 0.8512590141489589 0.770261664873317 0.07537232600593341 0.14706815558687417
7 0.13193642362370167 0.6662771457107717 0.07535834083811856 0.14466430943302802
3 0.812994069391977 0.5301078047576459 0.08245799795713865 0.125475495705703
9 0.1530473965704116 0.5495717333228074 0.07538631117374815 0.1494720017407203
9 0.34184102459328025 0.3261251210024841 0.06572897105491922 0.14220452260792257
10 0.25710504699262865 0.42997998649138663 0.06564506004803036 0.12778144568484565
4 0.5250010340522343 0.4512571787415753 0.0559457644257569 0.11330242809050944
10 0.44014538117000745 0.7822685131850318 0.06560310454458601 0.12056990722330706
12 0.3487992273238536 0.7827999495619942 0.07295449468427233 0.1446503242652131
4 0.7479006221174818 0.7696611040124302 0.05836359574741797 0.11572025941217053