10 0.7292534427716242 0.14416893220881574 0.043814652314007836 0.09425348308279692
4 0.3108311765115801 0.32933838252216974 0.043856607817452195 0.10146502154433534
2 0.2204072423860534 0.282310382534407 0.07334607938308668 0.21237760000978978
4 0.4858084797010166 0.24075801737014288 0.04380066714619291 0.09184963692895079
10 0.7336555652126874 0.07440145118252206 0.05590380892231268 0.10641257026391573
4 0.4204011675058378 0.15497478045587673 0.048664300125144506 0.10152096410909059
1 0.2556468023765801 0.14126581329874285 0.05844750675430669 0.13047900308475488
11 0.7271013296384444 0.1874661342604241 0.07287058367738361 0.13064683077902056
10 0.7326292580885988 0.31120826861874584 0.05843352158649177 0.12807515693090876
4 0.3369999720763498 0.07541094354405806 0.04380066714619305 0.09184963692895078
10 0.5854981692465581 0.22757797838224142 0.046302409474742706 0.10870453128825143
8 0.8472804535180868 0.39040847885965557 0.0731922425371241 0.18593529231748215
7 0.8181817652961172 0.14073014860699812 0.06820274304783916 0.15462934975272685
3 0.48390110700459577 0.3261225271140589 0.063255199061999 0.13053494564951015
12 0.8117945503805022 0.07589623065909598 0.06817477271220987 0.14982165744503456
10 0.5669115190904189 0.5451234265901435 0.0607534567334492 0.11368005129020932
3 0.39488887347321405 0.3151382337927996 0.06093526391504156 0.1449300512902093
5 0.28367642661586717 0.41379466765412765 0.07303840569116118 0.15949298462517433
4 0.44971742718408625 0.6486574809651077 0.058321640243973474 0.10884438770013952
10 0.7574586829637456 0.6534906183592355 0.05349996276846652 0.10638459898153813
6 0.2708242770065066 0.06416092304021147 0.05347199243283681 0.10157690667384582
4 0.39736344682128366 0.5338742481516109 0.05598771992920139 0.12083564718699268
6 0.14275234821814792 0.7772378051094413 0.07296847985208722 0.1474737538559437
7 0.8740102585057472 0.646124395779306 0.07295449468427233 0.14506990770209754
3 0.177383553408731 0.5316259281814696 0.08247198312495344 0.12835486975468482
9 0.8516833773142992 0.52738575270532 0.07298246501990217 0.14987760000978972
9 0.653274364676046 0.30732362862951457 0.06333911006888772 0.14495802257258708
10 0.744019957661313 0.4096400901557388 0.063255199061999 0.13053494564951015
4 0.47013533296881427 0.4392711240390938 0.05595974959357182 0.11602795487930037
10 0.5622374872321166 0.7747606624883951 0.06319925839073985 0.12091956103412553
12 0.6559804946482093 0.7724678593987454 0.07298246501990217 0.14987760000978986
4 0.2485075938195639 0.7736032225309806 0.0583635957474179 0.11605592616167798