10 0.2528636881824486 0.16854973548067612 0.04436011078195746 0.09400173302066636
4 0.6739546502105616 0.3416842019391572 0.0468478707829364 0.10122725665001954
2 0.7634703691916103 0.29292280699445855 0.07938454977230637 0.21198598690853504
4 0.49703504406797366 0.25771660721316997 0.04676395693580368 0.09401571818848115
10 0.24767922562797262 0.09760131102267759 0.05892304411692241 0.10610487479678588
4 0.5617579189516794 0.17034682954487745 0.051655563090628714 0.10125522698564918
1 0.7266171794667842 0.15447789046326796 0.059230728223076096 0.1325471824890936
11 0.2547920225358754 0.2094291052638755 0.07605765129999917 0.1326450786637971
10 0.2521355927753168 0.33442211267996813 0.06157863181216701 0.12775347534921608
4 0.6444397117832872 0.08909155601981132 0.046735985653426196 0.09161187203463499
10 0.3973873138128686 0.2475208381334713 0.04933563078391528 0.10845278027937286
8 0.13820379994370888 0.4154955790234419 0.07670099079468415 0.18793354020225864
7 0.16394935177251851 0.1656284381176825 0.0715017005337053 0.15425172371278292
3 0.5008497558512608 0.343081116010338 0.06641429540223708 0.13018529183869182
12 0.16829635998629433 0.10194749279248162 0.07147372925132775 0.1518478775589368
10 0.420151397872521 0.5637804442102033 0.06381465027174758 0.11334438359395395
3 0.5887439825197224 0.33037042078942425 0.0641782769426565 0.14459438359395393
5 0.7006198860965761 0.4259796467536428 0.07879715284237676 0.16150521767776574
4 0.537980974269235 0.6642323254016511 0.061354861553146185 0.10852270611844698
10 0.23130877631839583 0.6780742165052646 0.05654716924545388 0.10849473578281714
6 0.7094973999902103 0.07624800170465698 0.05646325539832102 0.10128319732127879
4 0.5886024419772062 0.5491344059572391 0.059090871811187995 0.12052795171986283
6 0.8466785639965083 0.7862287197420675 0.07865729643048852 0.14948598690853496
7 0.11357625734468951 0.6725812509746472 0.07622547899426482 0.14706815558687417
3 0.8086662501836398 0.5407986641969084 0.08564506463300603 0.13029717318121023
9 0.13539352813007338 0.5537097402856884 0.07868526771286621 0.15188983306238113
9 0.33034450662244963 0.3276650921724106 0.06661009437888027 0.1470122149156149
10 0.24137338558245025 0.4329238643164013 0.06641429540223694 0.13018529183869182
4 0.5151601055795133 0.45615278883190347 0.059034929246432895 0.11572025941217053
10 0.42589360194392106 0.7933966999898627 0.06633038155510408 0.1229737533771532
12 0.33334552502084414 0.7928582710289932 0.07625345027664238 0.14947200174072003
4 0.7409093332272776 0.7856133723582166 0.05906290052881065 0.11812410556601668