10 0.7353329839953135 0.1689359303058819 0.043814652314007836 0.09400173302066636
4 0.3168547770640103 0.33716859544527683 0.04626045397129835 0.10122725665001954
2 0.2288346890923297 0.2885812137431137 0.07813978652296427 0.2095821407546889
4 0.49306197366599946 0.2564657360488951 0.046204513300039204 0.09161187203463499
10 0.7409370295132998 0.0992593547638804 0.05590380892231268 0.10609088962897109
4 0.43005850762466685 0.16956366014724886 0.051054161111175875 0.09885138083180302
1 0.2664990729884248 0.1517857456589196 0.05844750675430669 0.1301433363352474
11 0.7319789477852107 0.21218418332339042 0.07288456884519853 0.13263109349598232
10 0.7362909679906272 0.3335993918443434 0.06083736774033792 0.12775347534921608
4 0.3478522426881945 0.08735739521077655 0.046204513300039066 0.09161187203463499
10 0.5915637253024326 0.24742374331391717 0.048706255628588865 0.10845278027937286
8 0.8473503793571606 0.4171754018715163 0.07559608869097026 0.18552969404841263
7 0.8230733686106982 0.16944638893112193 0.07059260403387067 0.15184787755893675
3 0.48874376223182503 0.3405723810978809 0.06565904521584515 0.13018529183869182
12 0.819096992432837 0.10572348810247667 0.07057861886605601 0.14944403140509063
10 0.5669464820099559 0.5609718295448775 0.06315730288729536 0.11334438359395395
3 0.4021353748542896 0.32804968428731746 0.06332512490107306 0.1421905374401078
5 0.2897000271682974 0.4211423814000221 0.07784609799885349 0.1591013715239196
4 0.449731412351901 0.6588442486296449 0.060725486397819634 0.10852270611844698
10 0.7551107774811586 0.6762453649421238 0.05349996276846652 0.10607690446115633
6 0.2828784706952744 0.07496056491054627 0.05587583858668296 0.10128319732127879
4 0.399788270726852 0.5443748603817491 0.055973734761386465 0.11811012039820189
6 0.1439332935433488 0.7760515243486428 0.07777617215977949 0.1470821407546891
7 0.8704604299462371 0.6709070376126187 0.07535834083811849 0.14466430943302802
3 0.18218425313251588 0.5334938180791254 0.0848758292787996 0.12789332702736408
9 0.8493424644156197 0.5529997021477314 0.07540029634156298 0.15187584789456635
9 0.6581379976549976 0.3283371815826702 0.06574295622273386 0.14460836876176872
10 0.7440828909164796 0.4334009627324032 0.06565904521584515 0.13018529183869182
4 0.4737760651191205 0.45346224673785396 0.05834961057960305 0.11331641325832437
10 0.5598546188299925 0.7880863429959871 0.06560310454458601 0.12056990722330706
12 0.6524026957530695 0.7886247719568569 0.07296847985208725 0.14705417041905924
4 0.24850060123565648 0.7766598791485865 0.0583635957474179 0.11572025941217053