10 0.2704326923076923 0.16826923076923078 0.04326923076923077 0.09375
4 0.6911057692307693 0.3389423076923077 0.04567307692307692 0.10096153846153846
2 0.7800480769230769 0.29086538461538464 0.07692307692307693 0.21153846153846154
4 0.5144230769230769 0.25721153846153844 0.04567307692307692 0.09375
10 0.2644230769230769 0.09735576923076923 0.055288461538461536 0.10576923076923077
4 0.578125 0.16947115384615385 0.05048076923076923 0.10096153846153846
1 0.7415865384615384 0.15144230769230768 0.057692307692307696 0.12980769230769232
11 0.27283653846153844 0.21033653846153846 0.07451923076923077 0.13221153846153846
10 0.27163461538461536 0.3329326923076923 0.06009615384615385 0.12740384615384615
4 0.6598557692307693 0.08774038461538461 0.04567307692307692 0.09134615384615384
10 0.41466346153846156 0.24639423076923078 0.04807692307692308 0.10817307692307693
8 0.15865384615384615 0.41586538461538464 0.07451923076923077 0.18509615384615385
7 0.1814903846153846 0.16706730769230768 0.06971153846153846 0.15384615384615385
3 0.5192307692307693 0.34134615384615385 0.06490384615384616 0.12980769230769232
12 0.18629807692307693 0.10336538461538461 0.06971153846153846 0.14903846153846154
10 0.4423076923076923 0.5612980769230769 0.0625 0.11298076923076923
3 0.6081730769230769 0.3269230769230769 0.0625 0.14423076923076922
5 0.7199519230769231 0.4230769230769231 0.07692307692307693 0.16105769230769232
4 0.5600961538461539 0.6610576923076923 0.06009615384615385 0.10817307692307693
10 0.2548076923076923 0.6754807692307693 0.055288461538461536 0.10576923076923077
6 0.7247596153846154 0.07572115384615384 0.055288461538461536 0.10096153846153846
4 0.609375 0.5444711538461539 0.055288461538461536 0.11778846153846154
6 0.8689903846153846 0.78125 0.07692307692307693 0.14903846153846154
7 0.13701923076923078 0.6706730769230769 0.07451923076923077 0.1466346153846154
3 0.828125 0.5372596153846154 0.08413461538461539 0.12740384615384615
9 0.15865384615384615 0.5528846153846154 0.07451923076923077 0.15144230769230768
9 0.3485576923076923 0.3269230769230769 0.06490384615384616 0.14423076923076922
10 0.2620192307692308 0.43149038461538464 0.06490384615384616 0.12980769230769232
4 0.5348557692307693 0.453125 0.057692307692307696 0.11298076923076923
10 0.45072115384615385 0.7896634615384616 0.06490384615384616 0.12259615384615384
12 0.3581730769230769 0.7896634615384616 0.07451923076923077 0.14903846153846154
4 0.7632211538461539 0.7800480769230769 0.057692307692307696 0.11538461538461539