2 0.7704326923076923 0.28846153846153844 0.07211538461538461 0.1971153846153846
5 0.7019230769230769 0.41466346153846156 0.06971153846153846 0.18269230769230768
6 0.8461538461538461 0.7836538461538461 0.07932692307692307 0.13701923076923078
6 0.7307692307692307 0.07091346153846154 0.057692307692307696 0.1201923076923077
1 0.3473557692307692 0.5360576923076923 0.06490384615384616 0.1466346153846154
1 0.6466346153846154 0.06971153846153846 0.057692307692307696 0.13942307692307693
3 0.6009615384615384 0.33413461538461536 0.057692307692307696 0.14423076923076922
3 0.6418269230769231 0.6598557692307693 0.0673076923076923 0.13701923076923078
4 0.5925480769230769 0.5420673076923077 0.06009615384615385 0.11778846153846154
4 0.7367788461538461 0.7860576923076923 0.0625 0.11538461538461539
4 0.6790865384615384 0.33774038461538464 0.04326923076923077 0.11057692307692307
4 0.5709134615384616 0.16706730769230768 0.04326923076923077 0.11057692307692307
4 0.5 0.078125 0.04807692307692308 0.10576923076923077
4 0.5084134615384616 0.2536057692307692 0.04807692307692308 0.11298076923076923
4 0.3449519230769231 0.44591346153846156 0.04807692307692308 0.10576923076923077
4 0.5372596153846154 0.6634615384615384 0.05048076923076923 0.11538461538461539
12 0.18269230769230768 0.07692307692307693 0.052884615384615384 0.1201923076923077
12 0.33533653846153844 0.7788461538461539 0.0673076923076923 0.1466346153846154
11 0.2620192307692308 0.21153846153846154 0.0673076923076923 0.17307692307692307
8 0.1466346153846154 0.39903846153846156 0.07451923076923077 0.1971153846153846
7 0.171875 0.13942307692307693 0.057692307692307696 0.13942307692307693
7 0.12860576923076922 0.6622596153846154 0.06971153846153846 0.14182692307692307
9 0.14903846153846154 0.5432692307692307 0.07692307692307693 0.1346153846153846
9 0.34134615384615385 0.32091346153846156 0.057692307692307696 0.1346153846153846
10 0.40865384615384615 0.23557692307692307 0.04807692307692308 0.11057692307692307
10 0.4026442307692308 0.07211538461538461 0.04807692307692308 0.10576923076923077
10 0.2608173076923077 0.15504807692307693 0.04807692307692308 0.10096153846153846
10 0.24879807692307693 0.3329326923076923 0.04807692307692308 0.11057692307692307
10 0.234375 0.6670673076923077 0.057692307692307696 0.11538461538461539
10 0.24759615384615385 0.43028846153846156 0.055288461538461536 0.11538461538461539
10 0.4230769230769231 0.5552884615384616 0.04807692307692308 0.11538461538461539
10 0.4375 0.7932692307692307 0.057692307692307696 0.1201923076923077