2 0.7704326923076923 0.303435949848177 0.07451923076923077 0.19557864821524426
5 0.7055288461538461 0.4264788021470585 0.07211538461538461 0.18112760000978972
6 0.8533653846153846 0.7899778821671275 0.07932692307692307 0.1379422830876918
6 0.7271634615384616 0.08899015907307238 0.06009615384615385 0.12089158975174788
1 0.359375 0.5486528605616061 0.0673076923076923 0.1450139651373423
1 0.6442307692307693 0.08321745752335262 0.055288461538461536 0.14247026257160805
3 0.6045673076923077 0.3483809313641221 0.06009615384615385 0.1449300512902093
3 0.6490384615384616 0.6686099385496463 0.0673076923076923 0.13780242667580359
4 0.5997596153846154 0.553853834953213 0.06009615384615385 0.1160838974440556
4 0.7451923076923077 0.7923249436909044 0.06490384615384616 0.11373599385496455
4 0.6814903846153846 0.35047793547712863 0.04567307692307692 0.10870453128825143
4 0.5721153846153846 0.18333985751356285 0.04567307692307692 0.10870453128825143
4 0.5 0.0959622575037731 0.05048076923076923 0.10635662769916052
4 0.5120192307692307 0.27038096006950735 0.04807692307692308 0.11354019487832136
4 0.35336538461538464 0.4596406246633545 0.04807692307692308 0.1063286564167829
4 0.546875 0.6734307744332134 0.052884615384615384 0.11599998359692275
12 0.18870192307692307 0.09594574566664218 0.052884615384615384 0.1184038297507689
12 0.34975961538461536 0.7889255908167112 0.0673076923076923 0.14501396513734205
11 0.2692307692307692 0.2290943220878305 0.06971153846153846 0.17148424411202748
8 0.15865384615384615 0.4153076430984605 0.07692307692307693 0.19560661949762187
7 0.17908653846153846 0.15953578361405482 0.057692307692307696 0.14009438770013952
7 0.14423076923076922 0.6735532769426563 0.07211538461538461 0.14026221539440525
9 0.1622596153846154 0.55717652309895 0.07692307692307693 0.1379143118053142
9 0.3485576923076923 0.3369885282524454 0.06009615384615385 0.1329108205209787
10 0.41346153846153844 0.25120529133817926 0.05048076923076923 0.11116432000685282
10 0.40384615384615385 0.09123763697789956 0.04807692307692308 0.1063286564167829
10 0.2668269230769231 0.17257596619006826 0.05048076923076923 0.1015489353914682
10 0.25841346153846156 0.3479588359325159 0.05048076923076923 0.10876047385300666
10 0.24879807692307693 0.6783757969568517 0.06009615384615385 0.11608389744405546
10 0.25721153846153844 0.4453006195220963 0.055288461538461536 0.11362410872545421
10 0.4326923076923077 0.5675348308279693 0.05048076923076923 0.11356816616069897
10 0.45072115384615385 0.8021196154458015 0.06009615384615385 0.11848774359790162