2 0.7717719456005614 0.302587139697195 0.07681287592419477 0.19754892481764325
5 0.7042116696861564 0.42720254758228804 0.07424120207608262 0.18311186272675156
6 0.8489984963032218 0.7934542433714208 0.08332513232629288 0.13749472647493377
6 0.7310201302453152 0.08598925283037476 0.061494717965034286 0.12054193688767761
1 0.35295559069433907 0.5537734748960044 0.06901394053272643 0.14702620008342968
1 0.6469414574254551 0.08069207964916458 0.0569667384811179 0.14455242809050955
3 0.6029572748249671 0.34848317795015915 0.061802402071187965 0.14698424457998532
3 0.6448542286270672 0.6732681269078711 0.0713059015570621 0.13742480063586
4 0.5957300665916119 0.5563878999222219 0.06387059283650268 0.11815207590164625
4 0.7407834624565783 0.7964306800505242 0.06624646770797135 0.11576221491561475
4 0.6810543035425897 0.3513415420579863 0.04695975591244661 0.11084264126540415
4 0.5712334471551759 0.1824220009853674 0.046931784630069126 0.10843879511155806
4 0.5013269517823082 0.09547097699636939 0.05171150565538395 0.10606291929334148
4 0.5101023558610506 0.27101467948230523 0.049391573348670656 0.11326047258706516
4 0.34799489839888403 0.4635942812072366 0.04933563078391542 0.10845278027937291
4 0.5414329014469274 0.6774744569995271 0.05425520822111807 0.1180961352303871
12 0.18516523998678383 0.09843961973641596 0.05428317950349575 0.12049998138423322
12 0.340529092200005 0.7953040726862836 0.07141778668657259 0.1470401852512446
11 0.2653715743279734 0.22992473082673442 0.0741013456641948 0.17109263195752078
8 0.15138299686629633 0.41917826667719255 0.07921672207804072 0.19756290998545806
7 0.17482260202958141 0.16088367906515677 0.061746459506432656 0.142176552272293
7 0.1351129732409833 0.6811205790234419 0.07376569027566346 0.14224647811136693
9 0.1533244747955979 0.5622280905827609 0.07851744001860056 0.1374667561393042
9 0.34464171277482725 0.33856631087160705 0.06163457437692225 0.1325611676569084
10 0.4105525250942673 0.252405448864145 0.05176744822013919 0.11087061160103386
10 0.4040271251162943 0.09009688539217782 0.05173947693776157 0.10846676544718764
10 0.2636250533100011 0.17342036104353503 0.051655563090628714 0.10125522698564918
10 0.25312773123440774 0.3524579514177217 0.05176744822013919 0.11087061160103386
10 0.23963832400972457 0.6853347030541547 0.06143877540027898 0.11573424457998545
10 0.2508069568623804 0.4486048049876604 0.059034929246432895 0.11572025941217053
10 0.4272790224869266 0.5710339381751862 0.05182339078489443 0.11567830390872616
10 0.4413367886084666 0.809112603580659 0.061494717965034286 0.12054193688767775