2 0.7770025157600491 0.29386387681783704 0.0756520293622294 0.19557864821524434
5 0.7079972282731577 0.4160692747760184 0.07316427220149425 0.18112760000978972
6 0.8459332888894071 0.7786715896293759 0.08012407764236656 0.1379422830876918
6 0.7408950740098555 0.07912522964308155 0.060781427069078776 0.11848774359790172
1 0.36010383143666824 0.5343078030284638 0.06814680237658016 0.1450139651373423
1 0.6579274187826261 0.07408062350049362 0.0561135864395346 0.14247026257160805
3 0.6101799485045002 0.33787518863538846 0.0609352639150417 0.1449300512902093
3 0.64688875247073 0.6559792204255286 0.06809086170532087 0.1353985805219574
4 0.5993354718317124 0.5399381219703534 0.060767441901264124 0.1160838974440556
4 0.7389621350432533 0.7799163116951794 0.06315730288729536 0.11370802257258707
4 0.6871309957632067 0.3417877999069973 0.046302409474742706 0.10870453128825155
4 0.5839745873098946 0.17230350248496867 0.043898563320896554 0.1086765600058738
4 0.5149545133000392 0.08536029941734588 0.051096116614620365 0.10635662769916052
4 0.5195672146134738 0.2583952655707025 0.04872024079640379 0.1111363487244752
4 0.3583844571505977 0.4453794809773449 0.04869227046077421 0.1063286564167829
4 0.5447462686839907 0.660773769157346 0.05355590343972567 0.11599998359692275
12 0.20482339653434833 0.08295897945944185 0.05356988860754045 0.1184038297507689
12 0.3446614399734101 0.7724843712358762 0.06814680237658002 0.14501396513734205
11 0.28011880411730034 0.21550533124419755 0.07069050020857418 0.1690803979581814
8 0.16458814582577902 0.3983523230548961 0.07563804419441447 0.19317480206139812
7 0.19316078754439486 0.1443969127944068 0.05850344742556583 0.14009438770013952
7 0.14444994339734685 0.655815603057833 0.07052267819479667 0.14023424411202748
9 0.1654062781429446 0.5389773230548961 0.0777062463207055 0.13551046565146804
9 0.35646929051512005 0.3227973127723799 0.06085135290815284 0.13050697436713238
10 0.4244964176101249 0.23906743891692572 0.05111010178243502 0.10876047385300666
10 0.4187587116427487 0.07926761225091171 0.04869227046077421 0.10632865641678292
10 0.2797901526736526 0.15901494662881294 0.051054161111175875 0.09914508923762205
10 0.26518606992413274 0.3346775291950366 0.05111010178243509 0.10876047385300666
10 0.24785029093226846 0.6606224533002114 0.0583635957474179 0.11605592616167798
10 0.26333463789897105 0.42965742355433734 0.055945764425756966 0.11362410872545421
10 0.4335330204714944 0.5526854481467159 0.051138072118064586 0.11356816616069897
10 0.4457068894418373 0.7857326542990937 0.060781427069078915 0.11848774359790162