2 0.7728365384615384 0.2941596929909186 0.07451923076923077 0.19754892481764325
5 0.7067307692307693 0.41877510087601166 0.07211538461538461 0.1807080165729054
6 0.8557692307692307 0.7826229505112983 0.08173076923076923 0.13749472647493377
6 0.7295673076923077 0.0787637292010215 0.06009615384615385 0.12054193688767761
1 0.359375 0.5441580902806198 0.0673076923076923 0.14702620008342968
1 0.6466346153846154 0.07587739475756487 0.057692307692307696 0.14456641325832437
3 0.6057692307692307 0.34006272382779024 0.06009615384615385 0.14458039842613915
3 0.6514423076923077 0.662443826631656 0.06971153846153846 0.13742480063586
4 0.6009615384615384 0.5467655227229299 0.06009615384615385 0.11813809073383147
4 0.7475961538461539 0.7855993871904017 0.06490384615384616 0.11576221491561475
4 0.6838942307692307 0.34292108793561726 0.04567307692307692 0.10843879511155799
4 0.5733173076923077 0.17521046252382894 0.04567307692307692 0.10843879511155806
4 0.5012019230769231 0.08825244595092353 0.05048076923076923 0.10606291929334152
4 0.5132211538461539 0.26260121794384367 0.04807692307692308 0.11326047258706516
4 0.35336538461538464 0.453978896591852 0.04807692307692308 0.10845278027937291
4 0.5480769230769231 0.6678520798002351 0.052884615384615384 0.11569228907654096
12 0.1875 0.09003315078186182 0.052884615384615384 0.11809613523038708
12 0.34975961538461536 0.7844867649939758 0.0673076923076923 0.14702620008342995
11 0.2692307692307692 0.22272018494910337 0.07211538461538461 0.17109263195752078
8 0.15865384615384615 0.4107787903065458 0.07692307692307693 0.19515906383161188
7 0.1778846153846154 0.15367913318752568 0.06009615384615385 0.13977270611844686
7 0.14302884615384615 0.6703032713311342 0.07211538461538461 0.14224647811136693
9 0.1622596153846154 0.5526266911351911 0.07692307692307693 0.1374667561393042
9 0.3473557692307692 0.3301458567492381 0.06009615384615385 0.1325611676569084
10 0.41346153846153844 0.24399198732568345 0.05048076923076923 0.11087061160103379
10 0.4050480769230769 0.08288534693063936 0.04807692307692308 0.1060489341255267
10 0.265625 0.16620882258199657 0.05048076923076923 0.10125522698564918
10 0.25721153846153844 0.3440444898792601 0.05048076923076923 0.10846676544718771
10 0.24759615384615385 0.674517395361847 0.06009615384615385 0.11573424457998545
10 0.25721153846153844 0.44019833603310626 0.055288461538461536 0.1157062742443556
10 0.4326923076923077 0.5614115609758942 0.05048076923076923 0.11327445775487988
10 0.45072115384615385 0.7982952958883514 0.06009615384615385 0.11813809073383161