2 0.23064588619447365 0.29795724779534793 0.07435308720559324 0.19272724734213617
5 0.300582036980347 0.42015482435878 0.06937756720363528 0.17827620008342968
6 0.16179084010670838 0.7851696341514528 0.07848946873622295 0.1350629099854583
6 0.2678059179601393 0.08258226175717298 0.059090871811188064 0.1205279517198628
1 0.6493363703299966 0.5383262753018496 0.06417827694265636 0.14459438359395393
1 0.3506686820618876 0.07609015808294711 0.05453492104489426 0.1421345967688486
3 0.39823066261076706 0.3414564324783734 0.05937058463496406 0.14456641325832437
3 0.3622873816285273 0.661398726208856 0.06887408412083833 0.1350069693141989
4 0.4090216831513252 0.5457344074679447 0.059034929246432895 0.11572025941217053
4 0.2699918883121629 0.786944147753633 0.06381465027174758 0.11334438359395395
4 0.32133555697006777 0.344307804002293 0.04452793847622311 0.1084248099437432
4 0.42514679797286603 0.1754232258492112 0.04449996719384549 0.10602096378989706
4 0.49503930770454485 0.08727027878329009 0.0493076595015378 0.1060489341255267
4 0.4886537641384599 0.26159807302448806 0.04936360206629304 0.110856626433219
4 0.6519072021127943 0.4493629898578198 0.04690381334769164 0.10603494895771184
4 0.4645067857317441 0.6656120488844195 0.05182339078489443 0.11567830390872604
12 0.8075253220633561 0.08425028389044346 0.051851362067272186 0.11808215006257225
12 0.6653546524139112 0.7786339722634836 0.06658212309650252 0.14460836876176858
11 0.7297508051583902 0.21812525596679327 0.06926568207412487 0.16866081546804507
8 0.8460872862091584 0.4025571143417443 0.0743530872055931 0.19272724734213617
7 0.8178679600205586 0.14669434321918426 0.05931464207020882 0.13975872095063202
7 0.8671230452185973 0.6608656871215948 0.06893002668559343 0.1398146616218912
9 0.846535668792514 0.5443910300025748 0.07608562258237693 0.13504892481764325
9 0.6540864359423056 0.32674585825994373 0.059202756940698334 0.13014333633524744
10 0.5869876861871314 0.24179391191331215 0.04936360206629304 0.110856626433219
10 0.5911372112936358 0.08190317976300593 0.0493076595015378 0.1060489341255267
10 0.7302954030994395 0.1616278787675013 0.049251716936782555 0.1012412418178344
10 0.7443565374822357 0.3370387221591965 0.049335630783915556 0.10845278027937291
10 0.7638136031679679 0.6662747416453235 0.059034929246432895 0.11572025941217053
10 0.7478792349311861 0.4331785831452279 0.05419926565636283 0.1132884429226948
10 0.5762428328967097 0.5579835921509702 0.049391573348670656 0.11326047258706523
10 0.5645469560054496 0.792442503157859 0.05906290052881037 0.11812410556601641