2 0.7932692307692307 0.30307720231342483 0.07692307692307693 0.1999667561393042
5 0.7211538461538461 0.42849675734786874 0.07451923076923077 0.18552969404841263
6 0.8605769230769231 0.8014836945376875 0.08173076923076923 0.13989857262877992
6 0.7572115384615384 0.08453697983064679 0.06009615384615385 0.12294578304152377
1 0.3629807692307692 0.5471670858138119 0.06971153846153846 0.14704018525124446
1 0.671875 0.07661999174961052 0.057692307692307696 0.14697025941217048
3 0.6213942307692307 0.3473463725814136 0.0625 0.1469982297478001
3 0.65625 0.6740666645711759 0.06971153846153846 0.13982864678970613
4 0.609375 0.5565509138051029 0.0625 0.11815207590164625
4 0.7512019230769231 0.8033219427501839 0.06490384615384616 0.11576221491561475
4 0.6995192307692307 0.351699546935125 0.04567307692307692 0.11084264126540415
4 0.5949519230769231 0.17802905558122248 0.04567307692307692 0.11084264126540422
4 0.5252403846153846 0.0882903946786208 0.05048076923076923 0.10846676544718767
4 0.5288461538461539 0.2649521092345909 0.05048076923076923 0.11327445775487995
4 0.3629807692307692 0.4570228550445812 0.04807692307692308 0.10845278027937291
4 0.5516826923076923 0.6782807886018888 0.052884615384615384 0.1180961352303871
12 0.20673076923076922 0.08413381402946597 0.052884615384615384 0.12049998138423319
12 0.3473557692307692 0.7924502970969157 0.06971153846153846 0.1470401852512446
11 0.28365384615384615 0.21950359635170016 0.07211538461538461 0.173496478111367
8 0.16466346153846154 0.40769586215853254 0.07692307692307693 0.1999667561393042
7 0.19471153846153846 0.147905662945463 0.06009615384615385 0.142176552272293
7 0.140625 0.6722587907597575 0.07211538461538461 0.14224647811136693
9 0.16346153846153846 0.5519336239732092 0.07932692307692307 0.13988458746096527
9 0.3605769230769231 0.3308349171354728 0.06009615384615385 0.13496501381075454
10 0.43028846153846156 0.24509280880730527 0.05048076923076923 0.11327445775488001
10 0.4266826923076923 0.081652248097489 0.05048076923076923 0.10846676544718764
10 0.28365384615384615 0.16301321173631556 0.05048076923076923 0.10125522698564918
10 0.26802884615384615 0.3421906537886502 0.05048076923076923 0.11087061160103386
10 0.24639423076923078 0.6764511356835988 0.06009615384615385 0.11813809073383161
10 0.2644230769230769 0.4395674007711416 0.057692307692307696 0.11572025941217053
10 0.4387019230769231 0.5671592453353381 0.05048076923076923 0.11567830390872604
10 0.4495192307692308 0.8062790043878638 0.0625 0.1205559220554924