2 0.7698934619916732 0.2947896072852965 0.07808384585170512 0.19996675613930426
5 0.6970578412338265 0.4190072392428173 0.07559608869097026 0.18552969404841263
6 0.8343062245617028 0.7919941764326359 0.08254190896402765 0.13989857262877992
6 0.7351224051229421 0.07384553864867227 0.06080939740470835 0.12294578304152377
1 0.33940840674865513 0.5376705751248531 0.07056463369824109 0.1470401852512446
1 0.6498138369970333 0.07030780167532216 0.058517432593380755 0.14061560335064432
3 0.5977737215549143 0.3378568544763621 0.06335309523670264 0.1469982297478001
3 0.6319294310397943 0.6645701538822172 0.0705226781947966 0.13982864678970613
4 0.5845447737697037 0.5458594726231284 0.06318527322292507 0.11815207590164625
4 0.7249312245617026 0.7926305015682094 0.06557513420895643 0.11576221491561475
4 0.6770726742962078 0.34220303624616616 0.04631639464255763 0.11084264126540429
4 0.5723173681935497 0.168539537476171 0.04631639464255763 0.11084264126540422
4 0.5031302735250661 0.07880087657356936 0.05111010178243502 0.10846676544718767
4 0.5069100559983709 0.2554555985456321 0.051138072118064586 0.11327445775487988
4 0.33873092746478695 0.4475333369395296 0.048706255628588865 0.10845278027937291
4 0.5273481381796719 0.6675823548360069 0.05356988860754031 0.1180961352303871
12 0.18466261364389513 0.07344237284749143 0.053583873775355235 0.12049998138423322
12 0.3211549965546228 0.7829607789918642 0.07056463369824109 0.1470401852512446
11 0.2607815434176213 0.2112160013235718 0.07312231669804997 0.17349647811136693
8 0.14070730829658992 0.39820634405348115 0.07808384585170502 0.1999667561393042
7 0.17227277592757226 0.1372142217634885 0.060921278747226845 0.142176552272293
7 0.11633939395933125 0.6615603569938755 0.07294050951645761 0.14224647811136693
9 0.13866627515077906 0.5424441058681578 0.0801380628101813 0.13988458746096527
9 0.3382632256981406 0.32133840644651396 0.06087932324378242 0.13496501381075454
10 0.4072693145401813 0.2356032907022538 0.051138072118064724 0.11327445775488001
10 0.40461453672081826 0.07216272999243756 0.05111010178243502 0.10846676544718765
10 0.26111718744517637 0.1535236936312641 0.05106814627899066 0.10125522698564918
10 0.24445728502688147 0.3314992126066757 0.05112408695024987 0.11087061160103372
10 0.22206666922511767 0.668156548071563 0.060781427069078915 0.11813809073383133
10 0.24028511649961298 0.428875959589167 0.05836359574741797 0.11572025941217053
10 0.41380876359146007 0.5576697272302866 0.05115205728587951 0.11567830390872616
10 0.4232345470861955 0.7967894862828123 0.06319925839073985 0.1205559220554924