2 0.22716346153846154 0.2931495554876556 0.07451923076923077 0.1951450786637971
5 0.2932692307692308 0.4177649633727487 0.07211538461538461 0.1807080165729054
6 0.14543269230769232 0.7792019742702817 0.07932692307692307 0.13748074130711913
6 0.2704326923076923 0.07895551477468156 0.06009615384615385 0.12054193688767761
1 0.6382211538461539 0.5419600148682485 0.0673076923076923 0.1446223539295835
1 0.35336538461538464 0.07486725725430185 0.055288461538461536 0.1421485819366634
3 0.3942307692307692 0.3390525863245272 0.06009615384615385 0.14458039842613915
3 0.3485576923076923 0.6602317660514699 0.0673076923076923 0.13741081546804507
4 0.39783653846153844 0.5457623778035743 0.06009615384615385 0.11573424457998531
4 0.25240384615384615 0.7821854035332925 0.06490384615384616 0.11335836876176887
4 0.3161057692307692 0.34191095043235425 0.04567307692307692 0.10843879511155799
4 0.4266826923076923 0.175402248097489 0.04567307692307692 0.10843879511155806
4 0.49759615384615385 0.08845122410849096 0.05048076923076923 0.10606291929334148
4 0.4855769230769231 0.26159807302448806 0.04807692307692308 0.11326047258706516
4 0.6442307692307693 0.45298274425640384 0.04807692307692308 0.10604893412552677
4 0.4519230769230769 0.664438096143126 0.052884615384615384 0.11569228907654096
12 0.8100961538461539 0.09023892152333665 0.052884615384615384 0.11809613523038708
12 0.6478365384615384 0.7810867665046816 0.0673076923076923 0.1446223539295835
11 0.7283653846153846 0.22172403261365511 0.06971153846153846 0.171078646789706
8 0.8389423076923077 0.40978263797109754 0.07692307692307693 0.19515906383161188
7 0.8185096153846154 0.15389189651290794 0.057692307692307696 0.13975872095063208
7 0.8533653846153846 0.6681121885026703 0.07211538461538461 0.13984263195752078
9 0.8353365384615384 0.5504286157228198 0.07692307692307693 0.1374667561393042
9 0.6490384615384616 0.32915669699769723 0.06009615384615385 0.1325611676569084
10 0.5853365384615384 0.2441907654832509 0.05048076923076923 0.11087061160103379
10 0.59375 0.08308412508820681 0.04807692307692308 0.1060489341255267
10 0.7307692307692307 0.1664215859073788 0.05048076923076923 0.10125522698564918
10 0.7391826923076923 0.3418534070507962 0.05048076923076923 0.10846676544718771
10 0.7487980769230769 0.6723263125333833 0.06009615384615385 0.11573424457998517
10 0.7403846153846154 0.438000260620735 0.055288461538461536 0.11330242809050958
10 0.5649038461538461 0.5592134855635228 0.05048076923076923 0.11327445775487988
10 0.546875 0.794895297399057 0.06009615384615385 0.11813809073383161