2 0.22858662867846335 0.28951581592125675 0.07681287592419456 0.19754892481764333
5 0.2920359681486739 0.4141382163902572 0.07421323079370513 0.1807080165729054
6 0.13997576604811673 0.7779790734416365 0.08332513232629288 0.13749472647493377
6 0.27435928922048997 0.07411985213135965 0.06149471796503422 0.1205419368876776
1 0.639111182490353 0.5395142132109579 0.06901394053272643 0.14702620008342968
1 0.35733393845174877 0.07115390432811736 0.0569667384811179 0.1423078086562347
3 0.39509451072321894 0.3366207698350515 0.06177443078881021 0.14458039842613915
3 0.34568726760273133 0.6577999495619942 0.0713059015570621 0.13742480063586
4 0.3962947496695139 0.5433305613140985 0.06146674668265666 0.11813809073383133
4 0.2469049629707042 0.7809625027046473 0.06624646770797135 0.11576221491561475
4 0.3169555250820301 0.33827721086595547 0.046931784630069265 0.10843879511155799
4 0.4294764522841969 0.17056658545416709 0.046931784630069265 0.10843879511155806
4 0.5025988030651753 0.08360856888126168 0.05171150565538395 0.10606291929334152
4 0.488551654323568 0.2579573408741818 0.04939157334867052 0.11326047258706509
4 0.6461557353229399 0.45053694259911314 0.049335630783915556 0.10845278027937291
4 0.448982724012172 0.6632082027305732 0.05422723693874058 0.11569228907654096
12 0.8162447835773433 0.08659119678912303 0.05425520822111834 0.11809613523038708
12 0.6459294388679768 0.7798428879243141 0.06901394053272643 0.14702620008342968
11 0.7329895794569944 0.2180763078794415 0.07410134566419466 0.17109263195752084
8 0.8413707568672752 0.4061349132368839 0.07918875079566316 0.19515906383161188
7 0.823930991773987 0.14904224870177124 0.06171848822405497 0.1397727061184468
7 0.8539608727293049 0.6668613173383954 0.0737656902756635 0.14224647811136693
9 0.8361146819762273 0.5479828140655292 0.07851744001860056 0.1374667561393042
9 0.6512160112373446 0.325515964847391 0.06163457437692225 0.1325611676569084
10 0.5885210543260155 0.2393481102560216 0.05176744822013919 0.11087061160103379
10 0.5988085917837768 0.07824146986097749 0.0493076595015378 0.1060489341255267
10 0.7360507507467143 0.1615719380962421 0.051655563090628714 0.10125522698564918
10 0.7423943373892329 0.3394076053935057 0.05173947693776171 0.10846676544718757
10 0.7493655937546196 0.6698735182921852 0.06143877540027905 0.11573424457998545
10 0.7424774091710518 0.4355544589634444 0.056631083092586736 0.1157062742443556
10 0.564396152744479 0.5567746764901397 0.05179541950251681 0.11327445775488001
10 0.5436121352764386 0.7936584114025967 0.06146674668265666 0.11813809073383161