6 0.729098804570512 0.07628434772205542 0.05840555125086219 0.12293179787370898
6 0.8548158352923763 0.7786541486600564 0.07773421665633506 0.13987060229315063
2 0.7723182858972416 0.29116985288671243 0.07808384585170486 0.19996675613930434
5 0.7103629060868693 0.404507243896759 0.07069050020857431 0.16867480063585985
4 0.6831102600164528 0.33736038101893684 0.0438845781530819 0.10602096378989706
4 0.7490466045231455 0.7792694960439075 0.0583356254117884 0.11091256710447822
3 0.8201496671822562 0.539681233869586 0.07527442983122977 0.13024123250995095
3 0.6061941756772833 0.33660598331208724 0.05850344742556583 0.13975872095063208
1 0.6497928592453112 0.07314008902917447 0.053681769950058605 0.13732690446115628
1 0.5136740690898359 0.3323367199652646 0.06572897105491922 0.14220452260792257
4 0.5018933875286061 0.08481748454209215 0.046260453971298486 0.10122725665001961
4 0.573505306102658 0.17093639104610978 0.04627443913911314 0.10363110280386575
4 0.5128777158795419 0.26263217408763356 0.048706255628588865 0.10845278027937286
4 0.5322615206011244 0.4428017616996694 0.04869227046077421 0.10604893412552677
4 0.6013856820144415 0.5433577302945787 0.051138072118064724 0.11327445775487988
4 0.5441750612565949 0.6674844586613033 0.058377580915232624 0.11812410556601668
9 0.34782266964226605 0.3308978503906394 0.06329715456544335 0.13738284513241547
9 0.15663218804945864 0.5531565248018544 0.08011009247455164 0.13507689515327298
8 0.1598401813526556 0.4149213857878858 0.07566601453004405 0.19754892481764338
7 0.1415028601517345 0.6746346665779741 0.07053666336261145 0.14223249294355228
7 0.17937243304659237 0.15640303549081333 0.06089330841159727 0.1373688599646007
12 0.1893514320251617 0.09384709481955415 0.05120799795713866 0.1252936885241107
12 0.3475833190791157 0.7852107882997477 0.07294050951645768 0.14224647811136693
10 0.24605618267622736 0.6764301579318766 0.055945764425756966 0.11330242809050944
10 0.2558331980766316 0.4420062098445247 0.058293669908343906 0.10370102864293976
10 0.2576015204500539 0.34464344802984814 0.053485977600651595 0.10367305830731019
11 0.26792315604008576 0.22319327658935817 0.07549819251626648 0.16870277097148947
10 0.26825880006764086 0.1655009688970505 0.04382863748182263 0.0964055791745125
10 0.40694146445168305 0.08536989867077661 0.04867828529295929 0.10364508797168054
10 0.41202805876052184 0.24398878190508577 0.04867828529295929 0.10364508797168054
10 0.42941278583973796 0.5611845928702597 0.05352793310409609 0.11088459676884864
10 0.44969783253022544 0.7930298802060803 0.060767441901264124 0.11573424457998545