6 0.26852531961127146 0.08377719225018865 0.05600170509701618 0.12291781270589416
6 0.15602245015165356 0.7863785498122832 0.07772023148852028 0.1374667561393042
2 0.2301135305922342 0.2991521782883636 0.0732621683761979 0.19753493964982846
5 0.2932638408956222 0.41056741007902503 0.06827266888691323 0.1662569693141989
4 0.3193145638891156 0.3431058809253699 0.04148073199923562 0.10600697862208228
4 0.2617846883369769 0.7845612793515091 0.058335625411788335 0.11091256710447822
3 0.18708984161491177 0.5482089808160142 0.07285659850956883 0.12782340118829
3 0.39622365564437767 0.3402545094014503 0.05609960127171968 0.13974473578281726
1 0.3478312649364723 0.07970991248153113 0.0512639386283978 0.13490907313949532
1 0.4875278539870872 0.3325115345629496 0.06331113973325814 0.13978669128626164
4 0.4945148284084395 0.08727027878329009 0.043856607817452195 0.10121327148220481
4 0.4253067559882337 0.1742143101883807 0.043856607817452195 0.10121327148220481
4 0.4883311997812886 0.26399492659442675 0.048692270460774074 0.10604893412552677
4 0.47135124121355215 0.4443882768914993 0.0438845781530819 0.1060209637898972
4 0.4046379185379887 0.5469433231287751 0.04872024079640379 0.11085662643321907
4 0.4618275615441132 0.6668069793774352 0.05355590343972567 0.11569228907654096
9 0.6533652682668423 0.3267388656760363 0.05848946225775119 0.1373548747967859
9 0.8457366951848506 0.5431751217578369 0.07769226115289084 0.13265906383161188
8 0.8413267788047304 0.40497494566340525 0.07323419804056833 0.19272724734213617
7 0.8644647997294365 0.6632625406915337 0.06811883204095046 0.1398146616218912
7 0.8169938273870088 0.14789626629610736 0.058475477089936265 0.13495102864293973
12 0.8058198979154236 0.08666112262819702 0.048790166635477854 0.12287585720244977
12 0.6608021721237163 0.7786339722634836 0.06811883204095046 0.1398146616218912
10 0.7611203928657739 0.6674696721383391 0.05352793310409582 0.11088459676884864
10 0.7453477472485692 0.43558242929907404 0.05347199243283667 0.10126921215346403
10 0.7423775017982239 0.3382406452361196 0.05106814627899052 0.10125522698564925
11 0.7296590126382534 0.2181182633828859 0.07308036119460581 0.16628493964982846
10 0.7293233686106982 0.16042595569057821 0.043814652314007836 0.09400173302066636
10 0.5894527663175477 0.08431401850075947 0.043856607817452334 0.10121327148220481
10 0.5867630255786478 0.24178691932940474 0.046260453971298486 0.10122725665001961
10 0.5753809213001395 0.5579696069831553 0.05352793310409609 0.11088459676884864
10 0.5586946512565139 0.7888437265109971 0.05836359574741797 0.11572025941217053