6 0.25600961538461536 0.0706259642431088 0.057692307692307696 0.12533564402755512
6 0.1502403846153846 0.7863855423961906 0.07932692307692307 0.14228843361481142
2 0.21875 0.2907946574211612 0.07692307692307693 0.2023706022931505
5 0.2860576923076923 0.4021819188761931 0.06971153846153846 0.171078646789706
4 0.3112980769230769 0.33472738230644544 0.04326923076923077 0.10842480994374334
4 0.25600961538461536 0.7833663488584933 0.057692307692307696 0.11331641325832437
3 0.1778846153846154 0.5434362514278589 0.07451923076923077 0.1302412325099511
3 0.38822115384615385 0.32947216462867956 0.06009615384615385 0.142176552272293
1 0.33653846153846156 0.06775361496746696 0.052884615384615384 0.13492305830731016
1 0.4807692307692308 0.31931835105242534 0.06490384615384616 0.14220452260792257
4 0.4855769230769231 0.07049230379371879 0.04567307692307692 0.10363110280386575
4 0.41586538461538464 0.15984018135265557 0.04567307692307692 0.10603494895771191
4 0.4807692307692308 0.24960681259088685 0.05048076923076923 0.10846676544718764
4 0.4651442307692308 0.4323900238739907 0.04807692307692308 0.10845278027937291
4 0.40024038461538464 0.5373349310972979 0.05048076923076923 0.11327445775487988
4 0.45913461538461536 0.6595884483319892 0.057692307692307696 0.11812410556601668
9 0.6490384615384616 0.3111278508438511 0.0625 0.13978669128626164
9 0.8473557692307693 0.5263202283452842 0.07932692307692307 0.13748074130711913
8 0.8401442307692307 0.3869391069256517 0.07451923076923077 0.19995277097148942
7 0.8677884615384616 0.6487975082650124 0.07211538461538461 0.14224647811136693
7 0.8137019230769231 0.12627563607930675 0.06009615384615385 0.13977270611844686
12 0.8016826923076923 0.06504748499530383 0.05048076923076923 0.12529368852411074
12 0.6622596153846154 0.7689836247285621 0.07211538461538461 0.14224647811136693
10 0.7620192307692307 0.6542205479565557 0.055288461538461536 0.11330242809050944
10 0.7439903846153846 0.41874851363824356 0.057692307692307696 0.10370102864293976
10 0.7403846153846154 0.32021179908227343 0.052884615384615384 0.10367305830731019
11 0.7259615384615384 0.20010340239685454 0.07451923076923077 0.17110661712533565
10 0.7235576923076923 0.14122315679543856 0.04326923076923077 0.09640557917451248
10 0.5817307692307693 0.06632712785035771 0.04807692307692308 0.10364508797168054
10 0.5805288461538461 0.22618988966503434 0.04807692307692308 0.1060489341255267
10 0.5733173076923077 0.5471453067069403 0.055288461538461536 0.11089858193666344
10 0.5588942307692307 0.781604217713829 0.06009615384615385 0.11813809073383161