6 0.2771757276474351 0.08052884615384616 0.058419536418677115 0.125
6 0.1432424108343778 0.7896634615384616 0.08015204797799608 0.14182692307692307
2 0.23143891611404216 0.2980769230769231 0.07809783101951978 0.20192307692307693
5 0.29207269756591625 0.41225961538461536 0.07070448537638896 0.17067307692307693
4 0.3213174286947918 0.34375 0.043898563320896554 0.10817307692307693
4 0.24901164160360859 0.7896634615384616 0.05834961057960312 0.11298076923076923
3 0.1795036894305341 0.5480769230769231 0.07527442983122977 0.12980769230769232
3 0.3982405056178687 0.34375 0.06092127874722691 0.14182692307692307
1 0.3577255515530035 0.07692307692307693 0.05369575511787353 0.13942307692307693
1 0.49202546853740575 0.33774038461538464 0.06572897105491922 0.14182692307692307
4 0.506694087252391 0.0889423076923077 0.04627443913911314 0.10336538461538461
4 0.43287331351875064 0.17548076923076922 0.04628842430692792 0.10576923076923077
4 0.49363296148095787 0.26802884615384615 0.05111010178243502 0.10817307692307693
4 0.472137396419341 0.45072115384615385 0.048706255628588865 0.10817307692307693
4 0.4018314883256737 0.5528846153846154 0.051138072118064724 0.11298076923076923
4 0.4552047832286576 0.6754807692307693 0.058377580915232624 0.11778846153846154
9 0.6603086844744512 0.33533653846153844 0.06331113973325814 0.13942307692307693
9 0.8501138330984445 0.5588942307692307 0.08012407764236656 0.13701923076923078
8 0.8485211266778564 0.41947115384615385 0.0756799996978587 0.19951923076923078
7 0.8650255895398898 0.6814903846153846 0.07294050951645768 0.14182692307692307
7 0.8320166638158232 0.15745192307692307 0.06090729357941226 0.13942307692307693
12 0.8227579009797158 0.09615384615384616 0.05120799795713866 0.125
12 0.6552406638518864 0.7932692307692307 0.07294050951645768 0.14182692307692307
10 0.7592423736028443 0.6838942307692307 0.0559457644257569 0.11298076923076923
10 0.7509975354333096 0.4483173076923077 0.058293669908343906 0.10336538461538461
10 0.7515709273137164 0.34975961538461536 0.05348597760065187 0.10336538461538461
11 0.7414668631799632 0.22716346153846154 0.07551217768408126 0.17067307692307693
10 0.7418164923753333 0.16706730769230768 0.04382863748182276 0.09615384615384616
10 0.6028549259901446 0.08774038461538461 0.04867828529295929 0.10336538461538461
10 0.5959152969458452 0.24759615384615385 0.04869227046077421 0.10576923076923077
10 0.5748175078118007 0.5685096153846154 0.055931779257942245 0.11057692307692307
10 0.5518263311491499 0.8016826923076923 0.060781427069078776 0.11778846153846154