6 0.7290568490670677 0.08774038461538461 0.058419536418677115 0.125
6 0.8427057009323493 0.7992788461538461 0.07773421665633506 0.13942307692307693
2 0.7686565759952132 0.30528846153846156 0.0756939848656739 0.20192307692307693
5 0.7030884343701641 0.41947115384615385 0.06828665405472815 0.16826923076923078
4 0.6770447039605781 0.35096153846153844 0.0438845781530819 0.10576923076923077
4 0.735741539670103 0.7980769230769231 0.0583356254117884 0.11057692307692307
3 0.8128612102977364 0.5576923076923077 0.07287058367738361 0.12980769230769232
3 0.598933689128393 0.3485576923076923 0.05850344742556583 0.13942307692307693
1 0.6485559732488511 0.0829326923076923 0.05129190896402737 0.13942307692307693
1 0.5064275677087604 0.34134615384615385 0.06332512490107306 0.14182692307692307
4 0.4994685636230377 0.09134615384615384 0.043856607817452195 0.10096153846153846
4 0.5698715665362593 0.17908653846153846 0.0438845781530819 0.10576923076923077
4 0.5056312144984664 0.27163461538461536 0.04869227046077421 0.10576923076923077
4 0.5237991109753112 0.4543269230769231 0.04628842430692806 0.10576923076923077
4 0.5905054410669671 0.5576923076923077 0.04873422596421843 0.11298076923076923
4 0.5320998898161049 0.6802884615384616 0.055973734761386604 0.11778846153846154
9 0.33819329985906665 0.33533653846153844 0.060907293579411985 0.13942307692307693
9 0.14219512595856693 0.5564903846153846 0.07770624632070552 0.1346153846153846
8 0.14661902750650174 0.41586538461538464 0.07326216837619794 0.1971153846153846
7 0.12345303624616613 0.6790865384615384 0.06813281720876531 0.14182692307692307
7 0.1721748797528687 0.15504807692307693 0.0585034474255659 0.13942307692307693
12 0.1833488092244537 0.09375 0.0488041518032925 0.125
12 0.3307144404987482 0.7944711538461539 0.06813281720876524 0.14182692307692307
10 0.22920828184758213 0.6814903846153846 0.05354191827191081 0.11298076923076923
10 0.24379298955567863 0.44711538461538464 0.055889823754497754 0.10336538461538461
10 0.24677022758993145 0.3485576923076923 0.053485977600651595 0.10336538461538461
11 0.25950270191771685 0.22596153846153846 0.07309434636242032 0.16826923076923078
10 0.2610472616061024 0.16706730769230768 0.04382863748182263 0.09615384615384616
10 0.403321710053099 0.09014423076923077 0.04627443913911314 0.10336538461538461
10 0.40479554254726113 0.25 0.04869227046077421 0.10576923076923077
10 0.4173515995670627 0.5709134615384616 0.05352793310409609 0.11057692307692307
10 0.43402388444287365 0.8040865384615384 0.05836359574741797 0.11538461538461539