6 0.26612147345742526 0.08224571175881285 0.058419536418677115 0.12567131077706256
6 0.1524586364243287 0.7927509199799311 0.07773421665633513 0.1403181579591602
2 0.22652174652927973 0.3002693004823091 0.07327615354401268 0.20035836924055894
5 0.292075902986514 0.41129292201195977 0.06828665405472809 0.16905242667580384
4 0.31812662598000735 0.34367754559811386 0.04388457815308177 0.10627271385202765
4 0.25942279768657517 0.7903042748372044 0.058335625411788335 0.1112482338539854
3 0.18351204271977212 0.5519886922832179 0.07287058367738361 0.13064683077902048
3 0.3950357177352694 0.34037861840818423 0.05850344742556583 0.14009438770013952
1 0.34662234927564184 0.0765009814914707 0.05129190896402737 0.1400104738530067
1 0.48754183915490196 0.3320901855751079 0.06331113973325814 0.14015033026489476
4 0.4945078358245321 0.08319420916370937 0.043856607817452334 0.10146502154433541
4 0.4241048329113106 0.17175974660923343 0.04387059298526698 0.1038688676981815
4 0.488338192365196 0.2623646614723807 0.048692270460774074 0.1063286564167829
4 0.4701702958883513 0.4452807394237092 0.04628842430692806 0.10630068513440527
4 0.40345697321278784 0.5482273968687438 0.04873422596421857 0.11354019487832136
4 0.46186252446365006 0.670152239937835 0.05595974959357182 0.11602795487930023
9 0.6545811765115801 0.3253384891421719 0.060907293579411985 0.14012235898251715
9 0.8493634421673419 0.5418368009107746 0.0777062463207055 0.13551046565146804
8 0.8449465332033145 0.402455680911264 0.0732621683761979 0.19795452308671294
7 0.8681055318797427 0.6642231701390963 0.06811883204095046 0.14020627282965
7 0.820599596617778 0.14310602347846665 0.05850344742556611 0.14009438770013952
12 0.80822374406927 0.08194780296727777 0.0488041518032925 0.12555942564755215
12 0.6620460507040838 0.7820133158081859 0.06811883204095072 0.14020627282965
10 0.7635522093552498 0.6678437670763684 0.05352793310409609 0.11119229128923044
10 0.7477725711541375 0.4348385178475571 0.055889823754498025 0.10400872411006959
10 0.7459972561968079 0.3362948111810536 0.05347199243283667 0.10157690667384582
11 0.7320698513760069 0.21505442246489967 0.07309434636242046 0.16910836924055894
10 0.7317272147645444 0.15616019169566892 0.04382863748182276 0.09665732923664311
10 0.5894527663175477 0.08088742043287081 0.046260453971298486 0.101492992826713
10 0.5879719412394782 0.23956923786909456 0.04867828529295929 0.10392481026293673
10 0.5766108147126923 0.5594346183837099 0.05352793310409609 0.11119229128923044
10 0.5599385298368814 0.7928174799246188 0.05836359574741797 0.11605592616167798