6 0.7346258994760844 0.0774513078794415 0.05671499693971946 0.12291781270589416
6 0.8418429004064385 0.7787030967474082 0.0785174400186003 0.1374667561393042
2 0.77178593124175 0.29236478337972815 0.0744090297703486 0.19753493964982846
5 0.7067833435342684 0.40451423648066637 0.0692377107917471 0.1662569693141989
4 0.6811102461073447 0.33856230409585997 0.04209612103999934 0.10600697862208228
4 0.7372895783553196 0.7781095284704288 0.058978986681677656 0.11091256710447822
3 0.8133620573618217 0.5409041346982313 0.07359786258139805 0.12782340118829
3 0.6054310491847574 0.33539706765125676 0.05691079591636266 0.13974473578281726
1 0.6541390102458048 0.07431404177046795 0.05204716104391539 0.13490907313949535
1 0.5129668861088132 0.32872395815058797 0.06412233437790126 0.13978669128626164
4 0.5086084184497908 0.08357360596172468 0.04444402462909025 0.10121327148220478
4 0.5773129907457354 0.16970649763355714 0.04444402462909025 0.10121327148220481
4 0.5137640676565751 0.2602143427659726 0.0493076595015378 0.1060489341255267
4 0.5296950676321006 0.4403979155458232 0.04449996719384549 0.1060209637898972
4 0.5946120573618215 0.5421767849693778 0.04936360206629304 0.11085662643321907
4 0.5367231086275566 0.6626977441053332 0.05422723693874058 0.11569228907654096
9 0.3483593671351069 0.32487424983820923 0.059286670787831335 0.1373548747967859
9 0.15352027377224117 0.5435411401864698 0.07846149745384533 0.13265906383161188
8 0.15993631481664589 0.4052920160046864 0.07435308720559324 0.19272724734213617
7 0.13529478657643773 0.6638313440534811 0.0689300266855935 0.1398146616218912
7 0.18576578049258832 0.14794761844890741 0.05925869950545371 0.13495102864293976
12 0.19728237024433623 0.08778853134758699 0.049503458478181 0.12287585720244977
12 0.3382930737404244 0.7768252970969157 0.06893002668559343 0.1398146616218915
10 0.2386182142682559 0.6668357510682141 0.054171294373985344 0.11088459676884864
10 0.2545385968638489 0.4347876787990789 0.05405940924447487 0.10126921215346403
10 0.25807527995398816 0.3374179244004949 0.051655563090628714 0.10125522698564911
11 0.2714930748420992 0.2171556908691132 0.07404540309943955 0.16628493964982846
10 0.2733663086960849 0.1594563905928981 0.04436011078195746 0.09400173302066636
10 0.4136704810140565 0.08292409701348606 0.04444402462909025 0.10121327148220478
10 0.41425619381335815 0.23916011184567126 0.0468478707829364 0.10122725665001961
10 0.4249870614625909 0.5563838931464749 0.054171294373985344 0.11088459676884864
10 0.4391427270724525 0.7858533046640789 0.059034929246432895 0.11572025941217053