6 0.7324186792162273 0.06840582143909547 0.05600170509701631 0.12323949334083882
6 0.8531098644314086 0.7725780603976276 0.07773421665633506 0.1403181579591602
2 0.7745427289349436 0.28427646348483 0.0732621683761979 0.1979545230867128
5 0.711498108745316 0.39799847169860586 0.06828665405472815 0.16905242667580384
4 0.684664216354194 0.33099846349706724 0.0438845781530819 0.10627271385202765
4 0.7485355641551935 0.7725928881041306 0.058335625411788126 0.1112482338539854
3 0.8204683402338364 0.5337589947608443 0.07285659850956869 0.12824298462517447
3 0.6077201616793949 0.32828777530238135 0.05609960127171968 0.1400664164177619
1 0.653070778387582 0.06726320918818378 0.051277923796212446 0.13452641837636756
1 0.5151301292528736 0.32215313121238087 0.06331113973325814 0.14015033026489476
4 0.5052831880133953 0.07585679993147168 0.043856607817452195 0.10146502154433537
4 0.5767001155931896 0.1615701086397938 0.04387059298526698 0.1038688676981815
4 0.5135296288932287 0.25365750146895427 0.04869227046077421 0.1063286564167829
4 0.5338092857101078 0.4337221927483949 0.04628842430692806 0.10630068513440527
4 0.6017183402338363 0.5363043814572065 0.04873422596421843 0.11354019487832136
4 0.5447322835161759 0.6583699230035 0.05595974959357182 0.1160279548793005
9 0.3492367743018594 0.3192754573887434 0.06089330841159734 0.13771851282867098
9 0.15699980918839043 0.5402771456201408 0.0777062463207055 0.13551046565146818
8 0.16099636176282456 0.4007981261323087 0.07324818320838311 0.19555067693286665
7 0.1408791370861146 0.6618671753660148 0.06811883204095051 0.14020627282965
7 0.1823294946842724 0.1421189374112599 0.05848946225775112 0.13769054154629334
12 0.1927971731812102 0.08189691279440679 0.0488041518032925 0.12555942564755215
12 0.3470722787111636 0.7736583230304218 0.06811883204095046 0.14020627282964973
10 0.244258506869314 0.6630682563776239 0.05352793310409602 0.11119229128923044
10 0.25733201509826303 0.4309292748372044 0.05587583858668296 0.10160487795622344
10 0.25916946195560997 0.33354553432405754 0.05106814627899066 0.1015489353914682
11 0.27048244175019354 0.21201144714293874 0.07309434636242032 0.16910836924055894
10 0.2713417282156541 0.15310323073251916 0.04382863748182263 0.09665732923664307
10 0.4103242723525649 0.0757597425084641 0.04626045397129835 0.101492992826713
10 0.4148460700752033 0.23316970866182077 0.04867828529295929 0.10392481026293673
10 0.4299202586568177 0.5515254819933593 0.05352793310409609 0.11119229128923044
10 0.4492916809208843 0.782084928144758 0.05836359574741797 0.11605592616167798