6 0.2723750279236502 0.07932692307692307 0.058419536418677115 0.125
6 0.1384556962784077 0.7860576923076923 0.08015204797799608 0.14182692307692307
2 0.22664520897416462 0.2956730769230769 0.07809783101951978 0.20192307692307693
5 0.2872789904260387 0.4098557692307692 0.07069050020857418 0.16826923076923078
4 0.31531480589408384 0.3425480769230769 0.043898563320896554 0.10817307692307693
4 0.24422492704763846 0.7860576923076923 0.05834961057960319 0.11298076923076923
3 0.17470998229065657 0.5456730769230769 0.07527442983122977 0.12980769230769232
3 0.3922518679849756 0.3401442307692308 0.06092127874722691 0.14182692307692307
1 0.35291785924531116 0.07692307692307693 0.05369575511787353 0.13942307692307693
1 0.48602983832060515 0.33533653846153844 0.06572897105491922 0.14182692307692307
4 0.500691464451683 0.08774038461538461 0.04627443913911314 0.10336538461538461
4 0.4280796063788731 0.17307692307692307 0.04627443913911314 0.10336538461538461
4 0.48763033868024996 0.2668269230769231 0.05111010178243502 0.10817307692307693
4 0.4661417662025404 0.4483173076923077 0.048706255628588865 0.10817307692307693
4 0.3958358581088732 0.5504807692307693 0.051138072118064586 0.11298076923076923
4 0.44921614559576434 0.671875 0.058377580915232624 0.11778846153846154
9 0.6531111311807276 0.3329326923076923 0.06331113973325814 0.13942307692307693
9 0.8417143567277977 0.5564903846153846 0.08011009247455164 0.1346153846153846
8 0.8413235733841328 0.4170673076923077 0.07566601453004405 0.1971153846153846
7 0.8566331057531504 0.6778846153846154 0.07053666336261152 0.14182692307692307
7 0.823610194861269 0.15625 0.060907293579411985 0.13942307692307693
12 0.8143514320251618 0.09495192307692307 0.05120799795713866 0.125
12 0.64805010314207 0.7896634615384616 0.07294050951645768 0.14182692307692307
10 0.752051812893028 0.6802884615384616 0.05594576442575717 0.11298076923076923
10 0.743799982139586 0.44591346153846156 0.05829366990834418 0.10336538461538461
10 0.7431714509430696 0.3473557692307692 0.05348597760065187 0.10336538461538461
11 0.7342693098862397 0.2247596153846154 0.07549819251626662 0.16826923076923078
10 0.7346119464977021 0.1658653846153846 0.04382863748182276 0.09615384615384616
10 0.5956503801125135 0.08653846153846154 0.04867828529295929 0.10336538461538461
10 0.5899126741451373 0.24639423076923078 0.04867828529295929 0.10336538461538461
10 0.567619954518077 0.5661057692307693 0.055931779257942245 0.11057692307692307
10 0.5458376935162568 0.7980769230769231 0.060767441901264124 0.11538461538461539