6 0.26635142737122003 0.08328312285821163 0.05600170509701618 0.12291781270589416
6 0.14688314298468402 0.7845349117261784 0.07772023148852035 0.1374667561393042
2 0.22543629331333415 0.29819659835849827 0.0732621683761979 0.19753493964982854
5 0.2884879060868692 0.4103460514594365 0.06827266888691323 0.1662569693141989
4 0.3153217984779912 0.343192195997707 0.04148073199923575 0.10600697862208228
4 0.25145744326089914 0.783941343449199 0.058335625411788335 0.11091256710447822
3 0.1795246671822563 0.5455340266000784 0.07285659850956883 0.12782340118829
3 0.3910569374919598 0.34122888263002693 0.05609960127171968 0.13974473578281726
1 0.34690824386069574 0.07894393367231502 0.0512639386283978 0.13490907313949532
1 0.4824450468415581 0.33454878054545073 0.06331113973325814 0.13978669128626164
4 0.4922919880810363 0.08820349786357173 0.043856607817452334 0.10121327148220481
4 0.42207698357816514 0.1743363895354042 0.043856607817452195 0.10121327148220474
4 0.48404554720120285 0.2660461577447427 0.04869227046077421 0.1060489341255267
4 0.46497480604515434 0.4450278074476702 0.04388457815308177 0.1060209637898972
4 0.39707274410533316 0.5467996842873174 0.04872024079640379 0.11085662643321907
4 0.4528568777460706 0.6685225665001959 0.05355590343972567 0.11569228907654096
9 0.6483453943764796 0.32950414174005627 0.05848946225775091 0.1373548747967859
9 0.8393874289969327 0.548171032088317 0.07769226115289084 0.13265906383161188
8 0.8353838838385914 0.4099219079065335 0.07323419804056833 0.19272724734213617
7 0.8555081010992087 0.6696631590322514 0.06811883204095072 0.1398146616218912
7 0.8140437583332362 0.15257751035075448 0.058475477089936265 0.13495102864293976
12 0.8035760798362983 0.09241842324943406 0.048790166635477854 0.12287585720244977
12 0.650516882551083 0.7826571120756859 0.06811883204095072 0.1398146616218912
10 0.7521287313160094 0.6714656429700612 0.05352793310409582 0.11088459676884864
10 0.7390482305031528 0.44061250119394163 0.05347199243283667 0.10126921215346403
10 0.7384127067227291 0.34324973937926495 0.05106814627899052 0.10125522698564911
11 0.7270927343442382 0.22298750584788335 0.07308036119460554 0.16628493964982854
10 0.7262334478787775 0.16408628249474516 0.043814652314007836 0.09400173302066636
10 0.5872509037418667 0.08755398891533311 0.043856607817452334 0.10121327148220481
10 0.5827291060192283 0.24498493424053402 0.04626045397129835 0.10122725665001961
10 0.5676689026054287 0.5610137850483218 0.05352793310409609 0.11088459676884864
10 0.5494994034182852 0.791685119642849 0.05836359574741797 0.11572025941217053