2 0.7793574138265433 0.29447115384615385 0.08293349366284165 0.20673076923076922
3 0.6016755833752425 0.3293269230769231 0.06096323425067127 0.14903846153846154
3 0.4396203556342405 0.7776442307692307 0.07306637602679075 0.16346153846153846
6 0.57971151519183 0.06610576923076923 0.06085135290815284 0.12980769230769232
6 0.5277157593186035 0.4254807692307692 0.06572897105491922 0.14182692307692307
4 0.7485565419069158 0.7848557692307693 0.06564506004803022 0.12740384615384615
4 0.6918547770640102 0.33533653846153844 0.0559457644257569 0.11298076923076923
4 0.6124936924226996 0.5360576923076923 0.053583873775355235 0.1201923076923077
4 0.5447113057644537 0.6610576923076923 0.060781427069078915 0.11778846153846154
4 0.523103058005169 0.25240384615384615 0.05830765507615869 0.10576923076923077
4 0.4997141054149461 0.15745192307692307 0.05354191827191088 0.11298076923076923
1 0.6078312416667638 0.14783653846153846 0.05618351227860867 0.15384615384615385
1 0.3552471910416241 0.5300480769230769 0.07301043535553148 0.15384615384615385
11 0.3517237301074449 0.1310096153846154 0.06356287275392457 0.18269230769230768
9 0.2329175567391009 0.7824519230769231 0.07790203867011271 0.16826923076923078
9 0.35277261769355456 0.3112980769230769 0.06331113973325814 0.13942307692307693
7 0.3582026499690053 0.4182692307692308 0.06092127874722691 0.14182692307692307
7 0.18585135290815286 0.12980769230769232 0.07296847985208725 0.1466346153846154
12 0.19993878580367466 0.07211538461538461 0.060823382572523274 0.125
8 0.16212835900067368 0.390625 0.08294747883065658 0.2091346153846154
10 0.41747287755893675 0.06971153846153846 0.053541918271910745 0.11298076923076923
10 0.2773163806807325 0.1502403846153846 0.05351394793628124 0.10817307692307693
10 0.2614893971025673 0.32211538461538464 0.053485977600651595 0.10336538461538461
10 0.25846401233611216 0.421875 0.055945764425756966 0.11298076923076923
10 0.24662039751971582 0.6586538461538461 0.06318527322292507 0.11778846153846154