2 0.7687824425055463 0.274689050151823 0.08293349366284165 0.2076817928316079
3 0.5918550097610951 0.3188122470988848 0.06096323425067127 0.14973774359790162
3 0.44018034408954443 0.7736714666062965 0.07306637602679075 0.1643006769328668
6 0.5645262466228467 0.06179903380993174 0.063255199061999 0.12359806761986349
6 0.5203681563422269 0.4181950922367165 0.06572897105491922 0.1425821477011184
4 0.7491025451944048 0.7652694645130816 0.06564506004803022 0.12815907077804148
4 0.6831941710233416 0.31895126144545877 0.05594576442575717 0.11362410872545421
4 0.6074931935737605 0.5229433711991647 0.053583873775355235 0.12080767590461505
4 0.5418481335257301 0.6511024419772062 0.060781427069078776 0.11848774359790162
4 0.5105577807325845 0.2452440399304927 0.05830765507615869 0.10644054154629337
4 0.4858698102458844 0.1505858153185345 0.053541918271910745 0.11359613744307659
1 0.5941198055919427 0.13610595376538834 0.0561835122786084 0.15448949334083878
1 0.3490587542835767 0.5295560532855267 0.07301043535553162 0.15468529231748215
11 0.33815913829467903 0.13067143380014198 0.06356287275392457 0.18341956103412546
9 0.23337964901970118 0.7880962276600015 0.07790203867011271 0.16916431180531433
9 0.34191794301626166 0.3109039527738483 0.06331113973325814 0.14015033026489476
7 0.3509109876638878 0.41776322149049167 0.06092127874722691 0.14252620513636316
7 0.17225879075975747 0.13861106766881226 0.07296847985208718 0.14747375385594363
12 0.18462065814045078 0.07957698048769347 0.060823382572523274 0.1256992820594402
8 0.15391447697492897 0.3996241743377632 0.08294747883065651 0.21008563898545404
10 0.4022386609026017 0.06502634866328923 0.053541918271910745 0.11359613744307659
10 0.26351404101511516 0.1531731589384632 0.05351394793628124 0.10878844513538428
10 0.2516828086562347 0.32757787586300857 0.053485977600651595 0.10398075282769198
10 0.2511024241919207 0.42733749124762394 0.055945764425757036 0.11362410872545421
10 0.24371526977754782 0.6641862656074141 0.06318527322292507 0.11851571488027937