2 0.7645324358566452 0.3049490303475967 0.07927266464279589 0.20237060229315043
3 0.5910079722616804 0.3424036367264698 0.0569667384811179 0.14455242809050944
3 0.4308271650223126 0.7826073626331846 0.06915379694461439 0.15904543085266043
6 0.5687884861430774 0.08264140784902985 0.05920275694069847 0.1301433363352474
6 0.5177877219923803 0.436936004768949 0.06412233437790113 0.13978669128626164
4 0.732495871688816 0.7855644242708647 0.06395450668363568 0.12536361436318472
4 0.6787063999534986 0.34651986458247913 0.054171294373985344 0.11088459676884864
4 0.6018935240293041 0.543201708995605 0.05182339078489443 0.11567830390872604
4 0.5343472337560881 0.6666151938037751 0.059034929246432895 0.11572025941217053
4 0.5125481589384632 0.26742289541935077 0.05408738052685248 0.10367305830731012
4 0.4895865917715395 0.1747349668181259 0.05176744822013919 0.11087061160103379
1 0.5955096645938471 0.1621291603558231 0.054618834892026985 0.14934613523038712
1 0.3483017404397236 0.540524350714221 0.06904191181510391 0.14943004623727582
11 0.3456355353645464 0.14985739521077657 0.0597621825882506 0.1782202594121705
9 0.228806188610914 0.7898460700752032 0.07401743181706194 0.16388109349598232
9 0.34598349226363834 0.32655407268628367 0.061662545659299864 0.13496501381075454
7 0.3519642943005621 0.43236525895895883 0.05931464207020882 0.13975872095063208
7 0.1833479486975534 0.15131724253712395 0.06898596925034874 0.14462235392958356
12 0.19603849024384673 0.09369486068389024 0.059090871811188064 0.12052795171986283
8 0.1599503004578347 0.40600606091839053 0.07927266464279595 0.20237060229315035
10 0.4100507261420984 0.08892992523479173 0.05176744822013919 0.11087061160103379
10 0.2732963804901409 0.1686686094071019 0.05171150565538395 0.10606291929334148
10 0.25688734251825385 0.33925777532329005 0.049251716936782555 0.10124124181783446
10 0.2545525825050377 0.43660655197015186 0.054171294373985344 0.11088459676884864
10 0.24223796914021395 0.6685217651450466 0.059034929246432895 0.11572025941217053