2 0.7669362820104914 0.30496301551541155 0.07927266464279589 0.20237060229315035
3 0.5934258040567154 0.3412156988173616 0.05937058463496406 0.14456641325832437
3 0.4332030398937811 0.7850251939548456 0.06918176822699201 0.1614492770065066
6 0.5712203035793012 0.0802515468629985 0.05920275694069847 0.1301433363352474
6 0.5189896450693035 0.4369429973528564 0.06412233437790113 0.13978669128626164
4 0.7360736696372078 0.7879892481764331 0.06395450668363568 0.12536361436318472
4 0.6823261548254567 0.3453389192572782 0.054171294373985344 0.11088459676884864
4 0.6042973701831502 0.5432156941634199 0.05182339078489443 0.11567830390872604
4 0.5355351711918224 0.6678241094646056 0.059034929246432895 0.11572025941217053
4 0.5137640676565751 0.2662279649263351 0.05408738052685248 0.10367305830731012
4 0.4920184092077633 0.17234510583209456 0.05176744822013919 0.11087061160103379
1 0.5979274963888821 0.1609412224467148 0.054618834892027124 0.14934613523038703
1 0.3495036635166467 0.5405313432981284 0.06904191181510391 0.14943004623727582
11 0.34686542972384704 0.1474605416408378 0.0597621825882506 0.1782202594121705
9 0.2287782173285364 0.7922499162290494 0.07401743181706194 0.16388109349598232
9 0.34599747790482716 0.3253521496093606 0.06406639181314602 0.13497899897856933
7 0.35318020301867403 0.4311703284659431 0.05931464207020882 0.13975872095063208
7 0.1833619343387422 0.15011531946020087 0.06898596925034874 0.14462235392958356
12 0.19726838460314744 0.09129800711395147 0.059090871811188064 0.1205279517198628
8 0.1599503004578347 0.40600606091839053 0.07930063592517357 0.2047744484469965
10 0.41128062050139913 0.08653307166485298 0.05176744822013919 0.11087061160103379
10 0.2733103661313297 0.16746668633017883 0.05171150565538395 0.10606291929334148
10 0.25688734251825385 0.33925777532329005 0.049251716936782555 0.10124124181783446
10 0.2545525825050377 0.43660655197015186 0.054171294373985344 0.11088459676884864
10 0.24222398349902513 0.6697236882219696 0.059034929246432895 0.11572025941217053