2 0.21995192307692307 0.2883838186834077 0.07932692307692307 0.2071922797686576
3 0.39663461538461536 0.32581744731055856 0.057692307692307696 0.14937410556601668
3 0.5540865384615384 0.7756225726648432 0.0673076923076923 0.16385312316035275
6 0.421875 0.06376055868498655 0.057692307692307696 0.1275211173699731
6 0.47115384615384615 0.4227396763390691 0.0625 0.13978669128626164
4 0.24639423076923078 0.7786145972220603 0.0625 0.12536361436318472
4 0.30649038461538464 0.3299476603343827 0.052884615384615384 0.11088459676884864
4 0.38341346153846156 0.5314232118873861 0.052884615384615384 0.12049998138423326
4 0.45072115384615385 0.6572335502654949 0.057692307692307696 0.11572025941217053
4 0.47836538461538464 0.24962079775870166 0.055288461538461536 0.10609088962897112
4 0.5012019230769231 0.15453601558753802 0.05048076923076923 0.11087061160103379
1 0.3942307692307692 0.1431391247860657 0.052884615384615384 0.15415382753807938
1 0.6430288461538461 0.528710890686465 0.06971153846153846 0.15425172371278306
11 0.6502403846153846 0.12963047364455907 0.057692307692307696 0.1830279517198628
9 0.7608173076923077 0.7828333097712323 0.07451923076923077 0.16629892481764313
9 0.6478365384615384 0.3099329203508354 0.0625 0.13978669128626164
7 0.6394230769230769 0.41695302228434106 0.057692307692307696 0.14216256710447822
7 0.8161057692307693 0.1310693432191843 0.06971153846153846 0.14463633909739831
12 0.8028846153846154 0.07225203087293489 0.057692307692307696 0.1253356440275551
8 0.8365384615384616 0.3917677769850662 0.07932692307692307 0.2071922797686576
10 0.5853365384615384 0.0675080731755586 0.052884615384615384 0.11088459676884861
10 0.7235576923076923 0.1496366183339001 0.052884615384615384 0.10607690446115631
10 0.7391826923076923 0.322622637820027 0.05048076923076923 0.10365907313949539
10 0.7391826923076923 0.42238225320464234 0.052884615384615384 0.1132884429226948
10 0.75 0.659098166103322 0.06009615384615385 0.11813809073383161