2 0.23076923076923078 0.2991381931205488 0.07692307692307693 0.20237060229315043
3 0.40384615384615385 0.33659279949942184 0.057692307692307696 0.14456641325832437
3 0.5588942307692307 0.7792003715599829 0.0673076923076923 0.1614492770065066
6 0.42908653846153844 0.07562864754505882 0.057692307692307696 0.13014333633524744
6 0.47716346153846156 0.4323200980349168 0.0625 0.13978669128626164
4 0.25600961538461536 0.7821644257815703 0.0625 0.12536361436318472
4 0.31490384615384615 0.3407160199393386 0.052884615384615384 0.11088459676884864
4 0.390625 0.5385927948454802 0.05048076923076923 0.11567830390872604
4 0.4567307692307692 0.6632082027305732 0.057692307692307696 0.11572025941217053
4 0.4831730769230769 0.26041013511537975 0.052884615384615384 0.10367305830731012
4 0.5072115384615384 0.16772220651415487 0.05048076923076923 0.11087061160103379
1 0.4014423076923077 0.15631832312877517 0.052884615384615384 0.14934613523038712
1 0.6454326923076923 0.5359084439801887 0.0673076923076923 0.14943004623727582
11 0.6526442307692307 0.14283764232289814 0.057692307692307696 0.17822025941217048
9 0.7620192307692307 0.7864320864180941 0.07211538461538461 0.16388109349598232
9 0.6502403846153846 0.3207362428753283 0.0625 0.13497899897856933
7 0.6430288461538461 0.4265474291480035 0.057692307692307696 0.13975872095063208
7 0.8161057692307693 0.14429049706533814 0.0673076923076923 0.1446223539295835
12 0.8028846153846154 0.08667510779601181 0.057692307692307696 0.1205279517198628
8 0.8365384615384616 0.4013831616004508 0.07692307692307693 0.20477444844699663
10 0.5889423076923077 0.08070824926999023 0.05048076923076923 0.11087061160103379
10 0.7247596153846154 0.16164885651922345 0.05048076923076923 0.10606291929334155
10 0.7403846153846154 0.3334329529284273 0.04807692307692308 0.10124124181783446
10 0.7415865384615384 0.4307817295752891 0.052884615384615384 0.11088459676884864
10 0.7512019230769231 0.6638988658271069 0.057692307692307696 0.11572025941217053