2 0.7690235108088793 0.28315845425503977 0.0817044820790198 0.20524997539538412
3 0.5939902820961518 0.32366189633014353 0.05939855591734181 0.14730592616167798
3 0.4429709119007643 0.7749992604539189 0.06920973950936962 0.16424473436811154
6 0.5656870420604192 0.062986971245666 0.05920275694069847 0.125973942491332
6 0.5218058113401371 0.42187078967342984 0.06412233437790126 0.14015033026489476
4 0.7494752821573378 0.772634845027697 0.06395450668363568 0.12572725334181784
4 0.6841764697889489 0.3262187424717525 0.054171294373985074 0.11119229128923044
4 0.6095889949444022 0.5278349773539898 0.054255208221118206 0.1184038297507689
4 0.5449517180384574 0.6548061106962971 0.059034929246432895 0.11605592616167798
4 0.512580340547411 0.24887778044363953 0.05651919796307626 0.10641257026391575
4 0.48865292207314587 0.1553935076262268 0.05176744822013919 0.11116432000685282
1 0.5954842195074117 0.14212955479119252 0.054674777456782224 0.1544615220584612
1 0.352363470841675 0.5296259814914707 0.07147372925132768 0.15225347488125826
11 0.34053667078783134 0.13307527995398813 0.059790153870628214 0.18095977231552413
9 0.23753996523523985 0.7858042666356658 0.07642127797090809 0.16432864821524454
9 0.3450243774788092 0.312133847133149 0.06412233437790126 0.14015033026489476
7 0.3546825610830743 0.4190071014909812 0.05931464207020895 0.14009438770013952
7 0.1759011805317474 0.13739515895070037 0.0713898154041949 0.14504193641971985
12 0.18843703795964986 0.07834708612839279 0.05911884309356568 0.12326746462321642
8 0.1572874636439136 0.39726228510748346 0.08173245336139728 0.20765382154923026
10 0.40471326359985965 0.06982005532979274 0.054171294373985344 0.11119229128923044
10 0.26745711899573327 0.15436109637419745 0.054115351809230106 0.10638459898153813
10 0.2550479744038441 0.3276058471453862 0.05168353437300633 0.10395278154531436
10 0.25499287390440295 0.4261775250942673 0.05419926565636297 0.11359613744307659
10 0.24691675188510073 0.6618803189418896 0.0614667466826566 0.11848774359790162