2 0.7649483220712813 0.3013152907811979 0.08291950849502701 0.20480241878262623
3 0.5921091468472096 0.34117374331391714 0.06094924908285648 0.14698424457998532
3 0.4468738495992234 0.7874290401086917 0.07064854470512981 0.16146326217432153
6 0.5617456022931504 0.0801886136078319 0.05844750675430669 0.1301433363352474
6 0.5217620846052474 0.4381169500941499 0.06331113973325814 0.13978669128626164
4 0.7509324177251322 0.7843904715295712 0.06563107488021558 0.12537759953099936
4 0.6810584471234248 0.3428931175999877 0.055931779257941974 0.11089858193666344
4 0.6101038314366682 0.5419927933347746 0.05356988860754031 0.1180961352303871
4 0.5459342065930989 0.6678171168806981 0.060767441901264124 0.11573424457998545
4 0.5111537530750122 0.26738793249981374 0.055889823754497754 0.10368704347512497
4 0.485374939498758 0.1746930113146815 0.05352793310409609 0.11088459676884864
1 0.5910602592610998 0.1608852817754556 0.056169527110793746 0.15176396655204805
1 0.3553171168806981 0.5441161347771755 0.07299645018771682 0.15186186272675156
11 0.338607465019902 0.15100337761644045 0.06113105626444884 0.17823424457998527
9 0.24381877543829733 0.7982665241975723 0.07788805350229785 0.16631290998545806
9 0.3444500597458892 0.32891596333668544 0.06329715456544349 0.13738284513241547
7 0.3558897074059554 0.43595005043800583 0.060907293579411985 0.13977270611844686
7 0.176389805138731 0.15727091725048015 0.0729544946842724 0.14465032426521315
12 0.18686447621957616 0.09843961973641596 0.05840555125086233 0.12293179787370895
8 0.16105230243408375 0.41318263646039194 0.08293349366284172 0.20720626493647237
10 0.4007438506567173 0.08886699197962515 0.05352793310409609 0.11088459676884861
10 0.2666179469148506 0.17221843796661196 0.053499962768466386 0.10607690446115633
10 0.2568075713052082 0.34523242778836843 0.05108213144680544 0.10365907313949539
10 0.25737397060170747 0.44258819701913765 0.055945764425756966 0.11330242809050958
10 0.25272091649512735 0.6757263110226777 0.060781427069078915 0.11813809073383161