2 0.767310212721683 0.2941177374874742 0.08291950849502701 0.20480241878262614
3 0.5944780300815188 0.33517811309711654 0.06094924908285648 0.14698424457998532
3 0.44804780234051683 0.7826283403849068 0.07066252987294461 0.16386710832816767
6 0.5629055698666291 0.07298406773020084 0.05844750675430669 0.13014333633524744
6 0.5229290447626335 0.4321143272934419 0.0657149858871043 0.13980067645407643
4 0.7533082935433488 0.7795967643896938 0.06563107488021558 0.12537759953099936
4 0.683427330357734 0.3368974873831871 0.055931779257942245 0.11089858193666344
4 0.6124797072548849 0.5371990861948971 0.05356988860754031 0.1180961352303871
4 0.5471081593343924 0.6630164171569132 0.060767441901264124 0.11573424457998545
4 0.5111117975715678 0.2601763940382753 0.05590380892231268 0.10609088962897112
4 0.4865279144883292 0.16628654236012738 0.05352793310409609 0.11088459676884864
1 0.5922202268345786 0.15368073589782455 0.056169527110793746 0.151763966552048
1 0.3564910696219916 0.5393154350533904 0.07299645018771682 0.15186186272675156
11 0.3397674325933807 0.1437988317388094 0.06354888758610978 0.18065207590164625
9 0.24379080510266776 0.79345883188988 0.07788805350229785 0.16631290998545806
9 0.3456100273193679 0.3217114174590544 0.06329715456544349 0.13738284513241547
7 0.355847751902511 0.4287385119764674 0.06092127874722691 0.142176552272293
7 0.17513893397445615 0.1488504631281112 0.0729544946842724 0.14465032426521315
12 0.1868225207161318 0.0912280812748775 0.05840555125086233 0.12293179787370895
8 0.16101733951454675 0.4071730210757766 0.08293349366284172 0.20720626493647237
10 0.4018968256462886 0.080460523025071 0.05352793310409609 0.11088459676884861
10 0.26657599141140614 0.1650068995050735 0.053499962768466386 0.10607690446115633
10 0.2567656158017638 0.33802088932682994 0.053485977600651595 0.10367305830731019
10 0.2573390076821705 0.4365785816345223 0.055945764425756966 0.11330242809050958
10 0.2526929461594977 0.6709186187149854 0.060781427069078915 0.11813809073383161