2 0.7728250790162918 0.3044189770684959 0.08413629951524343 0.2072062649364723
3 0.5965479703030747 0.3403026561336526 0.061802402071187965 0.14698424457998532
3 0.4382751047225825 0.7871671090835204 0.07161358566321578 0.16386710832816767
6 0.5730524225750344 0.07720037621392459 0.06163457437692225 0.13256116765690834
6 0.5231336051877595 0.4356881194128344 0.06655415181412504 0.14220452260792257
4 0.7448354175439111 0.7913936155717491 0.06638632411985931 0.1277814456848455
4 0.6867621292782496 0.3457878277252132 0.05660311181020898 0.11330242809050958
4 0.608540913920556 0.5445736385393165 0.054255208221118206 0.1180961352303871
4 0.541499790860765 0.6711741388989613 0.06146674668265653 0.11813809073383161
4 0.5163259661900683 0.263841089748464 0.05892304411692241 0.1061048747967859
4 0.49480239386964925 0.1702099636748898 0.054171294373985344 0.11088459676884857
1 0.6016336913039151 0.15756839293790056 0.05707862361062838 0.1541678127058942
1 0.3512734328942623 0.5412623591878075 0.07387757540517384 0.15186186272675156
11 0.3466441856607683 0.143425820726269 0.06459784617832053 0.18065207590164625
9 0.23280220113349154 0.7931705332393778 0.07885309540713187 0.16631290998545806
9 0.3487280461979001 0.32251235918780746 0.06412233437790113 0.13978669128626164
7 0.35599636928950784 0.4306504731913474 0.061746459506432726 0.142176552272293
7 0.1819807241223068 0.14438380472158258 0.07382163284041866 0.14705417041905927
12 0.19573249026832112 0.08660758602238611 0.06152268924741184 0.12294578304152373
8 0.1585453292855919 0.40295110310600685 0.08413629951524343 0.20720626493647237
10 0.4120366871909086 0.08174315168828518 0.054171294373985344 0.11088459676884861
10 0.2735506482274815 0.16308313757538956 0.05414332309160773 0.10848075061500242
10 0.25752174876363426 0.33506302633400054 0.05408738052685248 0.10367305830731019
10 0.25626472518727 0.4336347038095076 0.05660311181020912 0.11330242809050958
10 0.24338091086027552 0.6693025304772269 0.06387059283650275 0.11815207590164625