1 0.7175480769230769 0.6081730769230769 0.07451923076923077 0.13942307692307693
2 0.7932692307692307 0.35697115384615385 0.08413461538461539 0.20673076923076922
5 0.6021634615384616 0.2848557692307692 0.06490384615384616 0.18028846153846154
6 0.8497596153846154 0.7259615384615384 0.08413461538461539 0.13701923076923078
6 0.5877403846153846 0.05889423076923077 0.055288461538461536 0.11778846153846154
4 0.6646634615384616 0.13341346153846154 0.04807692307692308 0.10817307692307693
4 0.6778846153846154 0.21514423076923078 0.052884615384615384 0.10576923076923077
4 0.7055288461538461 0.3942307692307692 0.057692307692307696 0.10817307692307693
4 0.7151442307692307 0.4987980769230769 0.055288461538461536 0.11057692307692307
4 0.6502403846153846 0.7367788461538461 0.06009615384615385 0.1201923076923077
4 0.515625 0.057692307692307696 0.04807692307692308 0.11057692307692307
4 0.5216346153846154 0.29447115384615385 0.05048076923076923 0.10576923076923077
3 0.5901442307692307 0.125 0.055288461538461536 0.13701923076923078
3 0.44471153846153844 0.3918269230769231 0.06009615384615385 0.1466346153846154
11 0.3629807692307692 0.29086538461538464 0.06971153846153846 0.17307692307692307
12 0.25961538461538464 0.7427884615384616 0.06971153846153846 0.1346153846153846
12 0.20072115384615385 0.056490384615384616 0.0625 0.10336538461538461
8 0.16947115384615385 0.3629807692307692 0.07692307692307693 0.1971153846153846
7 0.15865384615384615 0.49038461538461536 0.06490384615384616 0.13942307692307693
9 0.3629807692307692 0.18629807692307693 0.057692307692307696 0.13221153846153846
9 0.1658653846153846 0.6069711538461539 0.07932692307692307 0.1466346153846154
10 0.4375 0.2956730769230769 0.05048076923076923 0.10817307692307693
10 0.28125 0.055288461538461536 0.052884615384615384 0.10336538461538461
10 0.2860576923076923 0.21394230769230768 0.05048076923076923 0.10576923076923077
10 0.27524038461538464 0.4074519230769231 0.0625 0.10576923076923077
10 0.265625 0.5132211538461539 0.057692307692307696 0.10576923076923077
10 0.26802884615384615 0.6177884615384616 0.06009615384615385 0.11057692307692307
10 0.4579326923076923 0.7379807692307693 0.057692307692307696 0.1201923076923077