1 0.7066977455565073 0.6184425590051593 0.07373771899328574 0.13984263195752078
2 0.7901495907188134 0.3667721328064405 0.0841362995152437 0.20720626493647223
5 0.5999109312417501 0.2933647228784861 0.06459784617832053 0.18065207590164625
6 0.8374967342579768 0.7390676055445762 0.08572897848013875 0.1375087116427487
6 0.5917928522988815 0.06145650228749881 0.04947548719580352 0.12047201104860362
4 0.6677928769034975 0.1403358999943484 0.046931784630069404 0.10843879511155806
4 0.6776311897125888 0.22440758212379722 0.05171150565538395 0.10606291929334148
4 0.7007737281496529 0.40454919940020334 0.0565751405278315 0.1108985819366633
4 0.7067685158277655 0.5090745515890667 0.054171294373985344 0.11088459676884864
4 0.6354897434877669 0.7474538981025577 0.059090871811187856 0.12052795171986283
4 0.5196634820423081 0.0630779803988658 0.04695975591244688 0.1108426412654042
4 0.5192981712407712 0.3010447644618202 0.0493076595015378 0.10604893412552663
3 0.592183608186854 0.13116104816512988 0.05450694976251651 0.13973075061500242
3 0.43885239686874383 0.39766012115355465 0.05939855591734181 0.1469702594121705
11 0.360714253292869 0.2959581701529814 0.06932162463888011 0.17346850777573736
12 0.24247488297510958 0.7485385499633538 0.06887408412083833 0.13500696931419917
12 0.20248166050531502 0.054788491789082565 0.06378667898936996 0.10957698357816513
8 0.16398962456545682 0.36680949979142585 0.07921672207804072 0.19756290998545806
7 0.14929997839447862 0.4930883412913302 0.06652618053174739 0.13980067645407643
9 0.36314691279440675 0.19018194679984324 0.056826882069229936 0.13253319732127875
9 0.15153515478874507 0.6108558250780696 0.07860135386573336 0.14467829460084267
10 0.43516355585615574 0.3015342453353381 0.04933563078391542 0.10845278027937286
10 0.28418445845370666 0.05603506530625431 0.05171150565538395 0.10606291929334148
10 0.2847142286882531 0.21707877244613183 0.0493076595015378 0.1060489341255267
10 0.2668095691744781 0.41308313757538956 0.06373073642461471 0.10613284513241548
10 0.25596344813447874 0.5189083090158795 0.05892304411692241 0.1061048747967859
10 0.2547466973510529 0.6234756167081872 0.058978986681677656 0.11091256710447822
10 0.4432100224624523 0.7461688653738953 0.059090871811188134 0.12052795171986283