1 0.29317638367279336 0.613443081123807 0.07614156514713202 0.1398566171253357
2 0.2145462164593684 0.36300254833764084 0.08651217438671197 0.204816403950441
5 0.40484081850118697 0.29440283071737866 0.06700169233216667 0.18066606106946104
6 0.16232145240656887 0.7292604353555316 0.08572897848013902 0.1375087116427487
6 0.4165786523160136 0.06371751095503672 0.051851362067271915 0.11808215006257226
4 0.340564642070209 0.14139498558496325 0.046931784630069126 0.10843879511155806
4 0.3282945118248937 0.22304883639275108 0.05171150565538395 0.10606291929334148
4 0.3015182328746828 0.4007656297635889 0.05654716924545388 0.10849473578281728
4 0.29430753647845836 0.5040820662916217 0.0565751405278315 0.11089858193666344
4 0.3607786165107646 0.7424334424694832 0.061494717965034286 0.12054193688767775
4 0.48753407077804156 0.06773584263634244 0.04936360206629304 0.110856626433219
4 0.48426564106643166 0.3032778027937285 0.05171150565538395 0.10606291929334148
3 0.41498597335111803 0.1334150642487604 0.05688282463398518 0.1373408896289711
3 0.5623075692846129 0.39987917431764813 0.061802402071187965 0.14698424457998532
11 0.6416756072197883 0.30058806205482846 0.07172547079272626 0.17348249294355222
12 0.7490696985628624 0.7507016624561882 0.07124995899230686 0.13261710832816767
12 0.8011660656490207 0.063551291651558 0.06375870770699248 0.10853669128626163
8 0.83480845235762 0.37262033701847375 0.07918875079566316 0.19515906383161188
7 0.8470942523747522 0.49888519335056336 0.06649820924936979 0.13739683030023025
9 0.6404588564363624 0.19602075436252075 0.05679891078685218 0.13012935116743266
9 0.8424412441854507 0.6154367688925648 0.07862932514811104 0.1470821407546888
10 0.5684142420922359 0.3049692067441695 0.05173947693776157 0.10846676544718764
10 0.7206512051363632 0.06428471160668539 0.0516835343730062 0.10365907313949532
10 0.7176896174655931 0.22291058742490194 0.05171150565538395 0.10606291929334155
10 0.7319605364662212 0.4164901286485913 0.06373073642461471 0.10613284513241548
10 0.7415907487881087 0.5211063844282507 0.058895072834544655 0.10370102864293976
10 0.7403896677764996 0.6244577838758206 0.06138283283552381 0.11092655227229314
10 0.5531002944596458 0.7447541789715899 0.059090871811188134 0.12052795171986283