1 0.7091346153846154 0.6129807692307693 0.07211538461538461 0.13942307692307693
2 0.7908653846153846 0.3605769230769231 0.08173076923076923 0.20673076923076922
5 0.5985576923076923 0.2860576923076923 0.0625 0.18269230769230768
6 0.8413461538461539 0.7355769230769231 0.08413461538461539 0.13701923076923078
6 0.5865384615384616 0.056490384615384616 0.04807692307692308 0.11298076923076923
4 0.6646634615384616 0.13341346153846154 0.04567307692307692 0.10817307692307693
4 0.6754807692307693 0.21754807692307693 0.05048076923076923 0.10576923076923077
4 0.7007211538461539 0.39783653846153844 0.055288461538461536 0.11057692307692307
4 0.7091346153846154 0.5036057692307693 0.052884615384615384 0.11057692307692307
4 0.6394230769230769 0.7427884615384616 0.057692307692307696 0.1201923076923077
4 0.5144230769230769 0.055288461538461536 0.04807692307692308 0.11057692307692307
4 0.5168269230769231 0.2932692307692308 0.04807692307692308 0.10576923076923077
3 0.5877403846153846 0.12259615384615384 0.052884615384615384 0.13942307692307693
3 0.4375 0.390625 0.057692307692307696 0.14903846153846154
11 0.35697115384615385 0.28725961538461536 0.0673076923076923 0.17548076923076922
12 0.24519230769230768 0.7415865384615384 0.0673076923076923 0.1346153846153846
12 0.19591346153846154 0.05048076923076923 0.06490384615384616 0.10096153846153846
8 0.15985576923076922 0.35697115384615385 0.07692307692307693 0.1971153846153846
7 0.1466346153846154 0.484375 0.06490384615384616 0.13942307692307693
9 0.3581730769230769 0.1814903846153846 0.055288461538461536 0.13221153846153846
9 0.15144230769230768 0.6021634615384616 0.07692307692307693 0.1466346153846154
10 0.43149038461538464 0.2932692307692308 0.05048076923076923 0.10817307692307693
10 0.27884615384615385 0.05048076923076923 0.052884615384615384 0.10096153846153846
10 0.2800480769230769 0.20793269230769232 0.05048076923076923 0.10576923076923077
10 0.2644230769230769 0.40384615384615385 0.0625 0.10576923076923077
10 0.2548076923076923 0.5096153846153846 0.057692307692307696 0.10576923076923077
10 0.2548076923076923 0.6153846153846154 0.057692307692307696 0.11057692307692307
10 0.44591346153846156 0.7403846153846154 0.057692307692307696 0.1201923076923077