1 0.2884940973156272 0.6141826923076923 0.07289855401301318 0.1346153846153846
2 0.20940572344670508 0.36658653846153844 0.08290552332721209 0.20192307692307693
5 0.3985341941419795 0.2932692307692308 0.06353490241829499 0.1778846153846154
6 0.15799413920110247 0.7331730769230769 0.0825139386283978 0.1346153846153846
6 0.4106800927766928 0.06490384615384616 0.048748211132033356 0.11538461538461539
4 0.3345044209765581 0.14302884615384615 0.04388457815308177 0.10576923076923077
4 0.3232046249946399 0.22596153846153846 0.048692270460774074 0.10576923076923077
4 0.29693633054486773 0.4026442307692308 0.053499962768466455 0.10576923076923077
4 0.289123429867293 0.5060096153846154 0.05351394793628117 0.10817307692307693
4 0.35506756831304265 0.7403846153846154 0.058377580915232756 0.11778846153846154
4 0.48157956914733957 0.0673076923076923 0.046302409474742706 0.10817307692307693
4 0.47781916171545813 0.3004807692307692 0.048692270460774074 0.10576923076923077
3 0.409079592417048 0.13341346153846154 0.05366778478224395 0.1346153846153846
3 0.5553917475867737 0.3954326923076923 0.05853141776119554 0.14423076923076922
11 0.6341041246349951 0.29447115384615385 0.06591077823651158 0.17307692307692307
12 0.7420937916661808 0.7391826923076923 0.0680628913696913 0.12980769230769232
12 0.7941494949864136 0.055288461538461536 0.06073947156563428 0.11057692307692307
8 0.8272151627368889 0.3629807692307692 0.07563804419441475 0.19230769230769232
7 0.8397090878566733 0.4879807692307692 0.06329715456544321 0.13701923076923078
9 0.6335035637741083 0.19110576923076922 0.05363981444661438 0.12980769230769232
9 0.8342301074938707 0.6033653846153846 0.07535834083811849 0.14423076923076922
10 0.5607518540231504 0.3004807692307692 0.048692270460774074 0.10576923076923077
10 0.7136066636647526 0.057692307692307696 0.04867828529295929 0.10336538461538461
10 0.7102797964351298 0.21634615384615385 0.04869227046077421 0.10576923076923077
10 0.7247859830099461 0.40865384615384615 0.06071150123000498 0.10576923076923077
10 0.7337930128253871 0.5132211538461539 0.058293669908343906 0.10336538461538461
10 0.7331916506093509 0.6165865384615384 0.0583356254117884 0.11057692307692307
10 0.5461873227116267 0.7379807692307693 0.055973734761386465 0.11778846153846154