1 0.7043594819310118 0.6059451496474869 0.07289855401301318 0.13545452308671294
2 0.786328800369782 0.3574119578416832 0.08290552332721209 0.20287410052391558
5 0.5980534249112103 0.28629039581601773 0.06353490241829499 0.17861186872643323
6 0.8334749084318717 0.7234250850144808 0.0825139386283978 0.13556640821622315
6 0.5885647081613082 0.058050881971332347 0.048748211132033356 0.11594404103216754
4 0.6638313440534811 0.13529478657643773 0.0438845781530819 0.10627271385202772
4 0.6741661634561784 0.2181016081134308 0.04869227046077421 0.1063286564167829
4 0.6983786382371755 0.39449060195615826 0.05349996276846652 0.10638459898153813
4 0.7049888144826777 0.49777207272441 0.05351394793628117 0.10878844513538428
4 0.6363175683130426 0.7329302686309831 0.058377580915232624 0.11845977231552414
4 0.5176372614550319 0.061279880955317924 0.046302409474742706 0.10870453128825146
4 0.5186845463308427 0.29442498659601724 0.048692270460774074 0.1063286564167829
3 0.5893680539555095 0.12654651171475895 0.05366778478224395 0.13523075282769198
3 0.44000713220215826 0.39028597635021256 0.05853141776119554 0.14490208000783183
11 0.3624695092503797 0.2902335045659463 0.06591077823651158 0.17383214770111846
12 0.2493053301277193 0.7362317220168547 0.0680628913696913 0.1305908882142654
12 0.20520718729410584 0.05426750973167887 0.06073947156563449 0.10853501946335774
8 0.16856131658304266 0.3609948081819591 0.07563804419441447 0.19317480206139812
7 0.15461293401051937 0.4861486502350359 0.06329715456544342 0.13774648411104862
9 0.36427279454333905 0.18685413430937292 0.05363981444661438 0.13042306051999966
9 0.15874933826310147 0.6014773230548962 0.07535834083811856 0.14509787898447504
10 0.4357518540231504 0.2953899958380447 0.048692270460774074 0.1063286564167829
10 0.2857220482801372 0.054363725089372414 0.04867828529295936 0.10392481026293678
10 0.28720287335820677 0.212989599960841 0.048692270460774144 0.1063286564167829
10 0.27045905993302305 0.40547910560398776 0.06071150123000484 0.10646851282867086
10 0.2602353205176948 0.5101582984258058 0.058293669908343906 0.10403669539244721
10 0.25963395830165853 0.6135236830411904 0.058335625411788335 0.11124823385398568
10 0.4452257842500883 0.7327501394261566 0.055973734761386465 0.11843180103314666