1 0.703125 0.6136977999526335 0.07451923076923077 0.1398566171253357
2 0.7896634615384616 0.36199241083437783 0.08413461538461539 0.20722025010428716
5 0.5985576923076923 0.2861811547525772 0.06490384615384616 0.18066606106946104
6 0.8341346153846154 0.735531762152881 0.08653846153846154 0.13992654296440976
6 0.5913461538461539 0.05664651572057695 0.05048076923076923 0.1132930314411539
4 0.6670673076923077 0.13313834670062474 0.04807692307692308 0.10845278027937286
4 0.6778846153846154 0.2184119519069966 0.052884615384615384 0.10607690446115633
4 0.6995192307692307 0.398574546935125 0.057692307692307696 0.11091256710447822
4 0.7055288461538461 0.5031068917078957 0.055288461538461536 0.1108985819366633
4 0.6322115384615384 0.7415142085570162 0.06009615384615385 0.12054193688767748
4 0.5192307692307693 0.055049912330460575 0.04807692307692308 0.11009982466092115
4 0.5180288461538461 0.2926592732589883 0.05048076923076923 0.10846676544718771
3 0.5913461538461539 0.12276157179448315 0.055288461538461536 0.13974473578281724
3 0.4387019230769231 0.38807270687379963 0.06009615384615385 0.14698424457998532
11 0.359375 0.2851688327963033 0.06971153846153846 0.17588633909739831
12 0.2403846153846154 0.7353803293723664 0.06971153846153846 0.13502095448201382
12 0.20552884615384615 0.049984295773343956 0.06971153846153846 0.09996859154668791
8 0.1622596153846154 0.3512194627109627 0.07932692307692307 0.19757689515327298
7 0.1466346153846154 0.47871421245560514 0.0673076923076923 0.1398146616218912
9 0.3629807692307692 0.17937862427535034 0.057692307692307696 0.1325471824890936
9 0.1502403846153846 0.5952797731654214 0.07932692307692307 0.14709612592250373
10 0.4338942307692308 0.29194683105558306 0.05048076923076923 0.10846676544718764
10 0.2860576923076923 0.049732562752677616 0.057692307692307696 0.09946512550535523
10 0.28365384615384615 0.20508051942862324 0.05048076923076923 0.10606291929334148
10 0.265625 0.3998969466487727 0.0625 0.10853669128626163
10 0.2536057692307692 0.5045341801801544 0.057692307692307696 0.1061048747967859
10 0.2512019230769231 0.6091154730402768 0.06009615384615385 0.11333039842613915
10 0.43990384615384615 0.7354214835206615 0.057692307692307696 0.12052795171986283