1 0.7139027562543115 0.6088481521414969 0.07291253918082784 0.13743878580367463
2 0.7929841375393263 0.3595815720966243 0.08290552332721209 0.20239857262878005
5 0.6026537437671288 0.2873690926616855 0.06353490241829499 0.1782482297478001
6 0.8456116300296668 0.7282782681878982 0.0825139386283978 0.13509088032108763
6 0.590500852548508 0.05844940033596156 0.04876219629984814 0.11689880067192313
4 0.6666765243486428 0.1355491854383783 0.0438845781530819 0.10602096378989713
4 0.6791782434074841 0.2184119519069966 0.04869227046077421 0.1060489341255267
4 0.7054535304411635 0.3961497230295566 0.05351394793628117 0.1084807506150025
4 0.7132734237026457 0.5006750752184199 0.05352793310409609 0.11088459676884864
4 0.6461343547638805 0.7366505755780648 0.05839156608304727 0.12052795171986283
4 0.5195943835939539 0.059479203752003953 0.04631639464255763 0.1108426412654042
4 0.5233687761936501 0.29504214166111226 0.04869227046077421 0.10604893412552677
3 0.5921013529081528 0.12636734102525238 0.05366778478224395 0.13492305830731016
3 0.44579619032233464 0.3904485826920162 0.05853141776119541 0.14456641325832437
11 0.36588189019719014 0.289948554768366 0.06831462439035772 0.17346850777573736
12 0.25790620833381916 0.7377072571032313 0.06807687653750609 0.13260312316035303
12 0.20704543550660215 0.05357607983629839 0.06312933255166585 0.10715215967259678
8 0.1727708520952964 0.3595839761620726 0.07563804419441447 0.1927412325099511
7 0.16027692697551196 0.4846608945850539 0.06329715456544342 0.13738284513241547
9 0.3664754584741695 0.18537425449215095 0.05363981444661438 0.13011536599961782
9 0.1657628999222219 0.6012194627109627 0.07535834083811856 0.14466430943302802
10 0.4392341608090347 0.2955316225346301 0.04869227046077421 0.1060489341255267
10 0.2863723585835252 0.052422303491577685 0.04867828529295936 0.10364508797168054
10 0.28970621839705535 0.21226408755453213 0.048692270460774144 0.10604893412552677
10 0.2764019548991622 0.40465569086911324 0.06071150123000484 0.1061188599646007
10 0.2661930020067981 0.5092859318165874 0.058293669908343906 0.10370102864293976
10 0.2668013568067418 0.6138532395088951 0.058335625411788335 0.11091256710447822
10 0.45501460036529634 0.7353585502654949 0.05598771992920139 0.12051396655204791