1 0.2932226867473272 0.6117788461538461 0.07774820182414992 0.14182692307692307
2 0.2052157825883121 0.359375 0.08775517113834888 0.2091346153846154
5 0.397061964358116 0.2800480769230769 0.06596671890777071 0.18269230769230768
6 0.16294030008908128 0.7367788461538461 0.08734960127171974 0.13942307692307693
6 0.40295889704506366 0.054086538461538464 0.051096116614620365 0.10576923076923077
4 0.3276642908172611 0.12740384615384615 0.048706255628588865 0.10817307692307693
4 0.31734345658237867 0.2127403846153846 0.05351394793628117 0.10817307692307693
4 0.2955697908747648 0.3954326923076923 0.058335625411788265 0.11057692307692307
4 0.2913774459509235 0.5012019230769231 0.055945764425756966 0.11298076923076923
4 0.3648843547638804 0.7403846153846154 0.06080939740470848 0.12259615384615384
4 0.4750602964926335 0.051682692307692304 0.04867828529295929 0.10336538461538461
4 0.47882769650842233 0.2860576923076923 0.05111010178243502 0.10817307692307693
3 0.4021205883313253 0.11658653846153846 0.05609960127171968 0.13942307692307693
3 0.5599159493748603 0.38221153846153844 0.06336708040451743 0.14903846153846154
11 0.6398364407287628 0.2776442307692308 0.0707324557120188 0.17548076923076922
12 0.7626719451380671 0.7319711538461539 0.07289855401301318 0.1346153846153846
12 0.7947298794507276 0.04447115384615385 0.06542129736299365 0.0889423076923077
8 0.8385383405359774 0.34375 0.08048769200555128 0.19951923076923078
7 0.8549115470140691 0.4723557692307692 0.06813281720876538 0.14182692307692307
9 0.6344134010372195 0.171875 0.058475477089936265 0.1346153846153846
9 0.8519980435901322 0.5913461538461539 0.08019400348144064 0.14903846153846154
10 0.5641572423860534 0.2848557692307692 0.05351394793628117 0.10817307692307693
10 0.7129991102199583 0.04447115384615385 0.055805912747609036 0.0889423076923077
10 0.7150890914531209 0.1971153846153846 0.05351394793628117 0.10817307692307693
10 0.7342647213677804 0.3942307692307692 0.06312933255166578 0.10817307692307693
10 0.746892306936955 0.4987980769230769 0.06071150123000498 0.10576923076923077
10 0.7499184930585595 0.6057692307692307 0.0607534567334492 0.11298076923076923
10 0.560762853382805 0.734375 0.05840555125086219 0.12259615384615384