1 0.7007161014542695 0.6243109396137653 0.07370974771090825 0.13743878580367463
2 0.7841539609753869 0.37477944273556096 0.08410832823286594 0.2048024187826261
5 0.5939013158571348 0.30035031420197694 0.06459784617832053 0.18065207590164625
6 0.8303271527200047 0.7452654389519794 0.0832971610439154 0.13509088032108763
6 0.585783236914266 0.06831622710065649 0.04944751591342576 0.11806816489475747
4 0.6605813384419589 0.1480836829637457 0.04690381334769164 0.10603494895771191
4 0.6716215743279735 0.23228822418743503 0.05171150565538395 0.10606291929334148
4 0.6947920840474151 0.4103196838341058 0.05654716924545401 0.10849473578281728
4 0.7007868717255277 0.5149289470298578 0.054171294373985344 0.11088459676884864
4 0.6295080993855292 0.7525111389779054 0.059090871811187856 0.12052795171986283
4 0.514841804093427 0.07030751080396616 0.04695975591244688 0.1108426412654042
4 0.5132885558561557 0.3070933495417197 0.0493076595015378 0.1060489341255267
3 0.5861739928022386 0.13803475814610236 0.05447897848013902 0.1373269044611563
3 0.43405869020224025 0.40159075466466193 0.059398555917341674 0.1469702594121705
11 0.35590656098517665 0.30016770566523515 0.06932162463888011 0.17346850777573736
12 0.23889708502671794 0.7490366261310779 0.06887408412083833 0.1350069693141989
12 0.1988758912745458 0.05644923046708965 0.06138283283552381 0.11092655227229299
8 0.16039784097587642 0.36754452245685204 0.07678490464181695 0.19514507866379724
7 0.1457081948048982 0.49366952711079376 0.06412233437790126 0.13978669128626164
9 0.35833922048671446 0.1944054674799118 0.05679891078685246 0.13012935116743266
9 0.14915927991727654 0.6102840359079618 0.07860135386573336 0.14467829460084267
10 0.4291539404715404 0.30660386866820183 0.0493076595015378 0.1060489341255267
10 0.27937676614601437 0.05932157974273148 0.05171150565538395 0.1060629192933415
10 0.2799065363805608 0.2203932572182386 0.0493076595015378 0.1060489341255267
10 0.2632317712260865 0.4138189615959652 0.06132689027076857 0.1061188599646007
10 0.25238565018608716 0.5195322516939368 0.05892304411692241 0.1061048747967859
10 0.24996697632573817 0.624092566802337 0.058978986681677656 0.11091256710447822
10 0.43724236400140326 0.7477865563219525 0.056687025657341975 0.12051396655204791