9 0.4233488324941621 0.15491883789112154 0.06332512490107306 0.14255417641874085
9 0.23453262400927247 0.7964957035572742 0.08268176064217538 0.16441256206237725
8 0.1598401813526556 0.4139773230548961 0.09260481894948555 0.217409062576503
11 0.3380472569521607 0.1499022030309112 0.07074644087983345 0.17869578257356603
12 0.18936541719297648 0.09033834561524594 0.07289855401301318 0.13545452308671282
7 0.17937243304659237 0.15535407689860253 0.07057861886605589 0.14984962872741217
7 0.35206396265345913 0.42616269738776447 0.06817477271220973 0.14982165744503462
10 0.404558596049559 0.07942145430398855 0.06071150123000498 0.10646851282867095
10 0.2658549539137947 0.16396249534839327 0.055889823754497754 0.10400872411006959
10 0.25402372155491426 0.33836721227293864 0.060767441901264055 0.1160838974440556
10 0.24730006125659487 0.6677500779146169 0.0607954122368937 0.12089158975174777
10 0.2558471832444464 0.4380988563751764 0.0607954122368937 0.12089158975174777
2 0.7651137400196105 0.2855483147676971 0.09015901729219504 0.21016955283258684
3 0.5953978457366976 0.3295875978676261 0.06338106557233221 0.15216956103412554
3 0.44134031166302307 0.7808690194266461 0.07542826667719255 0.1571171097537058
6 0.5620664597977413 0.06797395069287065 0.05604366060046054 0.13045103180237727
6 0.5190893148423223 0.43143023172405925 0.06572897105491922 0.1425821477011184
1 0.5916320484312076 0.15055700197084285 0.053765680956947594 0.15205767590461505
1 0.35739529739905684 0.5426793076433589 0.06578491172617837 0.15219753231650301
4 0.5104738697256958 0.2596671168535697 0.05112408695024994 0.11116432000685282
4 0.483375060501242 0.16623878660091213 0.053485977600651595 0.10398075282769198
4 0.6842912053416537 0.3369661219581162 0.05594576442575717 0.11362410872545421
4 0.7466427583692995 0.7749128204108439 0.06321324355855477 0.12332340718797169
4 0.6062353298255782 0.5325727414557381 0.05363981444661438 0.13042306051999966
4 0.5430081010992087 0.6582999947975559 0.060823382572523274 0.1256992820594401