9 0.5688164877213915 0.15716063861826063 0.06093526391504156 0.14458039842613915
9 0.7633927630232412 0.8013432611168275 0.08268176064217524 0.16393703416724145
8 0.8365648291637924 0.4135346697212101 0.08779712664179311 0.21684961988748655
11 0.6553969047632974 0.15045256619805483 0.0683425947259873 0.17827620008342968
12 0.8048059732488511 0.08761772352564913 0.07289855401301318 0.13503493964982852
7 0.8164545970709897 0.1513895724416462 0.06817477271220987 0.14943004623727585
7 0.6417553945275501 0.4292287942051347 0.06578491172617837 0.15181990722330718
10 0.5872928592453112 0.08034245045379468 0.05830765507615869 0.10610487479678588
10 0.7286372940326237 0.16410026766255997 0.05348597760065187 0.10367305830731019
10 0.7420464462891279 0.3384630248232949 0.05836359574741797 0.11572025941217053
10 0.7497248851621633 0.6714516578022464 0.05839156608304727 0.12052795171986283
10 0.7390482305031529 0.44061250119394163 0.05839156608304755 0.12052795171986283
2 0.22423437023641107 0.29818960577459086 0.08776915630616368 0.21204192757979426
3 0.39708753062829744 0.3376580763187947 0.06099120458630084 0.15419578304152376
3 0.5543140883098849 0.7905111669015555 0.0730244205233464 0.15666955503444385
6 0.42867397601100193 0.07340981399340271 0.05605764576827546 0.13253319732127877
6 0.474625153580076 0.439074132734314 0.06332512490107306 0.1421905374401078
1 0.3993383412913302 0.15737660736424056 0.04897197381707007 0.15412585720244978
1 0.6386592825668717 0.5482051936527045 0.06339505074014685 0.15420976820933857
4 0.48164869363126417 0.2648302495000049 0.04872024079640379 0.110856626433219
4 0.5074414923753332 0.17002517068513714 0.05349996276846652 0.10607690446115633
4 0.30688036660390006 0.34795094021804746 0.05354191827191088 0.1132884429226948
4 0.24539887978893196 0.7923198420681234 0.06080939740470848 0.12294578304152391
4 0.3874713446577634 0.5443398974622121 0.05363981444661438 0.13011536599961787
4 0.45044603900831703 0.6697105044093041 0.058419536418677115 0.12533564402755515