9 0.4392736502350359 0.15488564478290792 0.06417827694265636 0.14459438359395393
9 0.22146877937867632 0.7979362700436258 0.08606463386867033 0.16635486548890255
8 0.1599083435342683 0.40769586215853254 0.09391951182489376 0.22168528253080844
11 0.35163116510797293 0.14698264186968646 0.07421323079370513 0.18070801657290542
12 0.2045778225530075 0.08053503738260413 0.07611359386475441 0.13745277097148945
7 0.19061542972384707 0.14431387888250857 0.07147372925132768 0.1518478775589368
7 0.35558404917252023 0.42698876328931895 0.07147372925132782 0.15184787755893675
10 0.42213988511727324 0.07806745661844197 0.061354861553146185 0.10852270611844685
10 0.2781740010037772 0.1594284202572685 0.05651919796307626 0.10609088962897112
10 0.2581172368775545 0.3338121551697256 0.06146674668265666 0.11813809073383147
10 0.23982013734517899 0.6668287584843067 0.06149471796503415 0.12054193688767775
10 0.2581163948122405 0.43717054720120285 0.06152268924741184 0.12294578304152377
2 0.7800875076507013 0.30193121990776095 0.09143175182391489 0.2144597589014552
3 0.6053890922611909 0.339002836882026 0.06429016207216684 0.15420976820933857
3 0.43187524604615884 0.7907029524752155 0.078769181559999 0.15910137152391984
6 0.5832395343485319 0.07352468114408138 0.059230728223076096 0.13254718248909358
6 0.5237134235298628 0.43802903231151397 0.06895799796797118 0.14221850777573736
1 0.6099047702345465 0.15749846709882662 0.054674777456782224 0.15415382753807935
1 0.3554013937717517 0.5459721553207962 0.06909785437985914 0.15423773854496814
4 0.5221355722714702 0.26377116390939004 0.05176744822013919 0.11087061160103379
4 0.5004038994638472 0.1689520999267075 0.054115351809230106 0.10607690446115633
4 0.6953934666185335 0.35049762385820193 0.05660311181020898 0.11330242809050958
4 0.7418595147628022 0.7985142504424915 0.06395450668363568 0.12536361436318472
4 0.6077772686432202 0.5469075588540887 0.05679891078685232 0.13012935116743266
4 0.5390290552930812 0.6710972204759801 0.06157863181216701 0.12775347534921622