9 0.4338942307692308 0.14771606182481384 0.06009615384615385 0.14458039842613915
9 0.234375 0.7955114461380574 0.08173076923076923 0.16393703416724145
8 0.1622596153846154 0.4053060011725012 0.08653846153846154 0.21925346604133258
11 0.34615384615384615 0.14101498198851545 0.0673076923076923 0.17827620008342968
12 0.1971153846153846 0.07818013931610976 0.07211538461538461 0.13503493964982852
7 0.18509615384615385 0.1419519882321068 0.0673076923076923 0.14943004623727585
7 0.3581730769230769 0.4209931330725184 0.0673076923076923 0.15183389239112197
10 0.41466346153846156 0.0709048662442553 0.057692307692307696 0.10610487479678588
10 0.27283653846153844 0.15466268345302062 0.052884615384615384 0.10607690446115633
10 0.25841346153846156 0.33022736369067857 0.057692307692307696 0.11572025941217053
10 0.24879807692307693 0.6644179197465532 0.057692307692307696 0.12052795171986283
10 0.2608173076923077 0.4323768400613253 0.057692307692307696 0.12293179787370899
2 0.7788461538461539 0.2887380363972367 0.08653846153846154 0.21204192757979426
3 0.6057692307692307 0.32820650694144055 0.06009615384615385 0.15419578304152376
3 0.44471153846153844 0.784672359338878 0.07211538461538461 0.15907340118829
6 0.5757211538461539 0.06511242163834396 0.055288461538461536 0.13022484327668793
6 0.5264423076923077 0.43083147901779034 0.0625 0.1421905374401078
1 0.6045673076923077 0.1479250379868864 0.04807692307692308 0.15412585720244978
1 0.36177884615384615 0.5411644630131038 0.0625 0.15420976820933857
4 0.5204326923076923 0.2553856727065581 0.04807692307692308 0.11085662643321907
4 0.4951923076923077 0.1605805938916904 0.052884615384615384 0.10607690446115633
4 0.6959134615384616 0.3384993708406933 0.052884615384615384 0.1132884429226948
4 0.7548076923076923 0.7852721188446155 0.0625 0.12536361436318472
4 0.6141826923076923 0.5372921742387041 0.052884615384615384 0.13011536599961787
4 0.5492788461538461 0.6614678506927805 0.057692307692307696 0.12533564402755515