9 0.5729964501877168 0.14478514248643715 0.06092127874722691 0.1425262051363633
9 0.7738388820257446 0.7831164973314733 0.08266777547436058 0.1620087159085311
8 0.8425007315460241 0.39527211373210314 0.08779712664179311 0.21735312001174775
11 0.6594999488066413 0.13776856093622789 0.0683425947259873 0.1786678112911884
12 0.8069588877371803 0.0711444809161589 0.07289855401301318 0.13545452308671282
7 0.8193487254535031 0.1347065475811939 0.06817477271220987 0.14982165744503456
7 0.649089012336112 0.4143507250404236 0.06577092655836371 0.14979368616265687
10 0.5905847635553969 0.06885420402245124 0.05830765507615883 0.10644054154629336
10 0.732887182338023 0.14893466759294163 0.05348597760065187 0.10398075282769198
10 0.7471152682668423 0.32185774861678784 0.05836359574741797 0.11605592616167798
10 0.7598625291175918 0.6534626470768579 0.05839156608304727 0.1208636184693703
10 0.746507714822048 0.4240351957964382 0.05839156608304755 0.1208636184693703
2 0.23247542124263593 0.2905839876609804 0.08775517113834883 0.2101415815502093
3 0.4045741839276727 0.32704557943252 0.06099120458630084 0.15454543590559405
3 0.5658502490467932 0.7759206286417517 0.07301043535553148 0.15468529231748215
6 0.4318959544820137 0.06495111176737889 0.05363981444661438 0.12990222353475778
6 0.4820846378989711 0.427112036857975 0.06331113973325814 0.14015033026489476
1 0.4047342120023934 0.14794505532979274 0.04895798864925528 0.1520017333398598
1 0.6461755089121753 0.5333830665793747 0.06338106557233221 0.15216956103412554
4 0.48828924427784415 0.2539511999339191 0.04872024079640379 0.1111363487244752
4 0.5129772147645444 0.15870557839203117 0.053485977600651595 0.10398075282769198
4 0.3156948094905315 0.3388978245727992 0.053541918271910745 0.11359613744307659
4 0.2593738495992234 0.7818908132987429 0.06080939740470848 0.12329543590559393
4 0.39736344682128366 0.5338742481516109 0.05363981444661438 0.13042306051999966
4 0.46178560604066876 0.6569310860916813 0.058419536418677115 0.1256713107770626