9 0.43721410541494604 0.15491361511853752 0.06332512490107306 0.1421905374401078
9 0.23414045756774618 0.7847221087813794 0.08266777547436058 0.1615331880133953
8 0.16820790022436302 0.40167925419000977 0.0902009727956394 0.21686360505530133
11 0.3506266957891328 0.14700361962140865 0.07073245571201853 0.17588633909739831
12 0.206018327027364 0.08293888353645028 0.0728845688451984 0.13263109349598234
7 0.19315379496048748 0.14431387888250857 0.07056463369824109 0.1470401852512445
7 0.35943953596546546 0.4222020487333488 0.06817477271220973 0.14943004623727582
10 0.4187447264749339 0.07929735003099464 0.05830765507615883 0.1061048747967859
10 0.2797831600897452 0.15943541284117588 0.055889823754497754 0.10368704347512497
10 0.2627472608507496 0.33021337852286375 0.060767441901264055 0.11573424457998531
10 0.25022616675048504 0.6572203664528296 0.060781427069078915 0.11813809073383133
10 0.26333463789897105 0.43117491698440225 0.05839156608304755 0.12052795171986283
2 0.7734037391131872 0.29959729959298875 0.08775517113834888 0.2096380814259481
3 0.6017245314625943 0.3342510852455929 0.06338106557233221 0.1518059220554924
3 0.4396413333859627 0.778718684625522 0.07542826667719255 0.1566835402022585
6 0.5761756718001347 0.07477555230835622 0.05604366060046054 0.13012935116743263
6 0.5241729233430009 0.43326329550726606 0.0657149858871043 0.13980067645407643
1 0.6030934751981454 0.1563524846931627 0.05136183480310144 0.1517359962164184
1 0.3613197396814061 0.53878159461098 0.06578491172617837 0.15181990722330718
4 0.5195672146134738 0.2614092732589883 0.05111010178243502 0.10846676544718771
4 0.49619224719106564 0.16899405543015195 0.053485977600651595 0.10367305830731019
4 0.6907437575778833 0.34695478788259926 0.0559457644257569 0.11330242809050958
4 0.743776819934853 0.7853630224354116 0.06321324355855477 0.12295976820933856
4 0.6089298786953747 0.539744968479902 0.05362582927879973 0.12771151984577173
4 0.5447252909322684 0.6603148757032092 0.060823382572523274 0.1253496291953698