9 0.41799732135199175 0.15742934261490202 0.06333911006888772 0.14459438359395393
9 0.23426632407807932 0.8063567241659946 0.08508560679602152 0.16395101933505637
8 0.15508464255291277 0.41858309568991425 0.09261880411730034 0.2192814363769623
11 0.33143088947790045 0.15312511634854242 0.07074644087983345 0.1782901852512445
12 0.1808338830832386 0.09270111241389027 0.07289855401301318 0.13503493964982852
7 0.1715891054149461 0.15645897616207252 0.07057861886605582 0.1494440314050906
7 0.34988009202133996 0.43187337401999265 0.06818875788002451 0.15183389239112197
10 0.3983260193350564 0.08182007011126656 0.060725486397819634 0.10852270611844682
10 0.25819050020857426 0.16677281781304756 0.055889823754497754 0.10368704347512497
10 0.2483941097667467 0.34231652029898335 0.060781427069078915 0.11813809073383147
10 0.24672528627832677 0.675270190358398 0.0607954122368937 0.12054193688767775
10 0.25260124121355215 0.44566092716264577 0.06080939740470848 0.12294578304152377
2 0.7649483220712813 0.2924347092188021 0.09017300246000969 0.21205591274760904
3 0.5933180625080402 0.3355019564098678 0.06339505074014685 0.15420976820933857
3 0.4433240210397133 0.7919188607199535 0.07544225184500733 0.15908738635610467
6 0.5569309174015508 0.07248358749702846 0.058461491922121474 0.13254718248909358
6 0.516989355217092 0.43811294331840284 0.06813281720876538 0.14221850777573736
1 0.5874614826142381 0.1552414652070358 0.05377966612476238 0.15415382753807935
1 0.35658197321278784 0.5508287957158403 0.0682027430478393 0.15423773854496814
4 0.5075619690120577 0.2638830452519084 0.05112408695024994 0.11087061160103386
4 0.47937231669804997 0.1702938746817786 0.053499962768466386 0.10607690446115633
4 0.6835112413646228 0.3433909741552744 0.05594576442575717 0.11330242809050958
4 0.7521972740572219 0.7865159974249829 0.0632132435585545 0.12295976820933856
4 0.6065470102932509 0.5433647228784861 0.05604366060046054 0.13012935116743266
4 0.5447672464357128 0.6675264141647477 0.06083736774033806 0.12775347534921594