9 0.42636882738700876 0.15016885606601177 0.06093526391504156 0.14458039842613915
9 0.2306046141760509 0.7967623173023323 0.08268176064217538 0.16393703416724145
8 0.15622363237466927 0.40775879541369914 0.08781111180960803 0.21925346604133272
11 0.3385864872681798 0.1434677762297134 0.0683425947259873 0.1782762000834297
12 0.18917042619871877 0.07943101048038462 0.07289855401301325 0.13503493964982852
7 0.17752879496048748 0.14440478247330477 0.06817477271220973 0.14943004623727582
7 0.3522349900878344 0.42344592731371633 0.06818875788002451 0.15183389239112197
10 0.4066905327861661 0.07335766048545324 0.05830765507615883 0.10610487479678589
10 0.2653460979988535 0.15711547769421852 0.053499962768466455 0.10607690446115633
10 0.2519369457423493 0.3314782348549535 0.0583635957474179 0.11572025941217053
10 0.24306357637629833 0.6656757834947354 0.05839156608304755 0.12052795171986283
10 0.2537402310353086 0.43483662688643065 0.05840555125086233 0.12293179787370899
2 0.7721528679489122 0.29119083063843465 0.0877691563061638 0.21204192757979426
3 0.5992997075570259 0.3306593011826384 0.06099120458630084 0.15419578304152376
3 0.4408852119663302 0.7859232305031529 0.07303840569116118 0.15907340118829
6 0.5677132621743214 0.0664110388572465 0.05605764576827546 0.13253319732127877
6 0.5205601615283244 0.4320823501820652 0.06332512490107306 0.1421905374401078
1 0.5958399812331627 0.14918290173506865 0.04897197381707007 0.15412585720244978
1 0.35653302512543605 0.5424153341773787 0.06339505074014685 0.15420976820933857
4 0.5135366214771362 0.25783846694775603 0.04872024079640379 0.110856626433219
4 0.48654189965614403 0.16304038071679575 0.05349996276846652 0.10607690446115627
4 0.6895068715814232 0.34095216508189125 0.053541918271911015 0.1132884429226948
4 0.7510023435642063 0.7877249130858134 0.06322722872636942 0.12536361436318472
4 0.6089228861114674 0.538543045402979 0.05363981444661438 0.13011536599961787
4 0.5447462686839907 0.6639206449339785 0.058419536418677115 0.12533564402755515