9 0.43421508827382166 0.1565051098026546 0.06093526391504156 0.14493005129020944
9 0.23215674819105592 0.7972263251603481 0.08268176064217538 0.16441256206237725
8 0.1622999681777609 0.40816603284286607 0.08779712664179325 0.2173531200117476
11 0.34651665916188146 0.14827261953433352 0.0683425947259873 0.1786678112911884
12 0.1990507276474351 0.08285046259118757 0.07289855401301318 0.13545452308671282
7 0.1866608899311122 0.1464125292562226 0.06817477271220966 0.14982165744503456
7 0.3569136104645958 0.4272586297923754 0.06578491172617837 0.15219753231650315
10 0.415431844413126 0.07935826262055684 0.05830765507615883 0.10644054154629333
10 0.27432435612351547 0.16065463490915913 0.053485977600651595 0.10398075282769198
10 0.2588873545338658 0.3347656533687396 0.0583635957474179 0.11605592616167798
10 0.24613310109920877 0.6675724749057328 0.05839156608304755 0.1208636184693703
10 0.25949490797866004 0.43694310054839 0.05839156608304755 0.1208636184693703
2 0.7771329707888412 0.30353384933649863 0.0877691563061638 0.21254542770405543
3 0.6038392776107888 0.33877953238992625 0.06099120458630084 0.15454543590559405
3 0.44134730424693047 0.7900444421118155 0.0730244205233464 0.15708913847132833
6 0.5753225765634321 0.07520873751405234 0.05605764576827546 0.13285487795622342
6 0.5251269005625674 0.43883200417419255 0.06332512490107306 0.1425541764187409
1 0.6036862421199756 0.15847708521027595 0.04897197381707007 0.15440557949370598
1 0.3598271138885326 0.5462909713313263 0.063395050740147 0.1545734071879717
4 0.5189222941836943 0.2656711672501366 0.04872024079640379 0.1111363487244752
4 0.4942343236969941 0.17042554570824867 0.05349996276846652 0.10638459898153813
4 0.6927186520479298 0.35063177753020547 0.053541918271911015 0.11359613744307659
4 0.7502205572644391 0.7972445211281072 0.06080939740470862 0.12329543590559393
4 0.6110430221332704 0.5468101241859402 0.05363981444661438 0.13042306051999966
4 0.5454189398369623 0.6698529764848218 0.058419536418677115 0.1256713107770626