9 0.5814658523974375 0.15768027428041897 0.06332512490107306 0.1421905374401078
9 0.7715049617109725 0.7996252699286184 0.08508560679602138 0.16395101933505637
8 0.846190411783682 0.4145623599431603 0.09261880411730034 0.2192814363769623
11 0.6679693510163621 0.1511671928544709 0.07074644087983345 0.1782901852512445
12 0.8166581833594536 0.09020395860379965 0.07289855401301318 0.13503493964982852
7 0.8266441749219304 0.15384994100946356 0.07057861886605575 0.1494440314050906
7 0.652757714822048 0.42890931979840524 0.06818875788002451 0.15183389239112197
10 0.6002560888420406 0.08184723909174672 0.060725486397819634 0.10852270611844685
10 0.7401686466386355 0.1651707147431039 0.055889823754497754 0.10368704347512497
10 0.751999878997516 0.33938662764178346 0.060767441901264124 0.11573424457998531
10 0.7587305318797427 0.66988750346 0.0607954122368937 0.12054193688767775
10 0.7489884793988756 0.44157106693196724 0.06080939740470862 0.12294578304152377
2 0.23730409130205046 0.29550445355414995 0.09017300246000982 0.21205591274760904
3 0.40822190866188635 0.3365788143316071 0.06339505074014685 0.15420976820933857
3 0.5634953509802988 0.7876138330984445 0.07542826667719255 0.15668354020225878
6 0.44154630201693534 0.07315487555213868 0.05605764576827532 0.13253319732127877
6 0.4857323626331847 0.4370928274230721 0.06572897105491922 0.1422045226079227
1 0.41198071338346887 0.15626238245751595 0.053765680956947594 0.15174998138423318
1 0.6474333726603576 0.5467327442564038 0.06818875788002451 0.15183389239112197
4 0.4931388920889808 0.2639669562587972 0.05112408695024994 0.11087061160103386
4 0.5202377013134346 0.170056126828927 0.053485977600651595 0.10367305830731019
4 0.3193285490569304 0.3455097270792161 0.055945764425757036 0.11330242809050958
4 0.2557890581201763 0.7870000884248923 0.06321324355855464 0.12295976820933856
4 0.39739141715691323 0.5409756632476042 0.05363981444661438 0.13011536599961787
4 0.46061864588328266 0.6656120488844195 0.060823382572523274 0.12534962919537007