1 0.4118968023765801 0.14183930553443902 0.05375169578913281 0.14934613523038703
2 0.23606021272168295 0.28829990767651886 0.08529538431324345 0.2000087116427487
3 0.7753406848555365 0.6325299919006812 0.07303840569116132 0.15907340118829
3 0.6647349900878343 0.4216278554977928 0.06820274304783916 0.15423773854496814
4 0.26659937322857663 0.7857352320928026 0.06319925839073985 0.1205559220554924
4 0.3204605462947795 0.33348350372607793 0.05595974959357182 0.11570627424435574
4 0.4021361762094389 0.5301303852196668 0.05356988860754031 0.1180961352303871
4 0.47141497582386815 0.6619433463984836 0.060823382572523274 0.1253496291953698
6 0.4366826690379838 0.06491702996651152 0.05605764576827532 0.12983405993302305
6 0.5007420152493336 0.3312326930630451 0.05844750675430669 0.13014333633524744
12 0.8201380860798898 0.06854836546746208 0.058419536418677115 0.12533564402755512
4 0.59353403125402 0.1660238099798065 0.04873422596421843 0.11326047258706516
8 0.8490829374558966 0.29194522834528425 0.08533733981668781 0.20722025010428707
9 0.7822313658124839 0.7839373366734518 0.08746148261423824 0.15915731219517873
7 0.8300891147228295 0.1261847324885106 0.06824469855128366 0.1614492770065066
11 0.6654466309360901 0.13074848571459338 0.0659946892434003 0.1878775995309995
10 0.7412796661247624 0.14953872215919653 0.05352793310409609 0.11088459676884861
10 0.7567306528822269 0.32613750346000003 0.05595974959357182 0.11570627424435574
10 0.7561021216857104 0.4247021883515998 0.05836359574741797 0.11572025941217053
10 0.6594945589330329 0.5538743568788682 0.05839156608304755 0.12052795171986283