1 0.3963417282156541 0.15625 0.05614155677516418 0.1466346153846154
2 0.22531982345235665 0.30288461538461536 0.0876992304670896 0.19951923076923078
3 0.7621125384254751 0.6358173076923077 0.07544225184500747 0.15865384615384615
3 0.650339883500387 0.43028846153846156 0.07059260403387067 0.15144230769230768
4 0.26543940565509794 0.7944711538461539 0.06319925839073985 0.1201923076923077
4 0.31091508751846886 0.3473557692307692 0.055945764425757036 0.11298076923076923
4 0.3937716627583292 0.5408653846153846 0.05355590343972567 0.11538461538461539
4 0.4630294846210362 0.6694711538461539 0.06080939740470848 0.12259615384615384
6 0.41992567180013474 0.078125 0.05604366060046054 0.12980769230769232
6 0.4875698094905316 0.3425480769230769 0.06083736774033806 0.12740384615384615
12 0.7973435031217957 0.08052884615384616 0.058419536418677115 0.125
4 0.575561125771433 0.17908653846153846 0.051138072118064586 0.11298076923076923
8 0.8298661533929421 0.29927884615384615 0.08772720080271931 0.20432692307692307
9 0.7726019960292846 0.7860576923076923 0.08746148261423824 0.15865384615384615
7 0.8084894622577512 0.13701923076923078 0.068230713383469 0.15865384615384615
11 0.6462648097926726 0.14302884615384615 0.06839853539724644 0.1875
10 0.7208889293205144 0.16105769230769232 0.05352793310409609 0.11057692307692307
10 0.7399317001409333 0.33533653846153844 0.05595974959357182 0.11538461538461539
10 0.7404980994374326 0.4326923076923077 0.06075345673344948 0.11298076923076923
10 0.6474893133316167 0.5600961538461539 0.060781427069078776 0.11778846153846154