1 0.589625919979931 0.14783653846153846 0.054618834892026985 0.14903846153846154
2 0.763414426626855 0.2932692307692308 0.08642826053957911 0.1971153846153846
3 0.22573271581063337 0.6394230769230769 0.0739614892523067 0.15865384615384615
3 0.33635327994175096 0.42908653846153844 0.06906988309748166 0.15144230769230768
4 0.7299941260466483 0.7896634615384616 0.06389856411888044 0.1201923076923077
4 0.6787483568770651 0.3389423076923077 0.056631083092586736 0.11538461538461539
4 0.5971417742863669 0.5348557692307693 0.054227236938740445 0.11538461538461539
4 0.5270937383709832 0.6670673076923077 0.061550660529789386 0.125
6 0.5652946020418186 0.06971153846153846 0.05439506463300617 0.12980769230769232
6 0.49967580405671536 0.33774038461538464 0.05920275694069861 0.12980769230769232
12 0.18420107281007042 0.07692307692307693 0.059146814375943234 0.125
4 0.40904375997650455 0.17307692307692307 0.049391573348670656 0.11298076923076923
8 0.15276757534398788 0.29927884615384615 0.08651217438671203 0.20432692307692307
9 0.21677297220049446 0.7896634615384616 0.08598072002153746 0.15865384615384615
7 0.17269846869951133 0.13581730769230768 0.06918176822699201 0.16105769230769232
11 0.33733395895559526 0.13822115384615385 0.06708560617929954 0.1875
10 0.2613890348504206 0.15745192307692307 0.054171294373985344 0.11057692307692307
10 0.2449240543137783 0.3329326923076923 0.05663108309258667 0.11538461538461539
10 0.24496516917203068 0.4326923076923077 0.059034929246432825 0.11538461538461539
10 0.3408384604367867 0.5600961538461539 0.05906290052881037 0.11778846153846154