1 0.604930120700343 0.14775503152009795 0.05375169578913281 0.14934613523038706
2 0.779564787278317 0.2942086410782704 0.08528139914542866 0.19760486548890255
3 0.2426951538822171 0.6372507873933243 0.07303840569116118 0.15907340118829
3 0.35329385606601177 0.4275505740673591 0.06818875788002451 0.15183389239112197
4 0.7478306962784077 0.7904350498337236 0.06319925839073985 0.1205559220554924
4 0.6939625306282975 0.33938524454392205 0.05595974959357182 0.11570627424435574
4 0.614690746867484 0.5360461112053257 0.05355590343972553 0.11569228907654096
4 0.5454189398369623 0.6666571493072195 0.060823382572523274 0.1253496291953698
6 0.5789423309620162 0.06947619467413518 0.05363981444661438 0.13011536599961782
6 0.5160849078275894 0.3371484190487041 0.05844750675430669 0.13014333633524744
12 0.197883767490049 0.07567300711395147 0.058419536418677115 0.1253356440275551
4 0.4232858992389957 0.1731414590423885 0.04873422596421843 0.11326047258706516
8 0.16894590869794954 0.2978679469148505 0.0853233546488731 0.20481640395044093
9 0.23460254984834644 0.7886511395821876 0.08505763646039195 0.15914332702736408
7 0.18793273884710926 0.133309374135 0.06824469855128366 0.1614492770065066
11 0.3525752226338486 0.1378731273610828 0.0659946892434003 0.1878775995309995
10 0.27554725695216076 0.15545444814485546 0.05352793310409602 0.11088459676884857
10 0.2612981932716193 0.3320602220295664 0.05595974959357182 0.1157062742443556
10 0.2607248013912127 0.4306179143372587 0.05836359574741797 0.11572025941217053
10 0.3573393567277977 0.558588159787604 0.058377580915232756 0.11812410556601668