1 0.40057522728779027 0.15137398456353254 0.058559388096824976 0.14937410556601666
2 0.22542930072942677 0.29939852143542134 0.08771321563490439 0.20242654296440962
3 0.7667336154206785 0.64029955397695 0.07545623701282213 0.1614912325099511
3 0.6549625632058892 0.4317095587819622 0.07301043535553148 0.1542657088805977
4 0.2597939863763793 0.7972114453827045 0.06560310454458601 0.12056990722330706
4 0.31170903666331456 0.34437314132290786 0.05836359574741797 0.11572025941217053
4 0.39349494521019357 0.541971014227903 0.055973734761386604 0.11811012039820189
4 0.46245128460973306 0.6721842764022244 0.06322722872636942 0.12536361436318472
6 0.42627712244106325 0.07219390574866484 0.05605764576827546 0.13253319732127877
6 0.4908165528765752 0.34180926709434095 0.06085135290815284 0.13015732150306222
12 0.8084816683186943 0.07561947050814057 0.06083736774033792 0.12775347534921605
4 0.5819327528089343 0.17526640319508816 0.051138072118064586 0.11327445775487995
8 0.8396329707888412 0.29936596258133263 0.08774118597053396 0.20723423527210194
9 0.7754609418798236 0.7929997254174399 0.08987931393589904 0.1615751435168398
7 0.8201582624764625 0.1345836271164453 0.07064854470512981 0.1614632621743214
11 0.6542579149415411 0.13962826592183974 0.0684125205650611 0.19029543085266043
10 0.7310761031060069 0.15810463744575937 0.055931779257942245 0.11089858193666344
10 0.7480840320093728 0.33369029543513956 0.058377580915232624 0.11812410556601668
10 0.7475106401289662 0.4322479877428319 0.060767441901264124 0.11573424457998517
10 0.6517965254061368 0.5627051889987629 0.0607954122368937 0.12054193688767761