1 0.5964537259067149 0.15504807692307693 0.05615554194297896 0.14903846153846154
2 0.7735202089741647 0.2956730769230769 0.08769923046708947 0.19951923076923078
3 0.24260425029142094 0.6514423076923077 0.07545623701282213 0.16105769230769232
3 0.34961116841226114 0.4387019230769231 0.07299645018771682 0.15144230769230768
4 0.75140150258964 0.7920673076923077 0.06319925839073957 0.1201923076923077
4 0.6903148058940837 0.3425480769230769 0.05836359574741797 0.11538461538461539
4 0.6134398757032092 0.5408653846153846 0.05356988860754031 0.11778846153846154
4 0.5465649222426262 0.6730769230769231 0.06322722872636942 0.125
6 0.5692710056753724 0.07572115384615384 0.05604366060046054 0.12980769230769232
6 0.5112072896808232 0.34615384615384615 0.06085135290815284 0.12980769230769232
12 0.1893794023607913 0.09014423076923077 0.058433521586491906 0.12740384615384615
4 0.41480251186146005 0.18269230769230768 0.051138072118064586 0.11298076923076923
8 0.16283839713863058 0.3137019230769231 0.08774118597053403 0.20673076923076922
9 0.2381174154883195 0.8028846153846154 0.08746148261423811 0.15865384615384615
7 0.17942138113394415 0.14903846153846154 0.07064854470512981 0.16105769230769232
11 0.34408484267240574 0.14903846153846154 0.06841252056506122 0.18990384615384615
10 0.2682448148998261 0.16947115384615385 0.05352793310409602 0.11057692307692307
10 0.25640658995703824 0.3449519230769231 0.058377580915232756 0.11778846153846154
10 0.2582370442304777 0.44350961538461536 0.060767441901264055 0.11538461538461539
10 0.3560605152278932 0.5697115384615384 0.060781427069078915 0.11778846153846154