1 0.40356025926109995 0.15510940746794466 0.053723725453503235 0.14453844292269474
2 0.23251038416217293 0.2979362700436257 0.08287755299158252 0.19759088032108768
3 0.7597366626072586 0.6362266647222465 0.07303840569116132 0.15907340118829
3 0.6515627843290323 0.4301182354592357 0.06817477271220987 0.14943004623727582
4 0.2630005965817148 0.7869581329214478 0.06318527322292507 0.11815207590164625
4 0.31570879465834634 0.34312685867709214 0.053541918271910745 0.1132884429226948
4 0.3949596006674375 0.5361819561077267 0.05355590343972567 0.11569228907654096
4 0.4630154994532214 0.6643961406396814 0.05840555125086233 0.12293179787370899
6 0.4295480489994267 0.0768305706219819 0.05363981444661438 0.13011536599961782
6 0.4911825713052082 0.3409040183496889 0.058433521586491906 0.1277394901814013
12 0.8033950740098554 0.08306933856524258 0.058419536418677115 0.1253356440275551
4 0.5827936419846937 0.17930789708112696 0.04872024079640379 0.110856626433219
8 0.8335138781271557 0.30165151655146505 0.08290552332721209 0.20239857262878
9 0.7678152814733146 0.7852231707572636 0.08262581997091609 0.15432164955185684
7 0.8145480257297184 0.14069871300238368 0.06582686722962286 0.15903144568484565
11 0.6523023955129177 0.14404655798372862 0.06357685792173949 0.18545976820933857
10 0.7281354307015899 0.16283679442833174 0.05351394793628117 0.10848075061500242
10 0.742363516630409 0.33583679908227343 0.05355590343972567 0.11569228907654096
10 0.741721000266078 0.431997637820027 0.05834961057960332 0.11331641325832437
10 0.6475032984994317 0.5587519750256346 0.05836359574741797 0.11572025941217053