1 0.40711708040451744 0.14903846153846154 0.05615554194297882 0.14903846153846154
2 0.23005059733706756 0.28966346153846156 0.0876992304670896 0.19951923076923078
3 0.7585487246981504 0.6430288461538461 0.07545623701282213 0.16105769230769232
3 0.6527507222381406 0.43149038461538464 0.07059260403387067 0.15144230769230768
4 0.2533502490467932 0.7824519230769231 0.06319925839073985 0.1201923076923077
4 0.3144509309101641 0.33533653846153844 0.05595974959357182 0.11538461538461539
4 0.3913188685171312 0.5324519230769231 0.05356988860754031 0.11778846153846154
4 0.4569918989007912 0.6646634615384616 0.06322722872636942 0.125
6 0.43309787755893675 0.06971153846153846 0.05604366060046054 0.12980769230769232
6 0.49115460096957864 0.3389423076923077 0.06085135290815284 0.12980769230769232
12 0.8117875577965948 0.08413461538461539 0.058419536418677115 0.125
4 0.586364448295926 0.17668269230769232 0.051138072118064586 0.11298076923076923
8 0.8383215704348481 0.30649038461538464 0.08772720080271931 0.20432692307692307
9 0.7630285669173446 0.7932692307692307 0.08746148261423824 0.15865384615384615
7 0.8217455790234419 0.14302884615384615 0.06824469855128366 0.16105769230769232
11 0.6582840405619035 0.14302884615384615 0.06839853539724644 0.1875
10 0.7341240683344831 0.16346153846153846 0.05352793310409609 0.11057692307692307
10 0.7447603702003479 0.3389423076923077 0.05595974959357182 0.11538461538461539
10 0.7441248464199239 0.4362980769230769 0.060767441901264124 0.11538461538461539
10 0.6450994523455855 0.5625 0.060781427069078776 0.11778846153846154