1 0.5922272194184861 0.15488265897474765 0.05615554194297882 0.14936012039820182
2 0.7697280440433438 0.2965355688091352 0.08769923046708947 0.20002269681056342
3 0.24655047168064181 0.6480471173339097 0.07545623701282213 0.16149123250995082
3 0.3498870846052474 0.43711701059539193 0.07059260403387067 0.15184787755893675
4 0.7533712267985154 0.7904140720820014 0.06319925839073985 0.1205559220554924
4 0.6870680625080402 0.34292808051952467 0.05595974959357182 0.11570627424435574
4 0.6124936924226996 0.5396029323487432 0.05356988860754031 0.1180961352303871
4 0.5471571074217442 0.6714298786953747 0.06322722872636942 0.12536361436318472
6 0.5641284706952744 0.07659682954487748 0.05604366060046054 0.13012935116743263
6 0.5091974322912396 0.3442970242550759 0.06085135290815284 0.13015732150306222
12 0.1856136050553013 0.09001916561404702 0.058419536418677115 0.1253356440275551
4 0.41210657989380206 0.18267992523479173 0.051138072118064586 0.11327445775487995
8 0.16286177895580106 0.3110331600897452 0.08772720080271924 0.2048303891182558
9 0.24261685236137429 0.7982595316136648 0.08746148261423811 0.159157312195179
7 0.17753578754439492 0.14766252521900294 0.06824469855128366 0.16144927700650663
11 0.34099732600593335 0.1486135166304091 0.06839853539724644 0.18789158469881428
10 0.2653880535022979 0.16740375307501226 0.05352793310409602 0.11088459676884864
10 0.2555986556443778 0.34402351212753796 0.05595974959357182 0.11570627424435574
10 0.25857589367863054 0.44259518960304506 0.060767441901264124 0.11573424457998531
10 0.3578538221287849 0.5669666584065287 0.060781427069078776 0.11813809073383133