1 0.4005332717843459 0.16092120415706043 0.05615554194297896 0.14968180103314652
2 0.22062160842173445 0.30066426669685176 0.0876992304670896 0.20052619693482468
3 0.7473979574312983 0.6625871795891561 0.07545623701282213 0.16192480206139812
3 0.6440683370906002 0.44863004419034563 0.07299645018771682 0.152281446163636
4 0.2381663635756713 0.7972962533662922 0.06319925839073985 0.12091956103412553
4 0.3044835130339613 0.34851826158006805 0.05836359574741797 0.11605592616167798
4 0.3790508905353945 0.5477166646672703 0.05356988860754031 0.1184038297507689
4 0.44318555245942676 0.6806834277530042 0.06322722872636942 0.12572725334181784
6 0.4274300974306345 0.0831038882632141 0.05604366060046054 0.13045103180237724
6 0.483556066327685 0.3530059682710459 0.06085135290815284 0.13050697436713252
12 0.808355801808361 0.1019604134431418 0.05843352158649177 0.1280751569309087
4 0.5806539113090299 0.19186520418153485 0.051138072118064586 0.11356816616069897
8 0.8310936427400465 0.32579781857461015 0.08774118597053396 0.20773773539636314
9 0.7513245841666586 0.814085429846219 0.08746148261423824 0.1596608123194399
7 0.8164266267353602 0.1609525437006942 0.07064854470512981 0.16186885949664293
11 0.6529650882738216 0.1590504964990169 0.0684125205650611 0.19068704206041917
10 0.7285743607774572 0.17916236112468076 0.05352793310409582 0.11119229128923044
10 0.7383637586353772 0.3559709242030723 0.058377580915232624 0.11845977231552414
10 0.7353865206011244 0.45450064522838696 0.060767441901264124 0.11608389744405546
10 0.6348926839062323 0.5795417600866394 0.060781427069078776 0.11848774359790176