5 0.4807692307692308 0.42587395663988237 0.06490384615384616 0.1878775995309995
3 0.40625 0.33770003182223907 0.052884615384615384 0.14694228907654094
3 0.36177884615384615 0.6619605369868962 0.06971153846153846 0.1566555698666292
2 0.23317307692307693 0.3042411766626506 0.07932692307692307 0.1975768951532729
6 0.2668269230769231 0.08809081516590396 0.057692307692307696 0.1277394901814013
6 0.15264423076923078 0.789349596617778 0.07932692307692307 0.13988458746096527
4 0.25600961538461536 0.7887490357568913 0.0625 0.12295976820933856
4 0.31850961538461536 0.34680495781238363 0.052884615384615384 0.11569228907654096
4 0.4254807692307692 0.1791580670109113 0.04326923076923077 0.10602096378989713
4 0.39302884615384615 0.5455558057069501 0.052884615384615384 0.1084807506150025
4 0.45913461538461536 0.6697384747449338 0.057692307692307696 0.11572025941217053
4 0.4879807692307692 0.2696659121433268 0.04807692307692308 0.11566431874091124
1 0.3473557692307692 0.08375162598000732 0.052884615384615384 0.14213459676884857
1 0.6454326923076923 0.5446204021736575 0.06009615384615385 0.14938809073383133
12 0.8052884615384616 0.09122349275641836 0.057692307692307696 0.1301433363352474
8 0.8401442307692307 0.40873396999742523 0.07211538461538461 0.19753493964982846
9 0.6538461538461539 0.33553473487639385 0.06009615384615385 0.13977270611844686
9 0.8413461538461539 0.554173654889025 0.07211538461538461 0.14224647811136693
7 0.8161057692307693 0.1561902721654311 0.057692307692307696 0.14216256710447822
7 0.859375 0.6684612359553282 0.0673076923076923 0.14221850777573736
11 0.7295673076923077 0.22660026766255997 0.07211538461538461 0.16388109349598232
10 0.7295673076923077 0.1713118061240984 0.04807692307692308 0.1012412418178344
10 0.5901442307692307 0.08997182023699407 0.04807692307692308 0.1012412418178344
10 0.5841346153846154 0.2546003188559186 0.04567307692307692 0.10603494895771191
10 0.7439903846153846 0.34567456328483337 0.04807692307692308 0.10604893412552677
10 0.7439903846153846 0.4466361017463718 0.052884615384615384 0.11088459676884864
10 0.7512019230769231 0.6762453649421238 0.057692307692307696 0.11572025941217053