5 0.4819937343081749 0.41985734867135965 0.07081636671890738 0.19030941602047535
3 0.40935390589973536 0.32929356286768496 0.058559388096824976 0.14937410556601668
3 0.3595731964148554 0.6559159586827437 0.07303840569116118 0.15907340118829
2 0.2336563665678368 0.2910130302325894 0.08530936948105824 0.20241255779659478
6 0.2708522473421362 0.07368871599454922 0.06085135290815284 0.13015732150306222
6 0.14635811744891716 0.7796712787472269 0.08497372545350317 0.14472025010428688
4 0.2521343408020553 0.781488549208001 0.06803492103406174 0.12539158469881428
4 0.319251630633949 0.3359806575361685 0.055973734761386604 0.11811012039820189
4 0.4300515150407594 0.16836173707032578 0.048706255628588865 0.10845278027937286
4 0.39254176934577656 0.5383232894936893 0.0583356254117884 0.11091256710447822
4 0.45817983680989954 0.6649028121016121 0.060767441901264124 0.11573424457998545
4 0.49308994400162914 0.2612734283565874 0.05116604245369416 0.11808215006257232
1 0.3525830165729054 0.07416421170025231 0.06093526391504156 0.14458039842613915
1 0.6473634468212837 0.542209563435904 0.06578491172617837 0.15181990722330718
12 0.8153793418595493 0.08647174111998525 0.06085135290815284 0.13015732150306222
8 0.8448905925320553 0.4075460320883169 0.07809783101951978 0.20237060229315035
9 0.6593539058997353 0.3307480203204238 0.06572897105491922 0.14220452260792257
9 0.8445487572757422 0.555375577965948 0.07776218699196463 0.14467829460084267
7 0.8241773955129177 0.15262645843810627 0.06333911006888772 0.14459438359395393
7 0.8632418989007913 0.6696631590322514 0.07295449468427233 0.1446503242652131
11 0.7368355881802547 0.22062561519748158 0.07788805350229785 0.1663129099854581
10 0.7377158523974375 0.16534414624292743 0.053485977600651595 0.10367305830731012
10 0.596608364107827 0.08159332161806952 0.053485977600651595 0.10367305830731012
10 0.5903618022255095 0.24741675073000974 0.048706255628588865 0.10845278027937291
10 0.7483661394311171 0.343284702298802 0.05111010178243502 0.10846676544718771
10 0.748960509063246 0.44544816383726354 0.05834961057960332 0.11331641325832437
10 0.7539088544042355 0.6762383723582166 0.060781427069078776 0.11813809073383161