5 0.48079880381515916 0.4238355159623746 0.06839853539724644 0.18828319590657308
3 0.4081729605745345 0.33525599287566177 0.05854540292901033 0.14730592616167798
3 0.359566203830948 0.6567839805611165 0.0730244205233464 0.15708913847132833
2 0.2348792673964821 0.29598244515985866 0.08289153815939737 0.20047025437006943
6 0.2720891333385963 0.08128575490866963 0.058433521586491906 0.12807515693090876
6 0.14875497101885587 0.7793225077118872 0.08255589413184222 0.14277794667776186
4 0.253329271295071 0.7817411815722362 0.0656170897124008 0.12335137847034917
4 0.3192726083856712 0.34143259388922875 0.05595974959357182 0.11602795487930037
4 0.43007948537638896 0.17566595082747985 0.04628842430692806 0.10630068513440527
4 0.3913398462688535 0.5405750544116759 0.05591779409012732 0.10881641641776191
4 0.45697092114906906 0.6663302790358713 0.060767441901264124 0.11608389744405546
4 0.4907070755995051 0.2677113867330739 0.05116604245369416 0.11837585846839128
1 0.3513950786637971 0.07860303799636145 0.058517432593380755 0.14249823385398563
1 0.6437646701744218 0.5471178082920939 0.06336708040451756 0.14976571488027937
12 0.8105996198874865 0.09596478369971521 0.05844750675430669 0.1304790030847549
8 0.840096885392178 0.4147960688316731 0.07808384585170486 0.2004143118053142
9 0.6545671913437653 0.33812304931936654 0.06331113973325814 0.14015033026489476
9 0.8397410649680499 0.5602147754981766 0.07776218699196463 0.14512585026685265
7 0.820599596617778 0.16218243805999488 0.06332512490107306 0.14255417641874085
7 0.858434206593099 0.6746072524237009 0.07053666336261152 0.14263809026587365
11 0.7332577892851151 0.2296711016378276 0.0778740683344832 0.16435661949762187
10 0.7329361304253748 0.17438264009936605 0.05106814627899052 0.1015489353914682
10 0.5942324882896105 0.08984159905496134 0.05108213144680544 0.10395278154531436
10 0.5879789338233856 0.25442114674629007 0.048706255628588865 0.10873250257062904
10 0.7447743553681627 0.3499892801008345 0.048706255628588865 0.10873250257062904
10 0.7453617324163841 0.45095081856237296 0.0559457644257569 0.11362410872545421
10 0.7503030851734663 0.6805600831782471 0.060781427069078776 0.11848774359790162