5 0.5130639435318208 0.42366888864360364 0.07192126976936947 0.19030941602047521
3 0.5886320973902118 0.3330911176721142 0.05945449848209691 0.15177795171986283
3 0.6352808009352489 0.6621243522249265 0.0763933066885306 0.1614912325099511
2 0.7657483445747572 0.2948035924531113 0.0865121743867121 0.204816403950441
6 0.7298461784507697 0.07507543206122494 0.061606603094544764 0.13015732150306222
6 0.8501444768153896 0.7882695332754411 0.08581289232727175 0.14472025010428688
4 0.74436126040497 0.7900868037362152 0.06876219899132799 0.12539158469881428
4 0.6786924143123099 0.3397782123405978 0.05665905437496422 0.11811012039820189
4 0.5664816974122389 0.17097135396564678 0.04933563078391542 0.10845278027937286
4 0.6030115332590943 0.543329759958949 0.058978986681677656 0.11091256710447822
4 0.536625209139235 0.6711112056437947 0.06146674668265653 0.11813809073383161
4 0.5040927404764353 0.2650779757449241 0.05187933334964967 0.12048599621641848
1 0.6469554430666438 0.07271864041307573 0.05939855591734154 0.14543728082615145
1 0.3457580378739895 0.5484319421459015 0.06666603694363551 0.15181990722330718
12 0.17925352409049006 0.08789342010619795 0.06163457437692225 0.1325611676569084
8 0.14663124712335923 0.41258047288920624 0.07930063592517357 0.2047744484469965
9 0.33622825123636574 0.33455956029266787 0.06655415181412504 0.14220452260792257
9 0.14611293633405945 0.5604100187668374 0.07862932514811097 0.1470821407546888
7 0.16885494356853245 0.15525705308514942 0.06417827694265643 0.14459438359395393
7 0.1279294060618224 0.6770944534030794 0.07379366155804104 0.1446503242652131
11 0.2569860840718895 0.22445114033754043 0.07888106668950942 0.16871675613930426
10 0.2576434092077633 0.16796075572215585 0.05408738052685248 0.10367305830731019
10 0.4004493271679026 0.08300101543646744 0.054115351809230106 0.10607690446115627
10 0.4057168615041974 0.25002636762533076 0.04936360206629304 0.110856626433219
10 0.24474224097832384 0.34711022743886083 0.05173947693776157 0.10846676544718771
10 0.24353947583608673 0.45047561205424547 0.05900695796405527 0.11331641325832437
10 0.23842241529161268 0.6836626741451373 0.06149471796503422 0.12054193688767775