5 0.5239669329890887 0.43160648007146524 0.06839853539724644 0.18828319590657308
3 0.60020553804439 0.3435452677740522 0.05615554194297896 0.14968180103314652
3 0.6439696395607472 0.6722017221392267 0.07303840569116132 0.15949298462517447
2 0.7770840227014895 0.31194731087496014 0.08290552332721236 0.20287410052391558
6 0.7435078963257742 0.09158980420356179 0.05844750675430669 0.1304790030847549
6 0.8559548251141328 0.8044848729373373 0.08256987929965695 0.14518179283160804
4 0.7501855943449021 0.8032541365127226 0.06563107488021558 0.12575522462419558
4 0.6890919050654385 0.3541955898374083 0.05356988860754031 0.1184038297507689
4 0.5807168445641965 0.18104789648922712 0.04628842430692792 0.10630068513440527
4 0.6122029897067491 0.5540356482886675 0.055931779257942245 0.11122026257160805
4 0.5453699917496105 0.6782664380232833 0.05836359574741797 0.11605592616167798
4 0.5176784156033268 0.2728687200704863 0.04877618146766293 0.12075173333985981
1 0.6618050974306345 0.08583108829503082 0.053723725453503096 0.1448461374430766
1 0.3562073594899485 0.5486528605616061 0.06338106557233221 0.15216956103412554
12 0.19663289632577416 0.08522633746265612 0.05844750675430669 0.13047900308475488
8 0.1599031146078222 0.4069361384835654 0.07569398486567369 0.20279018667678272
9 0.3490245927191892 0.337016499534823 0.06332512490107306 0.1425541764187409
9 0.15784110371028912 0.5547586913039151 0.07535834083811856 0.14509787898447504
7 0.18543099651855954 0.1512062359227261 0.05853141776119548 0.14490208000783183
7 0.13793904642440966 0.6699195364295096 0.06814680237658009 0.14501396513734205
11 0.27275182609950027 0.2243425723448934 0.07547022218063691 0.16432864821524426
10 0.273080477543148 0.16785218772950877 0.05106814627899066 0.1015489353914682
10 0.41538289632577413 0.08777172415901838 0.051096116614620365 0.10635662769916052
10 0.42042054254726113 0.2549089600572701 0.04872024079640379 0.1111363487244752
10 0.25762949078568353 0.34436705234293546 0.04870625562858893 0.10873250257062904
10 0.25582620549272417 0.4477184513171313 0.055945764425756966 0.11362410872545407
10 0.24726509833705784 0.6796056913161522 0.05839156608304755 0.1208636184693703