5 0.47716346153846156 0.4142912518810706 0.0673076923076923 0.18789158469881428
3 0.4026442307692308 0.3269844074679447 0.055288461538461536 0.14936012039820176
3 0.3581730769230769 0.6541662099955954 0.06971153846153846 0.15905941602047535
2 0.22716346153846154 0.29435147856457866 0.08173076923076923 0.19999472647493383
6 0.2620192307692308 0.07539869363126411 0.057692307692307696 0.1301433363352474
6 0.1466346153846154 0.7852045970709897 0.08173076923076923 0.1423024187826261
4 0.2512019230769231 0.7845962422710462 0.06490384615384616 0.12537759953099936
4 0.3137019230769231 0.3371172432924767 0.052884615384615384 0.11569228907654096
4 0.4230769230769231 0.16580784123382658 0.04567307692307692 0.10603494895771191
4 0.3894230769230769 0.5361959412755415 0.055288461538461536 0.1108985819366633
4 0.45552884615384615 0.6608113491606346 0.057692307692307696 0.11572025941217053
4 0.4855769230769231 0.2567903807167957 0.04807692307692308 0.11806816489475747
1 0.3425480769230769 0.07119585983156175 0.052884615384615384 0.1423917196631235
1 0.6442307692307693 0.5323096673333269 0.0625 0.14940207590164625
12 0.8064903846153846 0.0722310531212127 0.057692307692307696 0.1301433363352474
8 0.8413461538461539 0.3929417297263597 0.07211538461538461 0.20234263195752078
9 0.6526442307692307 0.32192418078443663 0.0625 0.13978669128626164
9 0.8425480769230769 0.5395693525270677 0.07211538461538461 0.1446503242652131
7 0.8173076923076923 0.13827388909681534 0.057692307692307696 0.14456641325832434
7 0.8605769230769231 0.6548490791530721 0.0673076923076923 0.1446223539295835
11 0.7295673076923077 0.20969780926051695 0.07451923076923077 0.1638950786637971
10 0.7295673076923077 0.15320742464513235 0.05048076923076923 0.10125522698564918
10 0.5877403846153846 0.07350370339235918 0.05048076923076923 0.10365907313949535
10 0.5829326923076923 0.23939705834337338 0.04567307692307692 0.10843879511155806
10 0.7439903846153846 0.32980620594593585 0.04807692307692308 0.10845278027937279
10 0.7439903846153846 0.4319696674843974 0.055288461538461536 0.11089858193666344
10 0.7512019230769231 0.6638988658271069 0.057692307692307696 0.11812410556601668