5 0.5228259210816059 0.4152734190487041 0.06948945233314568 0.18789158469881428
3 0.5963102144028651 0.326764651558655 0.057022681045873276 0.1493601203982019
3 0.6458153570116743 0.6563572928240593 0.0739614892523067 0.15907340118829
2 0.7738032318341939 0.2941457078231038 0.0840803569504882 0.20239857262878
6 0.7363880902658736 0.07399099981286619 0.059202756940698334 0.1301433363352474
6 0.8600661908754497 0.787402672483361 0.0834090461734256 0.14470626493647223
4 0.7542969601062188 0.7867873250995101 0.06635835283748183 0.12537759953099936
4 0.6865663303016063 0.3369044799670945 0.05425520822111807 0.1180961352303871
4 0.5752053692527962 0.16559507790844433 0.04690381334769164 0.10603494895771191
4 0.6131807785339827 0.5371851010270823 0.0565751405278315 0.1108985819366633
4 0.5473415785511148 0.662995439405191 0.059034929246432895 0.11572025941217053
4 0.5125663549062222 0.2565706248075061 0.04947548719580352 0.1204720110486037
1 0.6546573210351044 0.07351550410716311 0.05931464207020882 0.13975872095063205
1 0.3571571775081785 0.5344937575778833 0.06426219078978922 0.1518059220554924
12 0.18831116718895063 0.07080238155109259 0.05920275694069847 0.13014333633524744
8 0.15721753543796957 0.39391690431008575 0.0768688184889498 0.20235661712533556
9 0.3462682574792987 0.321704424875147 0.06415030566027888 0.1421905374401078
9 0.15772186058608056 0.5405445271107937 0.0761975077118872 0.14466430943302802
7 0.17827705540321595 0.1380471406036183 0.05937058463496419 0.14456641325832434
7 0.14104962162754833 0.6570261768137212 0.06898596925034874 0.1446223539295835
11 0.26684259284873996 0.20947106076731992 0.07642127797090809 0.16389507866379718
10 0.2661852677128662 0.1529806761519353 0.051655563090628714 0.1012552269856492
10 0.4082770759070625 0.07328394748306954 0.05171150565538395 0.10606291929334148
10 0.4150147866988097 0.23917730243408375 0.04936360206629304 0.110856626433219
10 0.25503398876265526 0.33078837311356935 0.04933563078391542 0.10845278027937279
10 0.25502084518678053 0.43294484206812345 0.05660311181020912 0.11330242809050958
10 0.25052252111587 0.666075963487756 0.059090871811188064 0.12052795171986283