5 0.5192760944155919 0.4170673076923077 0.07192126976936947 0.18990384615384615
3 0.592760387736851 0.328125 0.059426527199719296 0.14903846153846154
3 0.6470452513709749 0.6550480769230769 0.07639330668853034 0.16105769230769232
2 0.7677936164495786 0.28966346153846156 0.08648420310433434 0.20192307692307693
6 0.7268006769328668 0.07211538461538461 0.06160660309454449 0.12980769230769232
6 0.8636579744650301 0.78125 0.08581289232727202 0.14423076923076922
4 0.7579027293369881 0.7824519230769231 0.06876219899132799 0.125
4 0.6829885323532147 0.33533653846153844 0.05665905437496422 0.11778846153846154
4 0.5680357877148242 0.1658653846153846 0.04933563078391528 0.10817307692307693
4 0.612020812380626 0.5372596153846154 0.058978986681677656 0.11057692307692307
4 0.5485854585516042 0.6634615384615384 0.06146674668265653 0.11778846153846154
4 0.506612682086362 0.25841346153846156 0.05187933334964967 0.1201923076923077
1 0.6462718307790206 0.07211538461538461 0.06177443078881048 0.14423076923076922
1 0.3560391682783882 0.5396634615384616 0.06666603694363551 0.15144230769230768
12 0.18003756206237712 0.08173076923076923 0.06163457437692225 0.13221153846153846
8 0.15493956005482265 0.40384615384615385 0.07930063592517357 0.20432692307692307
9 0.3403425559418161 0.3269230769230769 0.06655415181412504 0.14182692307692307
9 0.15786171699796858 0.5516826923076923 0.07862932514811097 0.1466346153846154
7 0.1711913877123767 0.14783653846153846 0.06417827694265643 0.14423076923076922
7 0.1411754923982476 0.6670673076923077 0.07379366155804104 0.14423076923076922
11 0.2609308769524462 0.21634615384615385 0.07885309540713187 0.1658653846153846
10 0.25908561438083816 0.16105769230769232 0.05408738052685248 0.10336538461538461
10 0.39873161949762187 0.07692307692307693 0.054115351809230106 0.10576923076923077
10 0.4090890851613271 0.2439903846153846 0.04936360206629304 0.11057692307692307
10 0.2503381815844734 0.3389423076923077 0.05173947693776157 0.10817307692307693
10 0.25274286980363364 0.4423076923076923 0.05900695796405527 0.11298076923076923
10 0.2518363293223035 0.6742788461538461 0.06149471796503422 0.1201923076923077