5 0.5288461538461539 0.42427884615384615 0.0673076923076923 0.1875
3 0.6033653846153846 0.33653846153846156 0.055288461538461536 0.14903846153846154
3 0.6490384615384616 0.6634615384615384 0.06971153846153846 0.15865384615384615
2 0.7800480769230769 0.30288461538461536 0.08173076923076923 0.19951923076923078
6 0.7451923076923077 0.08413461538461539 0.057692307692307696 0.12980769230769232
6 0.8605769230769231 0.7932692307692307 0.08173076923076923 0.14182692307692307
4 0.7560096153846154 0.7932692307692307 0.06490384615384616 0.125
4 0.6923076923076923 0.34615384615384615 0.052884615384615384 0.11538461538461539
4 0.5841346153846154 0.17548076923076922 0.04567307692307692 0.10576923076923077
4 0.6177884615384616 0.5456730769230769 0.055288461538461536 0.11057692307692307
4 0.5504807692307693 0.6706730769230769 0.057692307692307696 0.11538461538461539
4 0.5204326923076923 0.2668269230769231 0.04807692307692308 0.11778846153846154
1 0.6634615384615384 0.07932692307692307 0.052884615384615384 0.14423076923076922
1 0.36177884615384615 0.5444711538461539 0.0625 0.14903846153846154
12 0.20072115384615385 0.08413461538461539 0.057692307692307696 0.12980769230769232
8 0.1658653846153846 0.4050480769230769 0.07211538461538461 0.20192307692307693
9 0.3545673076923077 0.3329326923076923 0.0625 0.13942307692307693
9 0.16466346153846154 0.5516826923076923 0.07211538461538461 0.14423076923076922
7 0.18990384615384615 0.1502403846153846 0.057692307692307696 0.14423076923076922
7 0.14543269230769232 0.6670673076923077 0.0673076923076923 0.14423076923076922
11 0.2764423076923077 0.22115384615384615 0.07451923076923077 0.16346153846153846
10 0.2776442307692308 0.16466346153846154 0.05048076923076923 0.10096153846153846
10 0.4182692307692308 0.08413461538461539 0.05048076923076923 0.10336538461538461
10 0.42427884615384615 0.25 0.04567307692307692 0.10817307692307693
10 0.26322115384615385 0.34134615384615385 0.04807692307692308 0.10817307692307693
10 0.2620192307692308 0.44350961538461536 0.055288461538461536 0.11057692307692307
10 0.2548076923076923 0.6754807692307693 0.057692307692307696 0.11778846153846154