5 0.48443431082601135 0.42105927174828267 0.06948945233314555 0.18789158469881428
3 0.4077061908142637 0.334080277423655 0.059426527199719296 0.14937410556601668
3 0.37184682367915667 0.6607725990777878 0.07393351796992921 0.15666955503444385
2 0.23187578055377436 0.30301128325009796 0.0864562318219568 0.20000871164274864
6 0.25937847078048903 0.08443609784778294 0.05920275694069847 0.13014333633524744
6 0.16545255190223282 0.7917744205233463 0.08581289232727182 0.14472025010428716
4 0.27000587395335174 0.7911808522463668 0.06635835283748169 0.12537759953099936
4 0.32010566261076706 0.34558904956764575 0.05665905437496436 0.11811012039820189
4 0.42267302361307585 0.1743224043675894 0.04933563078391542 0.10845278027937286
4 0.4005243077657309 0.5431589521370113 0.05895101539930003 0.10850872095063206
4 0.46927252111587 0.6673486137589024 0.06143877540027905 0.11573424457998545
4 0.4886118072148935 0.26364231159089657 0.051851362067271915 0.11808215006257225
1 0.3410393118053142 0.07890197816887062 0.05937058463496406 0.14456641325832434
1 0.6540601487905562 0.5386247719568569 0.06423421950741161 0.14940207590164625
12 0.801347878984475 0.07917629165155801 0.059202756940698334 0.1301433363352474
8 0.8447175354379696 0.3979166623051175 0.07927266464279589 0.2023706022931505
9 0.6552184308132847 0.3283092112470406 0.06415030566027888 0.1421905374401078
9 0.8512174903295071 0.5433773249484394 0.07860135386573355 0.14467829460084267
7 0.8141223343779013 0.14415006364447816 0.06415030566027888 0.1421905374401078
7 0.8717908811144016 0.6588738216755732 0.0737656902756635 0.14224647811136693
11 0.7296389200288799 0.21697089787936055 0.07885309540713173 0.1663129099854581
10 0.7265777487391598 0.16046652809616116 0.05405940924447487 0.10126921215346396
10 0.5838557446261533 0.08271832627201123 0.05408738052685248 0.10367305830731015
10 0.5833679313151733 0.24736780264265795 0.04933563078391542 0.10845278027937286
10 0.7466484985065714 0.3360521860855413 0.049335630783915556 0.10845278027937279
10 0.750227138520277 0.4370277097148946 0.05900695796405513 0.11331641325832437
10 0.763729689320835 0.6678598737392919 0.06146674668265653 0.11813809073383161