2 0.7644230769230769 0.2876200243272024 0.08653846153846154 0.21204192757979418
6 0.7247596153846154 0.07390847190383885 0.06009615384615385 0.12775347534921605
6 0.8064903846153846 0.5241541300442896 0.07451923076923077 0.13745277097148942
1 0.6394230769230769 0.6549337915151103 0.06971153846153846 0.15905941602047535
1 0.5925480769230769 0.329485348441345 0.0625 0.1421905374401078
5 0.5180288461538461 0.4212650424897575 0.06971153846153846 0.18309787755893675
4 0.5084134615384616 0.2602632908533244 0.04807692307692308 0.11085662643321893
4 0.7487980769230769 0.7780955433026139 0.06009615384615385 0.12294578304152391
4 0.6814903846153846 0.3349775126168129 0.052884615384615384 0.1132884429226948
4 0.6081730769230769 0.5385290602351642 0.06009615384615385 0.11573424457998517
4 0.5420673076923077 0.6663174985039172 0.0625 0.11815207590164625
4 0.48197115384615385 0.1690709738531333 0.055288461538461536 0.10368704347512497
1 0.5913461538461539 0.15040580256371391 0.0673076923076923 0.15183389239112202
1 0.35697115384615385 0.5399905102718103 0.07211538461538461 0.1446503242652131
11 0.33653846153846156 0.14587861496746696 0.06971153846153846 0.1830978775589368
12 0.18629807692307693 0.08785845718666097 0.06009615384615385 0.12294578304152373
9 0.23918269230769232 0.80029116811012 0.08173076923076923 0.1519178033980107
9 0.34375 0.324923197925561 0.0625 0.13497899897856933
7 0.35216346153846156 0.42823963445359386 0.057692307692307696 0.13495102864293976
7 0.17668269230769232 0.1540201670886894 0.0625 0.1421905374401078
8 0.15985576923076922 0.41493537095570066 0.0889423076923077 0.21205591274760904
10 0.4050480769230769 0.08418196076166831 0.04567307692307692 0.11324648741925034
10 0.4098557692307692 0.24400975965680796 0.05048076923076923 0.11327445775487995
10 0.2644230769230769 0.1679327853865262 0.052884615384615384 0.11088459676884864
10 0.2548076923076923 0.3410656491347085 0.052884615384615384 0.11569228907654096
10 0.2548076923076923 0.442027187596247 0.055288461538461536 0.11570627424435574
10 0.25 0.6740263117780304 0.06009615384615385 0.12054193688767775