2 0.22956730769230768 0.2931355703198408 0.08653846153846154 0.21204192757979418
6 0.2692307692307692 0.07896250735858895 0.06009615384615385 0.12775347534921608
6 0.1875 0.5289572338335228 0.07451923076923077 0.13745277097148956
1 0.3545673076923077 0.6589948800550098 0.06971153846153846 0.15905941602047535
1 0.4014423076923077 0.3330010154364675 0.0625 0.1421905374401078
5 0.47596153846153844 0.4239136290803626 0.06971153846153846 0.18309787755893675
4 0.4855769230769231 0.26279999610141114 0.04807692307692308 0.110856626433219
4 0.24519230769230768 0.7834292821136599 0.06009615384615385 0.12294578304152391
4 0.3125 0.33952808203023027 0.052884615384615384 0.1132884429226948
4 0.3870192307692308 0.5422195418279716 0.06009615384615385 0.11573424457998517
4 0.45072115384615385 0.6692527810347256 0.0625 0.11815207590164625
4 0.5132211538461539 0.1724949359023102 0.055288461538461536 0.10368704347512497
1 0.4026442307692308 0.1539074843910216 0.0673076923076923 0.15183389239112197
1 0.6370192307692307 0.5407650843752327 0.07211538461538461 0.1446503242652131
11 0.6574519230769231 0.1464154412180378 0.06971153846153846 0.18309787755893675
12 0.8088942307692307 0.08664014487647484 0.06009615384615385 0.12294578304152377
9 0.7548076923076923 0.7996951957676923 0.08173076923076923 0.1519178033980107
9 0.6490384615384616 0.325550927766928 0.0625 0.13497899897856933
7 0.6418269230769231 0.4289582678857571 0.057692307692307696 0.13495102864293976
7 0.8173076923076923 0.15269696601989227 0.0625 0.1421905374401078
8 0.8341346153846154 0.4134163775374964 0.0889423076923077 0.21205591274760904
10 0.5889423076923077 0.08551594157768255 0.04567307692307692 0.11324648741925038
10 0.5841346153846154 0.24660160422100444 0.05048076923076923 0.11327445775487995
10 0.7307692307692307 0.16882543206122497 0.052884615384615384 0.11088459676884857
10 0.7391826923076923 0.33944956089695005 0.052884615384615384 0.11569228907654096
10 0.7391826923076923 0.44041109935848854 0.055288461538461536 0.1157062742443556
10 0.7451923076923077 0.6735492133620284 0.06009615384615385 0.12054193688767775