2 0.2289116075153111 0.2978374830460853 0.08536531015231745 0.21251745642167783
6 0.2649055652126874 0.0798558512461555 0.058433521586491906 0.12807515693090876
6 0.1918346006674375 0.5362657927948963 0.07289855401301318 0.1354545230867128
1 0.36446479972943646 0.6640735384125898 0.06823071338346888 0.15943704206041895
1 0.40460914684720967 0.33305519481713536 0.05853141776119541 0.14490208000783183
5 0.48086173707032576 0.4235202532683946 0.06837056506161687 0.18347550359888076
4 0.4883242071973812 0.25996081531853454 0.04872024079640379 0.1111363487244752
4 0.2570329367005438 0.7927360922734281 0.06080939740470848 0.12329543590559393
4 0.3145138641653307 0.34251757944475725 0.05355590343972567 0.11599998359692275
4 0.39382061084568104 0.5447335127674849 0.05836359574741797 0.11605592616167798
4 0.4630714401244806 0.6713401773735692 0.060781427069078776 0.11848774359790162
4 0.5118312323588804 0.1683349486486046 0.053499962768466386 0.10638459898153813
1 0.4011564131072538 0.15279470456105143 0.06578491172617837 0.15219753231650307
1 0.647405402324728 0.5381767732458781 0.07295449468427233 0.14506990770209754
11 0.6583050183136258 0.13898446965433978 0.06837056506161687 0.1834755035988807
12 0.809390704226656 0.07592420194147358 0.06080939740470862 0.12329543590559403
9 0.7727068847878956 0.7951497137418928 0.08262581997091609 0.15479717744699265
9 0.6545532061759505 0.3205307968344796 0.06328316939762857 0.13534263795720244
7 0.6491519455912788 0.42516803273273135 0.056071630936090106 0.1352587241100696
7 0.8205856114499633 0.14070217732462048 0.058517432593380755 0.1424982338539857
8 0.8437516027102988 0.4036715896293759 0.08776915630616354 0.21254542770405543
10 0.5882438506567174 0.07969948299713654 0.04392653365652613 0.11348425231356615
10 0.5867840033303698 0.24198706966412953 0.048748211132033356 0.1159440410321675
10 0.7317481925162667 0.15976596092643813 0.05112408695024966 0.11116432000685282
10 0.7459762784450857 0.33268904195028437 0.05355590343972567 0.11599998359692275
10 0.7477725711541375 0.4348385178475571 0.05355590343972567 0.11599998359692275
10 0.7587445170475575 0.6678997096411236 0.05839156608304755 0.1208636184693703