2 0.7728365384615384 0.30199415316292755 0.08413461538461539 0.21202794241197948
6 0.7355769230769231 0.08346092326405688 0.057692307692307696 0.1301433363352474
6 0.8112980769230769 0.5409530827855831 0.07211538461538461 0.13503493964982846
1 0.6394230769230769 0.6717607145920333 0.0673076923076923 0.15904543085266043
1 0.5973557692307693 0.34027468579802306 0.06009615384615385 0.14458039842613915
5 0.5204326923076923 0.4320683650142504 0.0673076923076923 0.18548773854496814
4 0.5120192307692307 0.26865577464006374 0.04807692307692308 0.110856626433219
4 0.7475961538461539 0.7997371512711369 0.06009615384615385 0.12294578304152391
4 0.6862980769230769 0.34817069612733714 0.052884615384615384 0.11569228907654096
4 0.6081730769230769 0.5529521371582411 0.06009615384615385 0.11813809073383133
4 0.5396634615384616 0.681956483671732 0.06009615384615385 0.12054193688767775
4 0.4879807692307692 0.17624754939513476 0.055288461538461536 0.10609088962897112
1 0.5985576923076923 0.15877730859873104 0.06490384615384616 0.15422375337715336
1 0.35336538461538464 0.5508287957158403 0.07211538461538461 0.1446503242652131
11 0.3401442307692308 0.14946340644651399 0.0673076923076923 0.18548773854496814
12 0.18870192307692307 0.08784447201884617 0.06009615384615385 0.12534962919536993
9 0.22956730769230768 0.8111644164736871 0.08173076923076923 0.15432164955185684
9 0.3449519230769231 0.3321277438031921 0.0625 0.13738284513241547
7 0.35096153846153844 0.4366600885759628 0.055288461538461536 0.13493704347512497
7 0.1778846153846154 0.15401317450478197 0.06009615384615385 0.14458039842613915
8 0.15625 0.41976404101511516 0.08653846153846154 0.21204192757979426
10 0.4110576923076923 0.08895469014982364 0.04326923076923077 0.11563634840528174
10 0.41346153846153844 0.25120032036662426 0.04807692307692308 0.11566431874091124
10 0.2668269230769231 0.17152456944948066 0.052884615384615384 0.11088459676884864
10 0.2536057692307692 0.3458803340263082 0.052884615384615384 0.11569228907654096
10 0.25240384615384615 0.44805078814867716 0.055288461538461536 0.11811012039820189
10 0.24158653846153846 0.6836906444807668 0.057692307692307696 0.12052795171986283