2 0.22721687790727463 0.306631037648682 0.08659608823384482 0.2120279424119794
6 0.2670218799882523 0.08809780774981135 0.05920275694069847 0.1301433363352474
6 0.18597219684916425 0.5455899672713376 0.07368177642853063 0.13503493964982846
1 0.35633674760077344 0.6763975990777878 0.06915379694461439 0.15904543085266043
1 0.4022640922611909 0.34491157028377756 0.06177443078881021 0.14458039842613915
5 0.4781242604539188 0.43670524950000483 0.06946148105076808 0.18548773854496814
4 0.4884397691940576 0.2732926591258182 0.04936360206629304 0.11085662643321907
4 0.24666720707049453 0.8043740357568911 0.06152268924741184 0.12294578304152391
4 0.3132238850805616 0.3528075806130916 0.05422723693874058 0.11569228907654096
4 0.388971326078465 0.5575890216439956 0.06146674668265653 0.11813809073383133
4 0.45598447785587837 0.6865933681574865 0.061494717965034286 0.12054193688767775
4 0.513555125104057 0.18088443388088923 0.05651919796307626 0.10609088962897112
1 0.4031740010037772 0.16341419308448552 0.066694008226013 0.15422375337715336
1 0.6438349609509125 0.5542637571246717 0.07379366155804098 0.1446503242652131
11 0.661713333312938 0.15410029093226846 0.06946148105076808 0.18548773854496814
12 0.8138828943470635 0.09248135650460063 0.061550660529789525 0.12534962919536993
9 0.764598153736019 0.8158013009594414 0.08352093130293607 0.15432164955185684
9 0.6547798235445476 0.3367646282889466 0.06409436309552365 0.13738284513241547
7 0.6475534573765062 0.4412969730617172 0.0568548533516077 0.13493704347512483
7 0.823930991773987 0.15865005899053644 0.06177443078881048 0.14458039842613915
8 0.8424887660970656 0.4231990024239465 0.08899993438769098 0.21204192757979412
10 0.5914991538339167 0.09359157463557811 0.04461185232335597 0.11563634840528174
10 0.587207246119582 0.2558372048523787 0.04941954463104828 0.1156643187409113
10 0.7347788994638472 0.17616145393523513 0.054171294373985344 0.11088459676884857
10 0.7459721353376245 0.35051721851206263 0.05422723693874058 0.11569228907654096
10 0.7459852789134994 0.45268767263443155 0.0566590543749645 0.11811012039820176
10 0.7540614009328015 0.6883275289665213 0.059090871811188134 0.12052795171986283