2 0.23608119047340517 0.2919056769072881 0.08776915630616361 0.21204192757979426
6 0.2744999720763498 0.07773261394603628 0.06083736774033806 0.12775347534921605
6 0.19658635230387062 0.5277203478370627 0.07531638533467419 0.13745277097148956
1 0.36441585164208473 0.6577579940585496 0.07063455953731503 0.15905941602047535
1 0.4081939383262568 0.33177112202391473 0.06332512490107306 0.1421905374401078
5 0.48324460547244974 0.42268373566781 0.07077441121546303 0.1830978775589369
4 0.4931179143372587 0.26036118702802796 0.04872024079640379 0.11085662643321893
4 0.25576108778454676 0.7821923961171999 0.06080939740470848 0.12294578304152391
4 0.3204815240465017 0.33708927295684715 0.053541918271910745 0.1132884429226948
4 0.39498057841915973 0.5397877253384958 0.060767441901264124 0.11573424457998531
4 0.4618275615441132 0.6668069793774352 0.06318527322292493 0.11815207590164625
4 0.5190357782365115 0.17006311941283442 0.055889823754497754 0.10368704347512497
1 0.4083539664009775 0.15267759097846892 0.06818875788002451 0.15183389239112202
1 0.6461894940799902 0.5395281983787726 0.07295449468427233 0.1446503242652131
11 0.6643216262821484 0.14397663214465464 0.07077441121546303 0.1830978775589368
12 0.8142263668699778 0.08541025146392214 0.06080939740470862 0.12294578304152377
9 0.7654813611585424 0.7972563866943093 0.08261183480310144 0.1519178033980107
9 0.6581589754067197 0.3243070491865605 0.06328316939762857 0.13497899897856933
7 0.650339883500387 0.42651945881237385 0.058475477089936265 0.13495102864293976
7 0.8242193510163621 0.15025815694650912 0.06332512490107306 0.1421905374401078
8 0.8425636648011905 0.41097756846411326 0.09017300246000969 0.21205591274760904
10 0.5954623817021631 0.08427905558122248 0.04633037981037242 0.11324648741925034
10 0.5903827799772318 0.24416978773152873 0.051138072118064586 0.11327445775488001
10 0.7365698699917735 0.1663936155717492 0.05352793310409582 0.11088459676884857
10 0.7471921866898236 0.3394145979774131 0.05355590343972567 0.11569228907654096
10 0.747779563738045 0.44037613643895157 0.05595974959357182 0.11570627424435574
10 0.7539298321559578 0.6711173968725527 0.0607954122368937 0.12054193688767775