2 0.7640340051657325 0.2808686133056908 0.09143175182391489 0.2144597589014552
6 0.7206791764187409 0.06668855776053155 0.06635835283748183 0.1253775995309995
6 0.808898441095801 0.521497969127065 0.07611359386475414 0.13745277097148956
1 0.6409517221392267 0.6515216301807374 0.0715856143808383 0.16146326217432153
1 0.5878408102996484 0.32190801116361095 0.0641782769426565 0.14459438359395393
5 0.5156003969788785 0.41402954046833657 0.07186532720461422 0.18550172371278292
4 0.5016651333667816 0.24929615309080105 0.04939157334867052 0.11326047258706516
4 0.7529971375409742 0.7783668709771411 0.06392653540125792 0.12295976820933856
4 0.6780409836336344 0.3272401472643581 0.056631083092586736 0.1157062742443556
4 0.6059412687900666 0.5347392993697917 0.06387059283650268 0.11815207590164625
4 0.5413319631664995 0.662960476485654 0.06389856411888044 0.1205559220554924
4 0.4741599169441249 0.15779616239868444 0.05892304411692241 0.1061048747967859
1 0.5857149928389502 0.13921570347130324 0.06909785437985914 0.15423773854496814
1 0.35111959084118555 0.5320549485045002 0.07622547899426489 0.14706815558687417
11 0.32723160309454463 0.13170268254659726 0.07186532720461422 0.18550172371278295
12 0.17390207590706247 0.07192039362112689 0.06395450668363561 0.12536361436318472
9 0.23519206164614886 0.7945838365438216 0.08592477745678223 0.15433563471967177
9 0.3365549733755924 0.31323502266542624 0.06409436309552365 0.13738284513241547
7 0.3461851856974799 0.41785127844508574 0.059286670787831335 0.1373548747967859
7 0.1650559015570621 0.13797022218063695 0.0641782769426565 0.14459438359395393
8 0.15130581954167582 0.4022954029290103 0.0938355979777609 0.21447374406926997
10 0.39621588821426534 0.06960825241322634 0.04701569847720212 0.11565033357309652
10 0.4029256277236349 0.23309776121039436 0.05182339078489443 0.11567830390872616
10 0.254194008226013 0.15531459646670748 0.054171294373985344 0.11088459676884857
10 0.24540461850608183 0.329530509365387 0.056631083092586736 0.11570627424435574
10 0.24779532108405325 0.43170096348775605 0.05906290052881044 0.11812410556601668
10 0.24331098265433151 0.6660340079843117 0.06152268924741184 0.12294578304152391