2 0.2283653846153846 0.3016826923076923 0.08413461538461539 0.21153846153846154
6 0.2644230769230769 0.08413461538461539 0.057692307692307696 0.12980769230769232
6 0.18990384615384615 0.5420673076923077 0.07211538461538461 0.1346153846153846
1 0.36177884615384615 0.671875 0.0673076923076923 0.15865384615384615
1 0.40384615384615385 0.3401442307692308 0.06009615384615385 0.14423076923076922
5 0.4807692307692308 0.43149038461538464 0.0673076923076923 0.18509615384615385
4 0.4879807692307692 0.26802884615384615 0.04807692307692308 0.11057692307692307
4 0.25240384615384615 0.7992788461538461 0.06009615384615385 0.12259615384615384
4 0.3137019230769231 0.3485576923076923 0.052884615384615384 0.11538461538461539
4 0.3918269230769231 0.5528846153846154 0.06009615384615385 0.11778846153846154
4 0.46033653846153844 0.6802884615384616 0.06009615384615385 0.1201923076923077
4 0.5132211538461539 0.17548076923076922 0.055288461538461536 0.10576923076923077
1 0.4014423076923077 0.15865384615384615 0.06490384615384616 0.15384615384615385
1 0.6466346153846154 0.5480769230769231 0.07211538461538461 0.14423076923076922
11 0.6598557692307693 0.14783653846153846 0.0673076923076923 0.18509615384615385
12 0.8125 0.08533653846153846 0.06009615384615385 0.125
9 0.7704326923076923 0.8088942307692307 0.08173076923076923 0.15384615384615385
9 0.6550480769230769 0.33052884615384615 0.0625 0.13701923076923078
7 0.6490384615384616 0.43509615384615385 0.055288461538461536 0.1346153846153846
7 0.8233173076923077 0.15144230769230768 0.06009615384615385 0.14423076923076922
8 0.8449519230769231 0.41586538461538464 0.08653846153846154 0.21153846153846154
10 0.5901442307692307 0.08774038461538461 0.04326923076923077 0.11538461538461539
10 0.5865384615384616 0.25 0.04807692307692308 0.11538461538461539
10 0.734375 0.16947115384615385 0.052884615384615384 0.11057692307692307
10 0.7475961538461539 0.34375 0.052884615384615384 0.11538461538461539
10 0.7487980769230769 0.44591346153846156 0.055288461538461536 0.11778846153846154
10 0.7584134615384616 0.6802884615384616 0.057692307692307696 0.1201923076923077