2 0.22061461583782707 0.29927884615384615 0.08776915630616368 0.21153846153846154
6 0.25431821143417443 0.08413461538461539 0.06083736774033806 0.12740384615384615
6 0.184374314993393 0.5372596153846154 0.07531638533467419 0.13701923076923078
1 0.35552907885093094 0.6610576923076923 0.07063455953731503 0.15865384615384615
1 0.39469766964226605 0.3329326923076923 0.06332512490107306 0.14182692307692307
5 0.4699013722792724 0.421875 0.07077441121546303 0.18269230769230768
4 0.4768479939074792 0.2608173076923077 0.04872024079640379 0.11057692307692307
4 0.25021356468053163 0.7896634615384616 0.06080939740470848 0.12259615384615384
4 0.3056924286947918 0.34375 0.05354191827191088 0.11298076923076923
4 0.38506050592000984 0.5432692307692307 0.060767441901264124 0.11538461538461539
4 0.45284289257825583 0.6682692307692307 0.06318527322292493 0.11778846153846154
4 0.4990140456690568 0.16947115384615385 0.055889823754497754 0.10336538461538461
1 0.3897229566759456 0.15504807692307693 0.06818875788002451 0.15144230769230768
1 0.6363113770842848 0.5348557692307693 0.07295449468427233 0.14423076923076922
11 0.6446145599905267 0.140625 0.07077441121546303 0.18269230769230768
12 0.7928286979830647 0.07572115384615384 0.06080939740470862 0.12259615384615384
9 0.7598359418798236 0.7884615384615384 0.08261183480310144 0.15144230769230768
9 0.6411688188344782 0.31971153846153844 0.06328316939762857 0.1346153846153846
7 0.6369616873876728 0.4230769230769231 0.058475477089936265 0.1346153846153846
7 0.8044703292212959 0.140625 0.06332512490107306 0.14182692307692307
8 0.8294022387896056 0.40024038461538464 0.09017300246000969 0.21153846153846154
10 0.5740437350635277 0.08173076923076923 0.04633037981037228 0.11298076923076923
10 0.5731137214038438 0.24158653846153846 0.051138072118064586 0.11298076923076923
10 0.716618063263393 0.15985576923076922 0.05352793310409582 0.11057692307692307
10 0.7324450468415582 0.3317307692307692 0.05355590343972567 0.11538461538461539
10 0.7342615159471827 0.4326923076923077 0.05595974959357182 0.11538461538461539
10 0.7461470862670236 0.6622596153846154 0.06079541223689343 0.1201923076923077