2 0.2194546482643484 0.2946406656710475 0.09018698762782461 0.21497724514027922
6 0.2615856905669721 0.07756810054838997 0.06083736774033806 0.12810312821328634
6 0.1772117246192063 0.5309440000244744 0.07531638533467419 0.13788634052293658
1 0.3447117711586233 0.6651135282524454 0.07064854470512981 0.16186885949664287
1 0.3935027391492504 0.33633204518188564 0.06333911006888784 0.14495802257258708
5 0.4686784714506272 0.43096314057678026 0.07078839638327782 0.1859073210351044
4 0.47924484747741797 0.26761348724475226 0.04873422596421843 0.11354019487832136
4 0.23340761935533075 0.7888268492630754 0.06321324355855464 0.12332340718797169
4 0.3033165528765752 0.3424946605542638 0.05595974959357175 0.11602795487930037
4 0.3778489674584714 0.5477026790260815 0.060781427069078776 0.11848774359790162
4 0.4420046071342259 0.6770636728810462 0.06318527322292493 0.11851571488027937
4 0.5062185915466879 0.17657501750475207 0.05590380892231268 0.10641257026391575
1 0.39576054239619063 0.15485564620768982 0.06818875788002451 0.1522255035988807
1 0.6302528136123176 0.5506396636757304 0.07537232600593341 0.1475017251383212
11 0.6542019742702816 0.15305486675559032 0.07078839638327795 0.18590732103510443
12 0.8059939111579594 0.09472090369922573 0.06321324355855477 0.12332340718797165
9 0.7489207380128124 0.8140574585638414 0.08502966612476225 0.15482514872937012
9 0.6447326325618031 0.3344473518826533 0.06329715456544321 0.13774648411104862
7 0.6369197318842283 0.4377288226509051 0.05848946225775119 0.13769054154629337
7 0.8152177110745297 0.16214048113642848 0.06332512490107306 0.1425541764187409
8 0.8305132582757325 0.4255574339592255 0.09018698762782461 0.21497724514027922
10 0.5848470575880206 0.09094562264356278 0.04633037981037228 0.11351222359594376
10 0.5790953664528296 0.2531492954634229 0.05115205728587951 0.11597201231454513
10 0.7273864228683488 0.1767445293296458 0.05352793310409582 0.11119229128923044
10 0.734792952324145 0.34991935189489054 0.05595974959357182 0.11602795487930037
10 0.7341985826920163 0.45208281343335205 0.055973734761386465 0.11843180103314652
10 0.7388446442146889 0.6865277416392961 0.06080939740470862 0.12329543590559393