7 0.811995674851889 0.151368594689924 0.06893002668559343 0.1398146616218912
7 0.6357020543015411 0.4268039702995664 0.05445100719776127 0.1349230583073102
9 0.7552065393796552 0.796514591057413 0.0739614892523067 0.15907340118829
9 0.641670554827904 0.32707232525058055 0.06406639181314616 0.13497899897856933
11 0.6498059876732177 0.14441498047780985 0.06697372104978919 0.1782622149156149
8 0.8342011753293033 0.4123327466442871 0.08167651079664204 0.20238458746096527
12 0.8018916348602102 0.09000758451168048 0.06401044924839064 0.130171306670877
10 0.5820236256304201 0.08151640319508814 0.04936360206629304 0.110856626433219
10 0.7410080747809134 0.6738275336204629 0.059034929246432895 0.11572025941217053
10 0.7340919189149677 0.44180043910304995 0.06378667898936968 0.11094053744010779
10 0.7340647896979042 0.340831908057604 0.054171294373985344 0.11088459676884864
10 0.7216976020295813 0.164065304743023 0.05422723693874058 0.11569228907654096
1 0.39361455895314784 0.15855056010553403 0.054618834892026985 0.14934613523038703
1 0.6331295383881154 0.5445854392541205 0.05937058463496433 0.14456641325832437
3 0.5461698234833615 0.7868844199190641 0.06912582566223677 0.15664158469881456
3 0.3939485302110511 0.3364491606579642 0.05937058463496406 0.14456641325832437
2 0.21776932098615567 0.2921520200543459 0.08408035695048827 0.20239857262878005
6 0.4222098133232173 0.07698062030463496 0.05433912206825106 0.12530767369192553
6 0.19564436609461813 0.43746583843561243 0.07365380514615302 0.13263109349598232
4 0.23960951066203287 0.791110926407293 0.0638426215541252 0.1157482297478001
4 0.30254643380014196 0.3407254165886942 0.04936360206629304 0.11085662643321907
4 0.5040516256181828 0.17121310859424543 0.044471995911467874 0.10361711763605097
4 0.47653242355433734 0.2636073486713596 0.04452793847622311 0.10842480994374327
4 0.37953775479853485 0.5419080809727365 0.05422723693874058 0.11569228907654096
4 0.4441190891397244 0.6733022884722586 0.05422723693874058 0.11569228907654096