7 0.17966079181559344 0.15264423076923078 0.07133387283943972 0.13942307692307693
7 0.3582883303138435 0.4230769230769231 0.05445100719776141 0.1346153846153846
9 0.24716933549181325 0.7896634615384616 0.07636533540615285 0.15865384615384615
9 0.35113189235174624 0.3245192307692308 0.06406639181314602 0.1346153846153846
11 0.3394186615580411 0.14423076923076922 0.06934959592125758 0.17548076923076922
8 0.16223501236349394 0.4110576923076923 0.08408035695048827 0.20192307692307693
12 0.18856290873034906 0.09134615384615384 0.06398247796601317 0.12740384615384615
10 0.40598511488272676 0.08052884615384616 0.04936360206629304 0.11057692307692307
10 0.2577900021421637 0.6694711538461539 0.059034929246432895 0.11538461538461539
10 0.26233028313664064 0.43990384615384615 0.06375870770699234 0.10817307692307693
10 0.2599675518410468 0.3401442307692308 0.0565751405278315 0.11057692307692307
10 0.26993089335552345 0.16346153846153846 0.05422723693874058 0.11538461538461539
1 0.5931503015595095 0.15504807692307693 0.054618834892026985 0.14903846153846154
1 0.36325070673992665 0.5396634615384616 0.06177443078881021 0.14423076923076922
3 0.45377423395188327 0.7788461538461539 0.07152967181608307 0.15625
3 0.5964081138911868 0.3317307692307692 0.06177443078881035 0.14423076923076922
2 0.7689395969617465 0.2848557692307692 0.08648420310433434 0.20192307692307693
6 0.5633671097537059 0.07451923076923077 0.05433912206825106 0.125
6 0.7946563354428644 0.42908653846153844 0.07365380514615302 0.13221153846153846
4 0.7566588493364986 0.7788461538461539 0.0638426215541252 0.11538461538461539
4 0.6877822390197181 0.33413461538461536 0.051767448220138915 0.11057692307692307
4 0.4839291436125863 0.16826923076923078 0.046875842065314026 0.10336538461538461
4 0.5138521918302781 0.2608173076923077 0.04452793847622311 0.10817307692307693
4 0.6155846246878288 0.5336538461538461 0.056631083092586736 0.11538461538461539
4 0.5522052134235623 0.6646634615384616 0.05419926565636297 0.11298076923076923