7 0.18470371382755332 0.1381030812748775 0.07136184412181727 0.14223249294355217
7 0.34970030455860407 0.4203320430219133 0.05445100719776127 0.1349230583073102
9 0.2156409773295154 0.7849614593445295 0.07879715284237662 0.16150521767776602
9 0.3484712522646174 0.31935651939256 0.06409436309552365 0.13738284513241547
11 0.34577539177643446 0.13783816444154579 0.06937756720363535 0.17827620008342968
8 0.15162075276650597 0.39874557436950026 0.08410832823286585 0.2048024187826261
12 0.19742222665622428 0.07807685326779763 0.06401044924839078 0.130171306670877
10 0.4174161066567137 0.07575072689208229 0.04936360206629304 0.110856626433219
10 0.23388045016650766 0.6636651247500024 0.059034929246432895 0.11572025941217053
10 0.25101674148021247 0.4305759588338143 0.06378667898936996 0.11094053744010779
10 0.25339345841699507 0.3296214129561832 0.0565751405278315 0.11089858193666344
10 0.2746661312613296 0.15425252506793236 0.05425520822111814 0.11809613523038703
1 0.6027771456201408 0.15736342355157515 0.057022681045873144 0.1493601203982019
1 0.34714177428636706 0.5369115888995443 0.061802402071187965 0.14698424457998532
3 0.4248175496376972 0.7825723997136477 0.07393351796992907 0.15666955503444385
3 0.5946976553395825 0.33521307601665357 0.0641782769426565 0.14459438359395393
2 0.7718418738065053 0.29657752431257955 0.0865121743867121 0.204816403950441
6 0.5772858615286718 0.07547881747484317 0.05433912206825106 0.12530767369192553
6 0.7893803804534293 0.4421220979627903 0.07608562258237693 0.13504892481764338
4 0.7311820634823825 0.795172816302342 0.06627443899034911 0.1181660610694609
4 0.6859598953386036 0.3429560508551543 0.051795419502516676 0.11327445775487988
4 0.49207435177251846 0.1675374135244022 0.046875842065314026 0.10363110280386575
4 0.5150219332982533 0.2614272652025502 0.046931784630069126 0.10843879511155799
4 0.6007055865935699 0.5419927933347746 0.05665905437496436 0.11811012039820176
4 0.5318874450374866 0.6714089009436525 0.05422723693874058 0.11569228907654096