7 0.8263513497649639 0.15745192307692307 0.07136184412181734 0.14182692307692307
7 0.6504535374944728 0.43149038461538464 0.0568548533516077 0.1346153846153846
9 0.7725775478014636 0.8040865384615384 0.07879715284237676 0.16105769230769232
9 0.6553023446604176 0.3317307692307692 0.06409436309552337 0.13701923076923078
11 0.6627779261739152 0.14783653846153846 0.06937756720363535 0.1778846153846154
8 0.8498329118518156 0.41947115384615385 0.0865121743867121 0.20432692307692307
12 0.8148067887308384 0.09495192307692307 0.06401044924839064 0.12980769230769232
10 0.5935130861651043 0.0829326923076923 0.04936360206629304 0.11057692307692307
10 0.7579298585540517 0.6814903846153846 0.059034929246432895 0.11538461538461539
10 0.7492070287788084 0.4483173076923077 0.06378667898936996 0.11057692307692307
10 0.7492341579958719 0.3473557692307692 0.05660311181020898 0.11298076923076923
10 0.7351310666895094 0.16826923076923078 0.0566590543749645 0.11778846153846154
1 0.40570624412426476 0.15985576923076922 0.05705065232825076 0.15144230769230768
1 0.6482183611002064 0.5492788461538461 0.061802402071187965 0.1466346153846154
3 0.562101152928037 0.7920673076923077 0.0739614892523067 0.15865384615384615
3 0.40657419594328464 0.33774038461538464 0.06420624822503412 0.1466346153846154
2 0.22934606362922894 0.29086538461538464 0.08651217438671197 0.20432692307692307
6 0.4336013743695799 0.078125 0.05674296822209708 0.125
6 0.20821577339272454 0.4375 0.07608562258237679 0.1346153846153846
4 0.2544088452357293 0.7920673076923077 0.0662744389903489 0.11778846153846154
4 0.31406807594377406 0.34134615384615385 0.05179541950251681 0.11298076923076923
4 0.5164370092542646 0.17307692307692307 0.046875842065314026 0.10336538461538461
4 0.4886817354208375 0.2668269230769231 0.046931784630069265 0.10817307692307693
4 0.392138817509647 0.5432692307692307 0.05665905437496422 0.11778846153846154
4 0.4585950698354503 0.6766826923076923 0.05422723693874058 0.11538461538461539