7 0.8190139405327265 0.1513895724416462 0.06895799796797118 0.14221850777573739
7 0.6479937487758713 0.4304237246981504 0.05445100719776154 0.1349230583073102
9 0.7773153119032118 0.8025451841937505 0.07636533540615285 0.15908738635610467
9 0.6504247241467811 0.3294831639883341 0.06409436309552365 0.13738284513241547
11 0.6554964595064328 0.14563088872254773 0.06697372104978919 0.1782622149156149
8 0.8473311662096479 0.4159594936267785 0.08410832823286594 0.2048024187826261
12 0.8074833651397898 0.0900285622634027 0.06401044924839064 0.130171306670877
10 0.5850436820618876 0.08152339577899556 0.04936360206629304 0.110856626433219
10 0.7602637765019539 0.6798581267568006 0.059034929246432895 0.11572025941217053
10 0.7467192687778295 0.445420193501634 0.06378667898936996 0.11094053744010779
10 0.7455304892767811 0.3432567319631724 0.054171294373985344 0.11088459676884864
10 0.7278356143808382 0.16528121298776086 0.05425520822111807 0.11809613523038703
1 0.3972508256622368 0.15855056010553403 0.05464680617440475 0.15174998138423318
1 0.6481764041766399 0.5494071167296275 0.05939855591734154 0.1469702594121705
3 0.5656929365176174 0.79410295096451 0.06915379694461439 0.15904543085266043
3 0.4017525179944034 0.33885300681181035 0.05937058463496406 0.14456641325832437
2 0.22336441952699118 0.29454887362428467 0.08408035695048827 0.20239857262877992
6 0.42394403283062887 0.07698062030463496 0.05433912206825106 0.12530767369192553
6 0.20343605236740986 0.4410576224985669 0.07368177642853063 0.13503493964982846
4 0.2568686339543307 0.798315472284924 0.06387059283650275 0.11815207590164625
4 0.30926038363608177 0.34312227015863306 0.049391573348670656 0.11326047258706523
4 0.5079676051510479 0.17121310859424543 0.04449996719384549 0.10602096378989713
4 0.48383208618957874 0.26601818740911315 0.04452793847622311 0.10842480994374327
4 0.39095088007391265 0.5467087806965213 0.054255208221118206 0.1180961352303871
4 0.4597969929123734 0.679311903856874 0.05422723693874058 0.11569228907654096