7 0.8164196341514528 0.1573991878262616 0.06811883204095072 0.1398146616218912
7 0.6429433324366585 0.43163963294288826 0.05366778478224395 0.1349230583073102
9 0.7634067481910558 0.7989394149629814 0.07303840569116132 0.15907340118829
9 0.6471294861317418 0.33190099530999506 0.06087932324378242 0.13496501381075454
11 0.6553969047632974 0.15045256619805483 0.06352091725048034 0.17584438359395393
8 0.8389476975659164 0.4171544241197942 0.0805016771733662 0.20238458746096527
12 0.8059589482384223 0.09603817764801807 0.06085135290815284 0.13015732150306222
10 0.5872509037418667 0.08755398891533314 0.04872024079640379 0.110856626433219
10 0.7484879991657032 0.6774542806029544 0.05836359574741797 0.11572025941217053
10 0.740215190660539 0.44662910916246445 0.060725486397819634 0.10852270611844685
10 0.7396006446318373 0.34566057811701856 0.05352793310409609 0.11088459676884864
10 0.7261984849592407 0.17009589787936055 0.05355590343972567 0.11569228907654089
1 0.40049830886480886 0.1645951384096864 0.05375169578913267 0.14934613523038703
1 0.6398612056437947 0.5482121862366119 0.05853141776119541 0.14456641325832437
3 0.555516011386808 0.790518159485463 0.0682027430478393 0.15423773854496814
3 0.4018742451842675 0.3412918158851935 0.05853141776119541 0.14456641325832437
2 0.22664520897416462 0.2970016678654826 0.08290552332721209 0.20239857262878
6 0.4286180353397428 0.08302519860878732 0.05361184411098481 0.1253076736919255
6 0.20417148352066145 0.4411065705859186 0.07287058367738361 0.13022724734213617
4 0.2501995795127169 0.7935497354806761 0.06317128805511021 0.1157482297478001
4 0.3105001210024841 0.3455680718159236 0.04872024079640379 0.11085662643321907
4 0.5098103756096424 0.17604877123756732 0.043856607817452195 0.10121327148220474
4 0.48282264637255756 0.2696449343916046 0.04388457815308177 0.10602096378989713
4 0.387464352073856 0.5455418205391352 0.05355590343972567 0.11569228907654096
4 0.4528079296587188 0.6769360280386574 0.05355590343972567 0.11569228907654096