7 0.8121301944080573 0.13830885201635235 0.07053666336261152 0.14223249294355217
7 0.6454972282731577 0.42053781376338806 0.05366778478224395 0.1349230583073102
9 0.7774306660886992 0.7851672300860044 0.07786008316666827 0.16150521767776574
9 0.6461117743018593 0.3195692827179422 0.06329715456544321 0.13738284513241547
11 0.6498565938556271 0.13684900469000494 0.0683425947259873 0.17827620008342968
8 0.8424937389621164 0.3989583376948825 0.08291950849502701 0.2048024187826261
12 0.7985594113665335 0.07828961659317987 0.063255199061999 0.130171306670877
10 0.5785865105378883 0.07596349021746453 0.04872024079640379 0.110856626433219
10 0.7586955689602057 0.6638778880753846 0.05836359574741797 0.11572025941217053
10 0.7429159307590935 0.4307887221591965 0.06314331771948044 0.11094053744010779
10 0.7411336232178564 0.33103609935848854 0.055931779257942245 0.11089858193666344
10 0.7208749441526996 0.1544652883933146 0.05356988860754031 0.11809613523038703
1 0.39396585239743753 0.15877111736997307 0.05615554194297896 0.1493601203982019
1 0.6473774319890985 0.5371173596410191 0.06094924908285648 0.14698424457998532
3 0.5670731498754384 0.7827851630390299 0.0730244205233464 0.15666955503444385
3 0.40100337761644045 0.3354188467581284 0.06333911006888772 0.14459438359395393
2 0.22288800696288094 0.2967902876379618 0.0853233546488731 0.204816403950441
6 0.41992567180013474 0.07568458821631802 0.05361184411098481 0.12530767369192553
6 0.20450334038490686 0.4423348612881725 0.07530240016685934 0.13504892481764338
4 0.2618476215921435 0.7953785870438167 0.06558911937677123 0.1181660610694609
4 0.3096991792737309 0.3431618215966291 0.051138072118064586 0.11327445775487988
4 0.5033967930686967 0.16775017684978444 0.04627443913911314 0.10363110280386575
4 0.4811056761519353 0.261633035944025 0.046302409474742706 0.10843879511155806
4 0.39259071743312834 0.5422055566601569 0.055973734761386465 0.11811012039820176
4 0.46185553187974276 0.6716146716851275 0.05355590343972567 0.11569228907654096