7 0.1821205805341948 0.15745192307692307 0.06893002668559357 0.13942307692307693
7 0.3607341333912561 0.4266826923076923 0.054423035915383784 0.13221153846153846
9 0.24838524420992514 0.7908653846153846 0.07636533540615285 0.15865384615384615
9 0.3523757723522357 0.328125 0.06406639181314602 0.1346153846153846
11 0.3418644646354536 0.14783653846153846 0.06934959592125758 0.17548076923076922
8 0.1658827385178296 0.41466346153846156 0.08405238566811064 0.19951923076923078
12 0.19102269744895045 0.09615384615384616 0.06398247796601317 0.12740384615384615
10 0.4072429805244051 0.08533653846153846 0.04933563078391542 0.10817307692307693
10 0.26020783393719865 0.6706730769230769 0.05900695796405527 0.11298076923076923
10 0.2647481149316756 0.4411057692307692 0.06375870770699234 0.10817307692307693
10 0.2623993692772706 0.3425480769230769 0.0565751405278315 0.11057692307692307
10 0.27118875899720174 0.16826923076923078 0.05422723693874058 0.11538461538461539
1 0.5944081672011877 0.15985576923076922 0.0545908636096495 0.1466346153846154
1 0.36568252417615044 0.5420673076923077 0.05937058463496406 0.14423076923076922
3 0.4549901426699951 0.7800480769230769 0.0715017005337053 0.15384615384615385
3 0.5964360851735643 0.33413461538461536 0.061746459506432726 0.14182692307692307
2 0.7689815538853129 0.28846153846153844 0.08645623182195686 0.19951923076923078
6 0.5646249753953841 0.07932692307692307 0.054311150785873306 0.12259615384615384
6 0.7934823836483189 0.43149038461538464 0.07365380514615302 0.13221153846153846
4 0.7554569262595756 0.7788461538461539 0.0638426215541252 0.11538461538461539
4 0.6866222728663616 0.33774038461538464 0.04936360206629304 0.11057692307692307
4 0.48517302361307585 0.171875 0.0468478707829364 0.10096153846153846
4 0.5138941487538445 0.2644230769230769 0.04449996719384549 0.10576923076923077
4 0.6156125959702065 0.5360576923076923 0.056631083092586736 0.11538461538461539
4 0.5534211221416742 0.6658653846153846 0.05419926565636297 0.11298076923076923