7 0.1773663045953156 0.14783653846153846 0.07136184412181734 0.14182692307692307
7 0.3435368471209118 0.43149038461538464 0.05688282463398518 0.13701923076923078
9 0.20823363989133364 0.8004807692307693 0.07879715284237662 0.16105769230769232
9 0.34110587175000207 0.33052884615384615 0.06409436309552365 0.13701923076923078
11 0.34084182869804286 0.1466346153846154 0.06940553848601283 0.18028846153846154
8 0.14424138661070188 0.41225961538461536 0.08654014566908959 0.20673076923076922
12 0.19009880306517538 0.08653846153846154 0.06401044924839078 0.12980769230769232
10 0.4124825435783222 0.08413461538461539 0.051795419502516676 0.11298076923076923
10 0.22648709836951472 0.6778846153846154 0.05906290052881044 0.11778846153846154
10 0.24483929840133142 0.44350961538461536 0.06378667898936996 0.11057692307692307
10 0.24723000097930287 0.34134615384615385 0.05660311181020912 0.11298076923076923
10 0.2685166594648262 0.16466346153846154 0.05665905437496429 0.11778846153846154
1 0.5990315199774835 0.1658653846153846 0.0570506523282509 0.15144230769230768
1 0.34095034556629716 0.5504807692307693 0.061802402071187965 0.1466346153846154
3 0.4198140583533616 0.796875 0.0739614892523067 0.15865384615384615
3 0.5909380440557364 0.3449519230769231 0.06420624822503412 0.1466346153846154
2 0.7704861086765054 0.30528846153846156 0.0865121743867121 0.20432692307692307
6 0.5735542215272033 0.0829326923076923 0.0567709395044747 0.12740384615384615
6 0.7880106296822406 0.4519230769230769 0.07608562258237665 0.1346153846153846
4 0.7285824183518931 0.8076923076923077 0.06627443899034911 0.11778846153846154
4 0.6834022071316805 0.35216346153846156 0.051795419502516676 0.11298076923076923
4 0.4883287261298612 0.17668269230769232 0.04690381334769164 0.10576923076923077
4 0.510074384578673 0.2704326923076923 0.046931784630069265 0.10817307692307693
4 0.5981199271042692 0.5540865384615384 0.05665905437496436 0.11778846153846154
4 0.5268839537531511 0.6850961538461539 0.05422723693874058 0.11538461538461539