7 0.8301800183136258 0.1514594982807202 0.06813281720876538 0.14221850777573736
7 0.6563285211332802 0.430486657953317 0.05366778478224395 0.1349230583073102
9 0.7834892295606664 0.802608117448917 0.07544225184500747 0.15908738635610467
9 0.6605488363927511 0.3295530898274081 0.06329715456544321 0.13738284513241547
11 0.6666905095164577 0.1457008145616217 0.06593874857214115 0.1782622149156149
8 0.8569587713886379 0.4160294194658525 0.08291950849502701 0.20480241878262623
12 0.8178041657651176 0.09009149551856926 0.063255199061999 0.130171306670877
10 0.596608364107827 0.08159332161806954 0.04872024079640379 0.110856626433219
10 0.7683529090790346 0.6799280525958745 0.05836359574741797 0.11572025941217053
10 0.7561720475247845 0.445490119340708 0.06314331771948044 0.11094053744010779
10 0.7543757548157325 0.343319665218339 0.05352793310409582 0.11088459676884864
10 0.7389177754743605 0.16535113882683486 0.05356988860754031 0.1180961352303871
1 0.40715903590796176 0.15861349336070063 0.053765680956947594 0.15174998138423326
1 0.6558188638631895 0.5494700499847942 0.05854540292901033 0.1469702594121705
3 0.5719088125187604 0.7941658842196766 0.06823071338346888 0.15904543085266043
3 0.41061176964791773 0.33891594006697695 0.05853141776119541 0.14456641325832437
2 0.23247542124263593 0.2946118068794512 0.08290552332721216 0.20239857262878
6 0.4355296940484126 0.07705054614370893 0.05361184411098481 0.12530767369192553
6 0.21169390109472316 0.4411205557537335 0.07289855401301318 0.13503493964982846
4 0.26304954466906655 0.7983784055400907 0.06318527322292507 0.11815207590164625
4 0.31929358613739345 0.343192195997707 0.04873422596421843 0.11326047258706523
4 0.5190078079008819 0.17128303443331944 0.0438845781530819 0.10602096378989706
4 0.4931179143372587 0.26608112066427975 0.043898563320896554 0.1084248099437432
4 0.39980225589466684 0.5467787065355952 0.05356988860754031 0.1180961352303871
4 0.46667720935524987 0.6793748371120406 0.05355590343972567 0.11569228907654096