11 0.2705383824214527 0.22789239901090744 0.07790203867011271 0.1691643118053142
2 0.7721458753650049 0.303435949848177 0.08044573650210679 0.19323074462615336
1 0.6470751481707815 0.08324542880573021 0.05609960127171968 0.14006641641776188
6 0.7288408803210876 0.09020606779118426 0.055973734761386465 0.11843180103314652
4 0.6870820476758548 0.34931796932377196 0.05106814627899052 0.1015489353914682
6 0.8615163333859628 0.7912217621676171 0.08252792379621245 0.13797025437006957
4 0.7545731498754384 0.7947847324095059 0.0631433177194807 0.11130417641874092
3 0.6577060601630377 0.6710697272682478 0.07049470785916703 0.1354265518043352
3 0.610158970752778 0.34842288828768847 0.056071630936090106 0.1352587241100696
5 0.5228870892591891 0.427930782634752 0.06832860955817238 0.1762639651373423
4 0.5495749387434051 0.6770225580227938 0.05834961057960305 0.11365208000783156
4 0.6053450872163277 0.5538818062355907 0.051138072118064586 0.11356816616069897
4 0.5743312323588804 0.18094999700090553 0.04626045397129835 0.10149299282671297
4 0.502928289946901 0.09599022878615071 0.039062900677574675 0.10381292513342633
4 0.513550606644951 0.2691790369925843 0.04867828529295929 0.10392481026293673
4 0.36082326622398087 0.45969656722810964 0.048706255628588865 0.10873250257062904
1 0.36493949407999016 0.5474789087670607 0.060907293579411985 0.14012235898251701
8 0.16347013375574468 0.41653753745776123 0.07566601453004405 0.1979824943690904
12 0.19044227511471584 0.09475780823090789 0.053583873775355235 0.12080767590461505
9 0.35289848420388775 0.337016499534823 0.06085135290815284 0.13050697436713238
9 0.16548319656592597 0.5559746000220269 0.07289855401301325 0.1354545230867128
7 0.1812044900303307 0.15954976925524364 0.058517432593380686 0.1424982338539857
7 0.14813962363500485 0.6735532769426565 0.07052267819479667 0.14023424411202748
10 0.2690078079008819 0.171388028754334 0.04621849846785399 0.0942814543651745
10 0.2591974322912396 0.3443390810605579 0.05347199243283681 0.10157690667384582
10 0.2539298321559578 0.6783897825980403 0.060767441901264124 0.11608389744405546
10 0.2609937250002915 0.4465165282402082 0.053499962768466455 0.10638459898153813
10 0.40916430477908616 0.09249550261957787 0.046260453971298486 0.101492992826713
10 0.41609694123947816 0.2512192769793681 0.04628842430692806 0.10630068513440527
10 0.4383616905309088 0.5663608790334238 0.05111010178243502 0.10876047385300666