11 0.72590479643513 0.2121156405821779 0.07549819251626662 0.16870277097148947
2 0.21582790128185694 0.29440741923583785 0.07805587551607542 0.19515906383161197
1 0.33852974524177115 0.06940696038399193 0.05609960127171968 0.13881392076798385
6 0.2555620900145419 0.07543365655080109 0.05598771992920139 0.12051396655204802
4 0.30329557512485306 0.3407719606105977 0.05108213144680551 0.10365907313949527
6 0.13240412539034793 0.7924720762037872 0.08254190896402744 0.13989857262877992
4 0.24175814763862571 0.7954415202989834 0.06314331771948065 0.11094053744010779
3 0.33865320768665613 0.6674782674325453 0.06809086170532087 0.1350069693141989
3 0.3814275677087604 0.3391155195796938 0.05608561610390503 0.13734088962897112
5 0.4723192036009334 0.41670908320273153 0.06593874857214115 0.1782622149156149
4 0.44799324476711916 0.6728515576815876 0.05836359574741797 0.11572025941217053
4 0.38983323530816516 0.5469922712161269 0.051138072118064586 0.11327445775487988
4 0.4148864228683489 0.16584979673727096 0.043856607817452334 0.10121327148220481
4 0.4851014273712199 0.07890576533218033 0.0390768858453896 0.10599299345426752
4 0.4792658252291401 0.2556164279755022 0.04869227046077421 0.1060489341255267
4 0.6367938653738953 0.44820302228434106 0.04872024079640351 0.11085662643321907
1 0.6350674985039172 0.5383542456374791 0.058517432593380755 0.14216256710447822
8 0.8389826604854532 0.4013551912648212 0.07327615354401254 0.19993878580367463
12 0.8048269510005732 0.07464189185896625 0.05359785894317016 0.12290382753807937
9 0.6447326325618031 0.3231610667808967 0.060865338075967765 0.1325611676569084
9 0.8393524660773959 0.54437704483476 0.07289855401301318 0.13503493964982846
7 0.8164685822388046 0.13947581217373842 0.056127571607349255 0.14455242809050955
7 0.8578839769174252 0.6644574711845492 0.07053666336261152 0.14223249294355228
10 0.726240440462685 0.1544233328898702 0.04382863748182276 0.0964055791745125
10 0.7396426001352817 0.32982019111375066 0.05348597760065187 0.10367305830731019
10 0.7508848527356419 0.66988750346 0.058377580915232624 0.11812410556601668
10 0.7390342453353381 0.43438749880605837 0.05351394793628117 0.1084807506150025
10 0.5824781743537114 0.07473359680491184 0.04387059298526698 0.10361711763605096
10 0.5779284062954434 0.23701418994124943 0.046302409474742706 0.10843879511155806
10 0.5604363863921681 0.5580185550705072 0.04872024079640379 0.11085662643321907