11 0.2715499030225772 0.22274116270082553 0.07306637602679075 0.16388109349598232
2 0.7686985314986574 0.30255916936156535 0.07802790518044571 0.1903513715239196
1 0.6509877897383268 0.08191498047780985 0.05369575511787353 0.13973075061500242
6 0.7314746803887286 0.08959502206114399 0.05355590343972567 0.11569228907654092
4 0.6818943517717149 0.3477287802433096 0.04866430012514437 0.10124124181783446
6 0.8427966045231455 0.788583617808562 0.08011009247455164 0.13507689515327298
4 0.7370133885861 0.790372116578557 0.0631433177194807 0.11094053744010779
3 0.6439836247285621 0.666028618110703 0.06807687653750623 0.13260312316035275
3 0.6061801905094685 0.3460863243802204 0.05366778478224395 0.1349230583073102
5 0.5167903574470872 0.4224919500941499 0.06350693208266542 0.1734405374401078
4 0.5369775079628712 0.6714158935275599 0.055931779257942245 0.1108985819366633
4 0.5953830592137336 0.5491553837089612 0.04872024079640379 0.11085662643321907
4 0.5759091522565042 0.17763528642939733 0.043856607817452195 0.10121327148220481
4 0.5078890177454066 0.09310209376206022 0.03904891550975989 0.10118530114657522
4 0.511696770554341 0.2650050640976898 0.046260453971298486 0.10122725665001961
4 0.35555085795780256 0.4528049438505585 0.04869227046077421 0.10604893412552677
1 0.3562423224094856 0.5405523210498505 0.05850344742556583 0.13975872095063208
8 0.1598961220239148 0.4071939988274988 0.07324818320838311 0.19513109349598232
12 0.19660492599014454 0.08888716837619794 0.053583873775355235 0.12049998138423322
9 0.34904557047091134 0.33136875757788337 0.05844750675430669 0.13014333633524744
9 0.15668113613681042 0.5466030905827609 0.07048072269135225 0.13261710832816753
7 0.18421508827382166 0.15251916561404702 0.0536957551178736 0.13973075061500245
7 0.13797400934394663 0.6630847402856884 0.06811883204095051 0.1398146616218912
10 0.2718785544662249 0.16625077808544092 0.04380066714619305 0.09159788686682013
10 0.2576644537052205 0.33684693658553644 0.05106814627899066 0.10125522698564911
10 0.2413044310397943 0.6696957178863401 0.05836359574741797 0.11572025941217053
10 0.2570700840730916 0.439010398123998 0.05109611661462023 0.10606291929334141
10 0.41295807242020577 0.08894391040260653 0.043856607817452334 0.10121327148220481
10 0.4156408205751984 0.24761873430817485 0.0438845781530819 0.10602096378989706
10 0.42824582568235176 0.5602026453150637 0.04869227046077421 0.10604893412552677