11 0.2717053425788388 0.2203233313791646 0.07790203867011264 0.16871675613930426
2 0.7757166816762372 0.29296476249790293 0.08045972166992171 0.19517304899942667
1 0.6506459544820137 0.07349452635544092 0.060907293579411985 0.13977270611844683
6 0.732397701464505 0.07757579129191322 0.058377580915232624 0.11812410556601664
4 0.6906528539870872 0.3393432890404776 0.053485977600651595 0.10367305830731019
6 0.8651011248650098 0.7826509208469279 0.08254190896402737 0.13989857262877992
4 0.7581579413544854 0.7868362731868619 0.06554716387332686 0.11095452260792243
3 0.6612838590581773 0.662478789551193 0.07049470785916703 0.13502095448201382
3 0.6137297770640102 0.3388957636704042 0.056071630936090106 0.13493704347512483
5 0.5252559724934982 0.41890715861510286 0.0683425947259873 0.17827620008342968
4 0.5519508145616216 0.6690540028771582 0.05834961057960305 0.11331641325832437
4 0.6089158935275599 0.5443896469047134 0.051138072118064586 0.11327445775487988
4 0.5766931230092822 0.17041675538395146 0.046260453971298486 0.10122725665001961
4 0.5064921036742258 0.08587657013270697 0.039062900677574675 0.10358914730042136
4 0.514717566802337 0.2601973717899975 0.04867828529295929 0.10364508797168054
4 0.36319914204219744 0.4528189290183733 0.048706255628588865 0.10845278027937291
1 0.36731536989820673 0.5405802913854801 0.06092127874722691 0.142176552272293
8 0.1646370939131308 0.409597844981345 0.07566601453004405 0.19754892481764338
12 0.19159525010428707 0.0852464362258917 0.053597858943170026 0.12290382753807935
9 0.35286352128435083 0.3289649114240372 0.063255199061999 0.130171306670877
9 0.1654552262302964 0.550222844981345 0.07289855401301318 0.13503493964982846
7 0.1823644576038094 0.15129626478540176 0.058517432593380686 0.14216256710447822
7 0.1493205689602057 0.6691153334220259 0.07292652434864283 0.13984263195752078
10 0.2701677754743606 0.1626240311029495 0.04621849846785399 0.09401571818848115
10 0.2615593229416413 0.33564501350861337 0.053485977600651595 0.10367305830731019
10 0.2539088544042356 0.6733294574527389 0.060781427069078915 0.11813809073383133
10 0.26336260823460067 0.43901739070790546 0.05351394793628124 0.1084807506150025
10 0.411526195429488 0.08292030985017636 0.04627443913911314 0.10363110280386575
10 0.4184658244737874 0.2428110420004826 0.046302409474742706 0.10843879511155806
10 0.44073756634912536 0.5590356851576777 0.05111010178243502 0.10846676544718757