11 0.734375 0.21928522354027197 0.07692307692307693 0.16871675613930426
2 0.234375 0.2919056769072881 0.07932692307692307 0.19276920284558066
1 0.35697115384615385 0.07244243334873349 0.055288461538461536 0.13974473578281724
6 0.2764423076923077 0.07892055185514456 0.055288461538461536 0.11811012039820186
4 0.31850961538461536 0.3382911960337702 0.05048076923076923 0.10125522698564911
6 0.14783653846153846 0.779187989102467 0.08173076923076923 0.13749472647493377
4 0.2536057692307692 0.7833803340263081 0.0625 0.11094053744010779
3 0.35096153846153844 0.6602177808836551 0.06971153846153846 0.13502095448201382
3 0.3954326923076923 0.33784367066369675 0.055288461538461536 0.13493704347512497
5 0.4831730769230769 0.4166601351153798 0.0673076923076923 0.1758723539295835
4 0.4579326923076923 0.6668069793774352 0.057692307692307696 0.11331641325832437
4 0.4014423076923077 0.5433375538980059 0.05048076923076923 0.11327445775487988
4 0.43149038461538464 0.17056658545416709 0.04567307692307692 0.10122725665001961
4 0.5012019230769231 0.08602640020292261 0.038461538461538464 0.10358914730042136
4 0.49158653846153844 0.2591592639511049 0.04807692307692308 0.10364508797168047
4 0.6454326923076923 0.45057190551865023 0.04807692307692308 0.10845278027937291
1 0.6418269230769231 0.5383332678857571 0.06009615384615385 0.13977270611844672
8 0.8425480769230769 0.4085597371424523 0.07451923076923077 0.19754892481764338
12 0.8137019230769231 0.08661217454084523 0.052884615384615384 0.12049998138423322
9 0.6538461538461539 0.3279268035851446 0.06009615384615385 0.13015732150306222
9 0.8425480769230769 0.5479828140655292 0.07211538461538461 0.13503493964982846
7 0.8233173076923077 0.1514600800234322 0.057692307692307696 0.14216256710447822
7 0.859375 0.6656733794292872 0.06971153846153846 0.13982864678970613
10 0.7355769230769231 0.16278784634097995 0.04567307692307692 0.09401571818848115
10 0.7463942307692307 0.33580183616273646 0.052884615384615384 0.10126921215346403
10 0.7548076923076923 0.66988750346 0.06009615384615385 0.11573424457998545
10 0.7451923076923077 0.4391742133620285 0.052884615384615384 0.10607690446115633
10 0.5961538461538461 0.083070139920392 0.04567307692307692 0.10122725665001961
10 0.5889423076923077 0.24176594157768255 0.04567307692307692 0.10603494895771184
10 0.5697115384615384 0.556781669074047 0.05048076923076923 0.10846676544718771