11 0.7223557692307693 0.20973976476396136 0.07692307692307693 0.16871675613930426
2 0.22355769230769232 0.29918014862399317 0.07932692307692307 0.19276920284558052
1 0.3389423076923077 0.07495116826119061 0.055288461538461536 0.13974473578281724
6 0.25841346153846156 0.08263120984452477 0.055288461538461536 0.11811012039820186
4 0.3112980769230769 0.3431408438449069 0.05048076923076923 0.10125522698564925
6 0.15384615384615385 0.7887684107983145 0.08173076923076923 0.13749472647493377
4 0.2608173076923077 0.7893479939074791 0.0625 0.11094053744010779
3 0.35216346153846156 0.6626146344535938 0.06971153846153846 0.13502095448201382
3 0.38822115384615385 0.3402894723209873 0.055288461538461536 0.13493704347512497
5 0.47836538461538464 0.4142842592971632 0.0673076923076923 0.1758723539295835
4 0.46033653846153844 0.6667929942096203 0.057692307692307696 0.11331641325832437
4 0.4014423076923077 0.5433375538980059 0.05048076923076923 0.11327445775487988
4 0.41586538461538464 0.16945556596804018 0.04567307692307692 0.10122725665001961
4 0.4831730769230769 0.08372744280768744 0.038461538461538464 0.10358914730042136
4 0.48197115384615385 0.25681135846851794 0.04807692307692308 0.10364508797168054
4 0.640625 0.4433883373927413 0.04807692307692308 0.10845278027937291
1 0.640625 0.5311287220081259 0.06009615384615385 0.13977270611844672
8 0.8377403846153846 0.3929627074780819 0.07451923076923077 0.19754892481764325
12 0.796875 0.07348891686939496 0.052884615384615384 0.1204999813842332
9 0.6442307692307693 0.3207712057948653 0.06009615384615385 0.13015732150306222
9 0.8413461538461539 0.5335667297263597 0.07211538461538461 0.13503493964982846
7 0.8088942307692307 0.13712091410724406 0.057692307692307696 0.1421625671044782
7 0.8605769230769231 0.6512433099223027 0.06971153846153846 0.13982864678970613
10 0.7211538461538461 0.15325637273248413 0.04567307692307692 0.09401571818848115
10 0.7379807692307693 0.32503347655778053 0.052884615384615384 0.10126921215346403
10 0.7572115384615384 0.6578542875229545 0.06009615384615385 0.11573424457998545
10 0.7391826923076923 0.42839186858925776 0.052884615384615384 0.10607690446115633
10 0.578125 0.07836733637131067 0.04567307692307692 0.10122725665001961
10 0.5769230769230769 0.2370281751090642 0.04567307692307692 0.10603494895771191
10 0.5685096153846154 0.5519809693502622 0.05048076923076923 0.10846676544718771