11 0.27163461538461536 0.22438121449846646 0.07692307692307693 0.17112060229315035
2 0.78125 0.2923298204601911 0.08173076923076923 0.19759088032108768
1 0.65625 0.07089128175401521 0.057692307692307696 0.14178256350803042
6 0.7379807692307693 0.07383155348085747 0.057692307692307696 0.12052795171986282
4 0.6947115384615384 0.3397082865015238 0.052884615384615384 0.10367305830731019
6 0.8689903846153846 0.7858097464503356 0.08173076923076923 0.13989857262877992
4 0.7596153846153846 0.7900518408166781 0.06490384615384616 0.11335836876176887
3 0.6622596153846154 0.6668201631901005 0.06971153846153846 0.13502095448201382
3 0.6165865384615384 0.3401628044555047 0.055288461538461536 0.13734088962897112
5 0.5264423076923077 0.42241801747932883 0.0673076923076923 0.17827620008342968
4 0.5540865384615384 0.6746610342033048 0.057692307692307696 0.11331641325832437
4 0.6105769230769231 0.548130459682734 0.052884615384615384 0.1132884429226948
4 0.5805288461538461 0.1709014281265728 0.04567307692307692 0.10122725665001961
4 0.5096153846153846 0.08597745211557083 0.038461538461538464 0.10599299345426752
4 0.5180288461538461 0.2614092732589883 0.04807692307692308 0.10604893412552677
4 0.3629807692307692 0.4570228550445812 0.04807692307692308 0.11085662643321907
1 0.36658653846153844 0.5459441849851666 0.06009615384615385 0.14217655227229287
8 0.1622596153846154 0.41612330886480886 0.07451923076923077 0.19995277097148956
12 0.19110576923076922 0.08903240992795446 0.055288461538461536 0.12291781270589416
9 0.3545673076923077 0.333273726208856 0.0625 0.13257515282472318
9 0.1622596153846154 0.5591521550186551 0.07211538461538461 0.13743878580367477
7 0.1814903846153846 0.15639604290690595 0.057692307692307696 0.14456641325832437
7 0.1466346153846154 0.6782334432248358 0.07211538461538461 0.14224647811136693
10 0.2704326923076923 0.16669589939006618 0.04567307692307692 0.09401571818848115
10 0.25961538461538464 0.3410376787990789 0.052884615384615384 0.10367305830731019
10 0.25240384615384615 0.681223865071754 0.06009615384615385 0.11813809073383133
10 0.2608173076923077 0.4455979939074792 0.052884615384615384 0.1084807506150025
10 0.41346153846153844 0.08413301267431653 0.04567307692307692 0.10363110280386573
10 0.41947115384615385 0.24515574206247187 0.04807692307692308 0.10845278027937286
10 0.43990384615384615 0.5647484065975845 0.05048076923076923 0.11087061160103372