11 0.27524038461538464 0.2251589940224865 0.07211538461538461 0.1686887858036747
2 0.7800480769230769 0.3074228023405169 0.07692307692307693 0.1927552176777658
1 0.6598557692307693 0.08316585164208472 0.052884615384615384 0.13973075061500245
6 0.7415865384615384 0.08965096273240317 0.055288461538461536 0.11811012039820186
4 0.6923076923076923 0.35258542063835374 0.05048076923076923 0.10125522698564911
6 0.859375 0.8006727744168666 0.08173076923076923 0.13989857262877992
4 0.7512019230769231 0.80364921109597 0.0625 0.11094053744010779
3 0.65625 0.6768948738903625 0.0673076923076923 0.1350069693141989
3 0.6153846153846154 0.35093597219135714 0.052884615384615384 0.1349230583073102
5 0.5252403846153846 0.42853652839830225 0.0625 0.1782482297478001
4 0.546875 0.6822681641394047 0.057692307692307696 0.11331641325832437
4 0.6057692307692307 0.5576108007508671 0.04807692307692308 0.11085662643321907
4 0.5829326923076923 0.18007409550278047 0.04326923076923077 0.10121327148220474
4 0.5132211538461539 0.0943319871746129 0.038461538461538464 0.10358914730042136
4 0.5192307692307693 0.26864579624799606 0.04807692307692308 0.10364508797168047
4 0.36177884615384615 0.4600374600638192 0.04807692307692308 0.11085662643321907
1 0.3629807692307692 0.5489867603400342 0.057692307692307696 0.13975872095063208
8 0.1622596153846154 0.4132036142121142 0.07211538461538461 0.19753493964982846
12 0.1971153846153846 0.08888716837619794 0.052884615384615384 0.12049998138423322
9 0.3545673076923077 0.3361974276372978 0.06009615384615385 0.13015732150306222
9 0.16105769230769232 0.5550235447051298 0.06971153846153846 0.13502095448201382
7 0.18629807692307693 0.1537280812748775 0.052884615384615384 0.1421345967688486
7 0.14182692307692307 0.6739020479779961 0.0673076923076923 0.1398146616218912
10 0.27524038461538464 0.1686686094071019 0.04326923076923077 0.09400173302066636
10 0.2608173076923077 0.34166162147713625 0.052884615384615384 0.10126921215346403
10 0.24759615384615385 0.6793250876695395 0.057692307692307696 0.11572025941217053
10 0.2608173076923077 0.4462289291694439 0.052884615384615384 0.10607690446115633
10 0.4182692307692308 0.09017380381515921 0.04326923076923077 0.10121327148220478
10 0.421875 0.2512524738745737 0.04326923076923077 0.10602096378989706
10 0.4362980769230769 0.5686440771891548 0.04807692307692308 0.11085662643321907