11 0.2704326923076923 0.21837859169775847 0.07211538461538461 0.16868878580367463
2 0.7728365384615384 0.293580691624466 0.07692307692307693 0.19275521767776588
1 0.6526442307692307 0.07072225770751352 0.052884615384615384 0.13973075061500245
6 0.7331730769230769 0.0774652930472563 0.055288461538461536 0.11811012039820186
4 0.6850961538461539 0.33976422717278293 0.05048076923076923 0.10125522698564911
6 0.8509615384615384 0.7835107890551005 0.07932692307692307 0.13748074130711913
4 0.7439903846153846 0.7865369751767051 0.0625 0.11094053744010779
3 0.6490384615384616 0.6620893893053896 0.0673076923076923 0.1350069693141989
3 0.6081730769230769 0.33900982946593344 0.052884615384615384 0.1349230583073102
5 0.5192307692307693 0.41765228067508087 0.0625 0.1782482297478001
4 0.5408653846153846 0.6687283372416708 0.057692307692307696 0.11331641325832437
4 0.5985576923076923 0.5445946162910388 0.04807692307692308 0.11085662643321907
4 0.5769230769230769 0.16972048280137192 0.04326923076923077 0.10121327148220481
4 0.5072115384615384 0.08478951420646255 0.038461538461538464 0.10358914730042136
4 0.5132211538461539 0.2578314743638486 0.04807692307692308 0.10364508797168054
4 0.3557692307692308 0.44985327208648707 0.04807692307692308 0.10845278027937291
1 0.35697115384615385 0.5387885871948873 0.057692307692307696 0.13975872095063208
8 0.15745192307692307 0.4065358945850539 0.07211538461538461 0.19753493964982846
12 0.1935096153846154 0.08300880937552427 0.052884615384615384 0.12049998138423322
9 0.34975961538461536 0.3272920811598702 0.06009615384615385 0.13015732150306222
9 0.15625 0.5471678871689613 0.06971153846153846 0.13502095448201368
7 0.1814903846153846 0.1479825813684444 0.052884615384615384 0.14213459676884857
7 0.13701923076923078 0.6650682300499413 0.0673076923076923 0.1398146616218912
10 0.2704326923076923 0.1606862840054508 0.04326923076923077 0.09400173302066636
10 0.25600961538461536 0.3338471180892626 0.052884615384615384 0.10126921215346403
10 0.24278846153846154 0.6704624980507055 0.057692307692307696 0.11572025941217053
10 0.25600961538461536 0.4372125027046472 0.052884615384615384 0.10607690446115633
10 0.41225961538461536 0.08173615910437779 0.04326923076923077 0.10121327148220481
10 0.41586538461538464 0.24157095058342484 0.04326923076923077 0.10602096378989706
10 0.43028846153846156 0.5575928088073052 0.04807692307692308 0.10845278027937291