11 0.734403771690779 0.20727298535494862 0.07309434636242046 0.16868878580367463
2 0.22885566684405192 0.2895437862568863 0.07804189034826063 0.1927552176777658
1 0.3489632621743214 0.0687815248018545 0.05850344742556583 0.137563049603709
6 0.2672534706952744 0.07176495406486529 0.055973734761386604 0.11811012039820186
4 0.3168617696479176 0.33470640455472317 0.05106814627899066 0.10125522698564925
6 0.1535976262460852 0.7827867657493288 0.08254190896402744 0.13989857262877992
4 0.26179168092088434 0.7857632024284322 0.06314331771948065 0.11094053744010779
3 0.3560093826875306 0.6590088652228245 0.06809086170532087 0.1350069693141989
3 0.3949797770640103 0.3330499635238192 0.05366778478224395 0.1349230583073102
5 0.48557852578722194 0.41065051973076433 0.06353490241829499 0.1782482297478001
4 0.46421742253014453 0.6643891480557742 0.05834961057960305 0.11331641325832437
4 0.40579788611146744 0.5397247920833294 0.04872024079640379 0.11085662643321907
4 0.42523683014915975 0.16219507941914996 0.043856607817452334 0.10121327148220481
4 0.4944518951532729 0.0764529710909824 0.039062900677574675 0.10358914730042136
4 0.4906581275121533 0.25075978758045814 0.04867828529295929 0.10364508797168054
4 0.6492288640142602 0.4421514513962813 0.04872024079640351 0.11085662643321907
1 0.6485443921464846 0.5311007516724964 0.05850344742556611 0.13975872095063208
8 0.8484823765950098 0.39531760554457623 0.0732621683761979 0.19753493964982846
12 0.8105366866323199 0.07100815229256742 0.053583873775355235 0.12049998138423322
9 0.6557201663333365 0.31831141896976 0.06085135290815284 0.13015732150306222
9 0.8505094245730059 0.537137536037592 0.07049470785916703 0.13502095448201382
7 0.8229335169325502 0.1358420726073396 0.05370974028568845 0.14213459676884857
7 0.8704324596106076 0.6560160393104582 0.06811883204095046 0.1398146616218912
10 0.7340751202471313 0.15078260073956398 0.043814652314007836 0.09400173302066636
10 0.7483032061759504 0.3237826053935057 0.05347199243283667 0.10126921215346403
10 0.7646911991770063 0.6614390790020015 0.05836359574741797 0.11572025941217053
10 0.7489115609758942 0.4283499130858134 0.05349996276846652 0.10607690446115633
10 0.5905847635553969 0.0722877951476213 0.043856607817452195 0.1012132714822048
10 0.587916000568219 0.2333664652070358 0.04388457815308177 0.10602096378989713
10 0.5753389657966952 0.5507580685216169 0.04872024079640379 0.11085662643321907