2 0.7355769230769231 0.6083188277921633 0.08653846153846154 0.20773773539636314
6 0.8521634615384616 0.7563100503720925 0.07932692307692307 0.14996151385692258
3 0.4543269230769231 0.38990195698475244 0.07692307692307693 0.14031815795916033
5 0.6141826923076923 0.2980120472628633 0.0673076923076923 0.1858793497527268
4 0.6947115384615384 0.2304394698378978 0.052884615384615384 0.12080767590461505
4 0.5348557692307693 0.3055024564828638 0.05048076923076923 0.11116432000685282
4 0.6382211538461539 0.5170417600866394 0.05048076923076923 0.11597201231454513
12 0.6574519230769231 0.7300059149610448 0.07211538461538461 0.14506990770209754
9 0.5276442307692307 0.13234161955880788 0.0625 0.14495802257258703
8 0.2848557692307692 0.3602857508079004 0.07451923076923077 0.20519403283062887
12 0.2283653846153846 0.04833034874894962 0.06009615384615385 0.09204543590559403
11 0.37740384615384615 0.28323764517943817 0.057692307692307696 0.17855592616167792
10 0.453125 0.29854181749740977 0.057692307692307696 0.1208636184693703
10 0.30408653846153844 0.05281721337461349 0.052884615384615384 0.09676921436615353
10 0.30288461538461536 0.20424553542573237 0.052884615384615384 0.11359613744307659
10 0.27403846153846156 0.6029483415756627 0.057692307692307696 0.11365208000783183