2 0.7486213159795068 0.6131964483057997 0.09377965541300554 0.2101975241149644
6 0.8633363047176876 0.7635495601160086 0.08589680617440475 0.15242130257552397
3 0.46598589543650115 0.38758202467803904 0.08097722873720195 0.14274997539538412
5 0.6271826020907674 0.2981239323923737 0.07189329848699198 0.18831116718895055
4 0.7081301754149636 0.2317672636855201 0.059090871811187856 0.1208636184693703
4 0.5479395928609772 0.30441241853545115 0.054171294373985344 0.11119229128923044
4 0.6501746667360108 0.5183136113695065 0.05422723693874058 0.11599998359692275
12 0.6682891108676178 0.7324377323972686 0.07625345027664238 0.14990557129216733
9 0.539916045145174 0.13126556725258404 0.06901394053272643 0.1474178112911884
8 0.29496317748370415 0.355547986706152 0.08173245336139728 0.20765382154923026
12 0.2420900215443354 0.04608034464818031 0.06591081231944006 0.08729368616265695
11 0.38902001952454374 0.2797297754369906 0.062194000024474366 0.18098774359790176
10 0.464922986706152 0.2962358708318852 0.059090871811188134 0.1208636184693703
10 0.3190550553909788 0.050581194915032976 0.06118703385888061 0.09444928205944018
10 0.3135637507956631 0.1983338195294386 0.05660311181020912 0.11362410872545421
10 0.2845811087988774 0.5993845292684598 0.061410804117901424 0.11368005129020932