2 0.2655225153068373 0.6036878448302744 0.0877411859705341 0.20723423527210194
6 0.1497890720820014 0.7496441795758721 0.08019400348144047 0.14949997207634988
3 0.5455278353713204 0.3913818017722978 0.07773421665633506 0.13987060229315035
5 0.38511965201186665 0.2954998650356908 0.06838455022943152 0.18548773854496814
4 0.3041922285752988 0.22652174652927973 0.053583873775355235 0.12049998138423326
4 0.46449552317614157 0.3043748371120406 0.05112408695024994 0.11087061160103386
4 0.3623538407445516 0.5141100133575429 0.05115205728587951 0.11567830390872604
12 0.34436075886539186 0.726738516630409 0.07295449468427233 0.1446503242652131
9 0.4707071221389221 0.13254179261548502 0.06333911006888772 0.14459438359395393
8 0.7148311672036967 0.3635216022570872 0.07570797003348854 0.2047604632791817
12 0.7695034800031577 0.05135025370073488 0.060641575390930916 0.0940996291953699
11 0.6218285723266389 0.2848581732962175 0.05872721011060268 0.1782202594121705
10 0.5461913294873738 0.2988407174331283 0.05839156608304755 0.12052795171986283
10 0.693803303908726 0.054515490145338026 0.05347199243283667 0.10126921215346397
10 0.6958932851418888 0.2071667134984762 0.053541918271910745 0.11328844292269473
10 0.7270679694292063 0.6075749201276384 0.05834961057960305 0.11331641325832437