2 0.7425557580301361 0.5912004029770676 0.08894399182293575 0.207737735396363
6 0.8608625303578974 0.737680334243292 0.08106114258433468 0.14996151385692258
3 0.45881631389852906 0.3805307353229399 0.07854541130097818 0.14031815795916033
5 0.6175672174753828 0.28371872196790593 0.06946148105076808 0.18587934975272694
4 0.6973128677226559 0.21547399170056375 0.05428317950349555 0.12080767590461505
4 0.5383381938867813 0.2930552358248285 0.05176744822013919 0.11116432000685282
4 0.6441510657102066 0.5021890091441299 0.05182339078489443 0.11597201231454513
12 0.665857293431394 0.7147056235004936 0.07379366155804125 0.14506990770209754
9 0.5291267087352439 0.12126414967196134 0.06417827694265636 0.14495802257258703
8 0.2890095046638439 0.35365655688440734 0.07689678977132736 0.20519403283062887
12 0.22891082462174797 0.0457281774225181 0.0635908800127267 0.0914563548450362
11 0.3806625005508374 0.27565658558979256 0.0597621825882506 0.17855592616167798
10 0.45655148209125684 0.28919856711797487 0.059090871811188134 0.1208636184693703
10 0.30465994975027944 0.047663504596539334 0.05403143796209731 0.09532700919307867
10 0.3052202174631456 0.19719677226657534 0.05419926565636297 0.11359613744307659
10 0.2810312821328634 0.5977728122704912 0.05900695796405527 0.11365208000783183