2 0.26904002264601024 0.6033653846153846 0.09377965541300567 0.2091346153846154
6 0.15780745856384143 0.7536057692307693 0.08589680617440461 0.15144230769230768
3 0.545326804154613 0.38341346153846156 0.08097722873720195 0.14182692307692307
5 0.38200428003964854 0.2920673076923077 0.07189329848699184 0.1875
4 0.29949031490230626 0.2247596153846154 0.059090871811188134 0.1201923076923077
4 0.4626170400406275 0.29927884615384615 0.054171294373985344 0.11057692307692307
4 0.3653328831464304 0.5120192307692307 0.05422723693874058 0.11538461538461539
12 0.3521973272780375 0.7259615384615384 0.07625345027664238 0.14903846153846154
9 0.4653968143759432 0.125 0.06901394053272643 0.1466346153846154
8 0.715636254406781 0.35216346153846156 0.08173245336139728 0.20673076923076922
12 0.7637246369289508 0.04326923076923077 0.06591081231943992 0.08653846153846154
11 0.6209911733706975 0.27524038461538464 0.062194000024474366 0.18028846153846154
10 0.5454518328599982 0.29086538461538464 0.059090871811188134 0.1201923076923077
10 0.6880454400063633 0.046875 0.05878318770503418 0.09375
10 0.6933714431033555 0.19471153846153846 0.05660311181020898 0.11298076923076923
10 0.7329124021323739 0.5973557692307693 0.06141080411790129 0.11298076923076923