2 0.7427139471809284 0.6112715929492037 0.0877691563061638 0.21204192757979412
6 0.8613694891239073 0.7609953277105904 0.08262581997091609 0.15432164955185684
3 0.455390597185997 0.3920592810561661 0.07773421665633506 0.13987060229315035
5 0.6170908058580206 0.2968494337298187 0.06839853539724644 0.18789158469881428
4 0.6984229978060681 0.22881531405090635 0.05598771992920139 0.12051396655204805
4 0.5366109077915262 0.3047943921464845 0.05112408695024994 0.11087061160103379
4 0.6424228954193508 0.5193450546387358 0.05115205728587951 0.11567830390872604
12 0.6629053371695443 0.734601166750485 0.0729824650199019 0.1494580165729054
9 0.528385444663415 0.130473590489194 0.06335309523670264 0.1469982297478001
8 0.2833477751722195 0.36221318771125427 0.07812580135514935 0.20717829460084267
12 0.22382341049617344 0.046973697529853 0.06303143637696228 0.09170976820933854
11 0.3766362646343312 0.2834316861791083 0.05875518044623226 0.18302795171986283
10 0.4536502451482043 0.2995042115491817 0.05839156608304755 0.12052795171986283
10 0.3007674651709725 0.05102699213069572 0.053444022097207236 0.09646151984577168
10 0.30045360025028905 0.2036642303160191 0.0535559034397256 0.11569228907654089
10 0.27397093976483583 0.6097464083022415 0.0583635957474179 0.11572025941217053