2 0.7379807692307693 0.5949519230769231 0.0889423076923077 0.2091346153846154
6 0.8581730769230769 0.7391826923076923 0.08173076923076923 0.15144230769230768
3 0.453125 0.38461538461538464 0.07932692307692307 0.13942307692307693
5 0.6117788461538461 0.28725961538461536 0.06971153846153846 0.18509615384615385
4 0.6911057692307693 0.21754807692307693 0.055288461538461536 0.1201923076923077
4 0.5324519230769231 0.296875 0.052884615384615384 0.11057692307692307
4 0.6394230769230769 0.5060096153846154 0.052884615384615384 0.11538461538461539
12 0.6622596153846154 0.71875 0.07451923076923077 0.1466346153846154
9 0.5228365384615384 0.125 0.06490384615384616 0.14423076923076922
8 0.28365384615384615 0.359375 0.07692307692307693 0.20673076923076922
12 0.22235576923076922 0.05048076923076923 0.06490384615384616 0.09134615384615384
11 0.375 0.2800480769230769 0.06009615384615385 0.18028846153846154
10 0.45072115384615385 0.2932692307692308 0.057692307692307696 0.1201923076923077
10 0.296875 0.051682692307692304 0.055288461538461536 0.09615384615384616
10 0.29927884615384615 0.203125 0.055288461538461536 0.11298076923076923
10 0.2764423076923077 0.6021634615384616 0.06009615384615385 0.11298076923076923