2 0.2593826811070592 0.601228058005169 0.09380762669538328 0.2120698979154237
6 0.14694819394796735 0.7508041471493508 0.08592477745678226 0.15433563471967177
3 0.5392332749228648 0.37931362291571524 0.08338107489104811 0.1423024187826261
5 0.3734929190128654 0.2858075619973248 0.07432511592321561 0.19032340118829008
4 0.2909789538755231 0.2180243739839294 0.059090871811188064 0.12052795171986283
4 0.45410567901384435 0.29348760358065895 0.05419926565636297 0.11328844292269473
4 0.3568494934020248 0.5080514498855757 0.054255208221118206 0.1180961352303871
12 0.3437279231748207 0.7231047770640102 0.07865729643048852 0.14948598690853496
9 0.4568854533491601 0.1192367277624424 0.06901394053272643 0.1470262000834297
8 0.7107446482519559 0.3490635624144732 0.08176042464377477 0.20959612592250373
12 0.7588610020565032 0.04287385890710676 0.06579892718992944 0.07730067645407643
11 0.6148836584977606 0.27038614828578883 0.06222197130685213 0.18304193688767761
10 0.5381563805513269 0.28676554599263837 0.06152268924741177 0.12294578304152377
10 0.6831818051339158 0.0460390953517099 0.05867130257552397 0.08447025941217051
10 0.6872639282304185 0.19028384975029392 0.056631083092586736 0.11570627424435574
10 0.7280487672599263 0.596743627267516 0.06143877540027905 0.11573424457998517