2 0.25252466453266115 0.6063541015032184 0.09377965541300567 0.2101975241149644
6 0.13660775271755718 0.7567211989546163 0.08589680617440468 0.15242130257552397
3 0.5339441763575549 0.38195558659356976 0.08097722873720195 0.14274997539538412
5 0.37274746970328854 0.29249749430790445 0.07189329848699184 0.18831116718895063
4 0.29179989637909237 0.22614082560105078 0.059090871811188064 0.1208636184693703
4 0.45200446457426763 0.2975840573740588 0.054171294373985344 0.11119229128923044
4 0.3497554050580452 0.5126871732850372 0.05422723693874058 0.11599998359692275
12 0.33164096092643813 0.7268112943127993 0.07625345027664238 0.14990557129216733
9 0.46001402664888186 0.12563912916811476 0.06901394053272643 0.1474178112911884
8 0.7049808799515407 0.34871962554475966 0.08173245336139728 0.20765382154923026
12 0.760285853327133 0.04143542764286941 0.06596675488419543 0.08287085528573881
11 0.610924037910701 0.2729014142755982 0.062194000024474366 0.18098774359790176
10 0.5350210707290928 0.28940750967049284 0.059090871811188134 0.1208636184693703
10 0.6845227425574129 0.04546076610930275 0.058839130269789694 0.0909215322186055
10 0.6863803066395816 0.19150545836804628 0.05660311181020898 0.11362410872545421
10 0.7165508860721018 0.5937441055428018 0.06141080411790129 0.11368005129020944