2 0.7296488146337482 0.6100347069527436 0.09015901729219504 0.20965206659376287
6 0.8429644265369232 0.7597374639624082 0.08261183480310144 0.1519178033980107
3 0.454479157212587 0.38967641265404207 0.08013806281018122 0.13988458746096527
5 0.6160682858972416 0.2992672650514796 0.07078839638327795 0.18550172371278292
4 0.6981906398268252 0.23243506844949038 0.05598771992920139 0.12051396655204805
4 0.536699407316874 0.3060172929751298 0.05352793310409609 0.11088459676884864
4 0.6352283279337875 0.5181361389779054 0.05355590343972567 0.11569228907654096
12 0.6496156405821778 0.7309674271840861 0.07537232600593341 0.1470681555868739
9 0.5328986470918472 0.13291239956257714 0.06574295622273386 0.14460836876176877
8 0.2851898105480255 0.35744045832309895 0.07812580135514942 0.2071782946008428
12 0.236513127965365 0.04705061595283438 0.06543528253080844 0.09172375337715334
11 0.379387335918099 0.2810628029447991 0.061145041432263486 0.18063809073383147
10 0.4550175861734566 0.2971283357309652 0.05839156608304755 0.12052795171986283
10 0.3122133040597967 0.0510969179697697 0.05826569957271433 0.09889333633524741
10 0.3065315387636796 0.20130933224952471 0.055945764425756966 0.11330242809050951
10 0.26934723909174674 0.6013469319315947 0.06075345673344927 0.11333039842613929