6 0.13942307692307693 0.7884615384615384 0.08173076923076923 0.1466346153846154
2 0.3317307692307692 0.7524038461538461 0.08653846153846154 0.21394230769230768
5 0.4050480769230769 0.3293269230769231 0.07451923076923077 0.18028846153846154
4 0.32211538461538464 0.25 0.052884615384615384 0.10817307692307693
4 0.3701923076923077 0.5504807692307693 0.06009615384615385 0.11298076923076923
4 0.4855769230769231 0.3389423076923077 0.052884615384615384 0.11298076923076923
8 0.6502403846153846 0.41346153846153844 0.08173076923076923 0.20432692307692307
12 0.8329326923076923 0.25600961538461536 0.06971153846153846 0.125
10 0.7403846153846154 0.0889423076923077 0.06009615384615385 0.10576923076923077
10 0.6514423076923077 0.18269230769230768 0.055288461538461536 0.11298076923076923
10 0.5721153846153846 0.34375 0.055288461538461536 0.11057692307692307
10 0.7451923076923077 0.6838942307692307 0.0625 0.125