6 0.8391558723728393 0.784754667635468 0.08016603314581079 0.1446922797686576
2 0.6506986897326753 0.7437851956166217 0.0877691563061638 0.2120419275797944
5 0.5966487169009725 0.32464269321411565 0.07555413318752577 0.17831815558687417
4 0.6812098799039392 0.2508359046482901 0.05351394793628117 0.1084807506150025
4 0.6206094586613033 0.5444477720289834 0.0607534567334492 0.11333039842613903
4 0.514875992166759 0.3323297273813572 0.05352793310409609 0.11088459676884864
8 0.3498139533455757 0.4017973267612861 0.08050167717336593 0.20238458746096527
12 0.17888295217307448 0.24053765087542872 0.06803492103406174 0.12539158469881428
10 0.2759668119866046 0.08012247493206763 0.06071150123000484 0.1061188599646007
10 0.36075093631945865 0.17457792455156543 0.055931779257942245 0.11089858193666344
10 0.4307273916143288 0.3352230544087212 0.05591779409012732 0.10849473578281714
10 0.24732803159222444 0.6644039345787385 0.06322722872636942 0.12536361436318472