6 0.1433123366734518 0.7776442307692307 0.08016603314581086 0.14423076923076922
2 0.3334259603445199 0.7415865384615384 0.08776915630616368 0.21153846153846154
5 0.41037861031352524 0.3233173076923077 0.07555413318752577 0.1778846153846154
4 0.32790742854372124 0.2439903846153846 0.05351394793628117 0.10817307692307693
4 0.3730482677346864 0.5420673076923077 0.0607534567334492 0.11298076923076923
4 0.4884546622261735 0.3317307692307692 0.05352793310409609 0.11057692307692307
8 0.6514826604854532 0.40625 0.08050167717336593 0.20192307692307693
12 0.8326731653479692 0.2512019230769231 0.07043876718790788 0.125
10 0.7422919880810362 0.08533653846153846 0.06071150123000498 0.10576923076923077
10 0.6540131745047819 0.1778846153846154 0.055931779257941974 0.11057692307692307
10 0.5737632303520823 0.33653846153846156 0.055931779257942245 0.11057692307692307
10 0.7448752373510265 0.6742788461538461 0.06322722872636942 0.125