6 0.14783653846153846 0.7809081647436869 0.08173076923076923 0.14470626493647223
2 0.3389423076923077 0.7459622932772709 0.08653846153846154 0.21444577373364054
5 0.41346153846153844 0.3245208334795296 0.07451923076923077 0.18072200174072017
4 0.33052884615384615 0.24711526826684221 0.052884615384615384 0.1084807506150025
4 0.3786057692307692 0.5442699716231382 0.06009615384615385 0.11333039842613915
4 0.49278846153846156 0.3345977286328025 0.052884615384615384 0.1132884429226948
8 0.65625 0.4100679508134395 0.08173076923076923 0.2048024187826261
12 0.8389423076923077 0.25488082356736397 0.06971153846153846 0.12540556986662907
10 0.7463942307692307 0.08967893306803276 0.06009615384615385 0.1061188599646007
10 0.6574519230769231 0.18050763570503914 0.055288461538461536 0.11089858193666344
10 0.578125 0.3399018943979201 0.055288461538461536 0.1108985819366633
10 0.7512019230769231 0.6810530572498161 0.0625 0.12536361436318472