6 0.13610079821191334 0.7776442307692307 0.0825838644674718 0.1466346153846154
2 0.32982718369765807 0.7403846153846154 0.08779712664179325 0.21634615384615385
5 0.4068147965862004 0.3161057692307692 0.07558210352315534 0.18269230769230768
4 0.32314868432338073 0.23557692307692307 0.05351394793628131 0.10817307692307693
4 0.3706723919164699 0.5372596153846154 0.06075345673344934 0.11298076923076923
4 0.4884966177296179 0.3245192307692308 0.053541918271910745 0.11298076923076923
8 0.6527195464819133 0.40024038461538464 0.08291950849502701 0.20432692307692307
12 0.8375298057430134 0.24278846153846154 0.07045275235572254 0.12740384615384615
10 0.7447517749061416 0.07572115384615384 0.060725486397819634 0.10817307692307693
10 0.654069115176041 0.16826923076923078 0.05594576442575717 0.11298076923076923
10 0.5738051858555268 0.3293269230769231 0.055931779257942245 0.11057692307692307
10 0.74728607608878 0.6730769230769231 0.06324121389418408 0.12740384615384615