6 0.8557692307692307 0.7736960696274179 0.08173076923076923 0.14518179283160804
2 0.6646634615384616 0.7386601711918224 0.08653846153846154 0.21494927385790147
5 0.5901442307692307 0.3188542040224513 0.07451923076923077 0.18115557129216733
4 0.6730769230769231 0.23976419478042377 0.052884615384615384 0.10878844513538428
4 0.625 0.538400543504899 0.06009615384615385 0.11368005129020944
4 0.5108173076923077 0.3293926409562969 0.052884615384615384 0.11359613744307659
8 0.3473557692307692 0.405813918927205 0.08173076923076923 0.20527794667776172
12 0.16466346153846154 0.25168973638790315 0.06971153846153846 0.12581116718895063
10 0.25721153846153844 0.08354553432405755 0.06009615384615385 0.10646851282867095
10 0.34615384615384615 0.17626059687608608 0.055288461538461536 0.11122026257160805
10 0.4254807692307692 0.3351933137883943 0.055288461538461536 0.11122026257160805
10 0.25240384615384615 0.6761495538118896 0.0625 0.12572725334181784