6 0.8500500984881284 0.7814140348504678 0.08016603314581079 0.1446922797686576
2 0.6615579529284272 0.744258506869314 0.0877691563061638 0.21204192757979412
5 0.5906670718519867 0.326764651558655 0.07555413318752577 0.17831815558687417
4 0.6728523590367369 0.24911514726435813 0.05351394793628117 0.1084807506150025
4 0.624257183395517 0.5445155134150466 0.0607534567334492 0.11333039842613915
4 0.5112842081038045 0.3359185256361514 0.05352793310409609 0.11088459676884864
8 0.34979996817776093 0.40829882708486775 0.08050167717336593 0.20238458746096527
12 0.17040655737944638 0.25340378565260413 0.06803492103406174 0.12539158469881428
10 0.2627106952209138 0.08927176049110483 0.06071150123000491 0.1061188599646007
10 0.34991265087542867 0.1823302960394218 0.055931779257942245 0.11089858193666344
10 0.42712162238355955 0.34023673707032576 0.05591779409012732 0.10849473578281728
10 0.2532886988894881 0.6757752591100293 0.06322722872636942 0.12536361436318472