6 0.8545673076923077 0.8006448040812371 0.08173076923076923 0.14470626493647223
2 0.6634615384615384 0.75626375247073 0.08653846153846154 0.21444577373364027
5 0.6045673076923077 0.3340461158592675 0.07451923076923077 0.1807220017407203
4 0.6911057692307693 0.2588284280544463 0.052884615384615384 0.10848075061500242
4 0.6310096153846154 0.5553537988590764 0.06009615384615385 0.11333039842613915
4 0.5240384615384616 0.33838530504516406 0.052884615384615384 0.1132884429226948
8 0.3581730769230769 0.40713186692748154 0.08173076923076923 0.2048024187826261
12 0.18269230769230768 0.24264941121546302 0.06971153846153846 0.12540556986662907
10 0.2800480769230769 0.08215811820426995 0.06009615384615385 0.10611885996460066
10 0.36658653846153844 0.17881543039944875 0.055288461538461536 0.11089858193666344
10 0.4387019230769231 0.34029267774158495 0.055288461538461536 0.1108985819366633
10 0.2536057692307692 0.672148512127538 0.0625 0.12536361436318472