6 0.14783653846153846 0.783312010897533 0.08173076923076923 0.14711011109031838
2 0.3401442307692308 0.7483731320150244 0.08653846153846154 0.21444577373364054
5 0.41466346153846156 0.3257297491403601 0.07451923076923077 0.1807220017407203
4 0.33052884615384615 0.24711526826684221 0.052884615384615384 0.1084807506150025
4 0.3786057692307692 0.5466738177769843 0.06009615384615385 0.11333039842613915
4 0.49399038461538464 0.335806644293633 0.052884615384615384 0.1132884429226948
8 0.6586538461538461 0.4112838590581773 0.08173076923076923 0.2048024187826261
12 0.8413461538461539 0.2548948087351788 0.06971153846153846 0.12540556986662907
10 0.7487980769230769 0.08849099515892449 0.06009615384615385 0.10611885996460066
10 0.6598557692307693 0.18052162087285398 0.055288461538461536 0.11330242809050958
10 0.5805288461538461 0.341117802642658 0.055288461538461536 0.1108985819366633
10 0.7536057692307693 0.6822689654945541 0.0625 0.12536361436318472