6 0.8613380421583167 0.7835037964711931 0.07860135386573355 0.14467829460084294
2 0.6685688236913939 0.7449591483579152 0.08419224207999867 0.21201395724416455
5 0.5987560174802776 0.32346174788891485 0.07418525951132751 0.17830417041905924
4 0.6819955518288096 0.24604919009231999 0.05173947693776171 0.10846676544718764
4 0.6313774523820944 0.544440779445076 0.058978986681677656 0.11091256710447822
4 0.5183110851735644 0.331141789472249 0.054171294373985344 0.11088459676884864
8 0.35328483902950797 0.4042221506668545 0.07927266464279589 0.20237060229315035
12 0.17354013336678167 0.2454012838543802 0.06876219899132792 0.12539158469881428
10 0.26659000924202747 0.0813873312641573 0.05892304411692241 0.10610487479678588
10 0.3554212738701388 0.17462687263891724 0.054171294373985344 0.11088459676884864
10 0.4318145805586692 0.33525102474435087 0.054171294373985344 0.11088459676884864
10 0.25784594470691885 0.6728243887011073 0.06395450668363555 0.12536361436318472