2 0.7741338348308411 0.3016826923076923 0.0816205682318868 0.1971153846153846
5 0.5214774050702824 0.4266826923076923 0.06694574976741144 0.17548076923076922
1 0.6565428563996509 0.078125 0.05691079591636266 0.13942307692307693
6 0.7394335917837768 0.08173076923076923 0.05422723693874058 0.11538461538461539
6 0.8465806645081867 0.7896634615384616 0.08092128617244672 0.13701923076923078
4 0.7396095106620328 0.7896634615384616 0.06381465027174744 0.11298076923076923
3 0.6377685609362279 0.6586538461538461 0.07390554668755146 0.15384615384615385
3 0.6066189866204916 0.3401442307692308 0.05931464207020895 0.13942307692307693
4 0.6870918902095825 0.3449519230769231 0.04925171693678283 0.10096153846153846
4 0.5821066974122389 0.17427884615384615 0.046875842065314026 0.10336538461538461
4 0.5161818994516101 0.2620192307692308 0.04690381334769164 0.10576923076923077
4 0.6078471968491642 0.5444711538461539 0.04936360206629304 0.11057692307692307
4 0.5390570265754587 0.671875 0.054171294373985344 0.11057692307692307
4 0.35413038455419865 0.45072115384615385 0.049251716936782555 0.10096153846153846
1 0.35542936505412925 0.5456730769230769 0.05934261335258657 0.14182692307692307
10 0.2732963804901409 0.16706730769230768 0.04690381334769164 0.10576923076923077
11 0.27747471894433706 0.22115384615384615 0.05965029745874025 0.16826923076923078
8 0.15874837738091163 0.4050480769230769 0.07435308720559317 0.19230769230769232
9 0.15708408607944396 0.5480769230769231 0.07611359386475441 0.13701923076923078
7 0.18454987177447643 0.1502403846153846 0.06887408412083833 0.1346153846153846
7 0.1364687383709832 0.6670673076923077 0.06652618053174739 0.13942307692307693
9 0.35316705944279925 0.3269230769230769 0.0640384205307684 0.13221153846153846
12 0.19733831280909142 0.08413461538461539 0.06401044924839078 0.12980769230769232
10 0.41610229845028024 0.0829326923076923 0.04933563078391542 0.10817307692307693
10 0.41897997227391764 0.24879807692307693 0.04933563078391542 0.10817307692307693
10 0.25807527995398816 0.3389423076923077 0.05171150565538395 0.10576923076923077
10 0.25448265429909367 0.4411057692307692 0.05651919796307626 0.10576923076923077
10 0.23859024298587833 0.6706730769230769 0.06384262155412514 0.11538461538461539
10 0.4273489506928706 0.5625 0.04933563078391542 0.10817307692307693