2 0.7776048000416065 0.3154971375409742 0.08399644310335547 0.19566256206237712
5 0.5265855323654519 0.43155053750670996 0.06934959592125758 0.1762639651373423
1 0.6596188553958735 0.09059682367915672 0.05931464207020882 0.14009438770013952
6 0.741405567191398 0.0963555395876877 0.05422723693874058 0.11599998359692275
6 0.851736643184121 0.7994673960118129 0.08332513232629288 0.13797025437006957
4 0.7459394411325125 0.7958328134333521 0.0662184964255936 0.11373599385496455
3 0.6434534677813945 0.6636484041888772 0.07387757540517398 0.152281446163636
3 0.6109430759437741 0.3484089026464997 0.06169051694167749 0.13771851282867098
4 0.6903399272266412 0.3553415703495761 0.051655563090628985 0.1015489353914682
4 0.5873924277162926 0.1834936995666397 0.04927968821916018 0.10392481026293673
4 0.5210777159330053 0.26804704212160513 0.04927968821916018 0.10392481026293673
4 0.6132926636634931 0.5503319795695766 0.05173947693776157 0.10876047385300666
4 0.5474394780394364 0.6745487836630037 0.0565751405278315 0.11122026257160819
4 0.3633757354453119 0.45128310568964813 0.05162759180825123 0.09914508923762205
1 0.3644666154580386 0.5450331056896481 0.061746459506432726 0.1425262051363633
10 0.2807621866890199 0.167908130294264 0.0493076595015378 0.1063286564167829
11 0.28498332413209654 0.2208347026024458 0.06443001848405487 0.16659263795720244
8 0.16809078569503247 0.3997385856632158 0.0767569333594394 0.19317480206139812
9 0.16732325956027636 0.5403356143808382 0.07611359386475441 0.13788634052293658
7 0.1928120174558033 0.14885833233363516 0.07124995899230686 0.1330227056504891
7 0.1482611600890868 0.65788632001909 0.06890205540321595 0.13780242667580384
9 0.3607472769671309 0.32867296620230546 0.0640384205307684 0.1329387918033563
12 0.20407602360083865 0.08409434259167706 0.06641429540223694 0.1305629169318877
10 0.42045014872937014 0.08901560415950788 0.04933563078391542 0.10873250257062908
10 0.42475604208489354 0.2525051139034239 0.05173947693776157 0.10876047385300666
10 0.2659072390197182 0.33718348516377455 0.05168353437300633 0.10395278154531436
10 0.26466420108454275 0.43691512926601234 0.05892304411692241 0.10644054154629337
10 0.25049454983349234 0.6650847149047537 0.06381465027174758 0.11370802257258707
10 0.4343739528962203 0.5626711959555218 0.05173947693776157 0.10876047385300652