2 0.7841790913020504 0.2877703475860888 0.08289153815939744 0.20047025437006943
5 0.5288687343081749 0.4109415968516117 0.0683425947259873 0.17866781129118847
1 0.6650830165729054 0.06721425944402296 0.05850344742556583 0.1344285188880459
6 0.7480366866323199 0.06702208502671796 0.055973734761386465 0.11843180103314652
6 0.8567505965817148 0.7785457188586766 0.08254190896402737 0.14037410052391572
4 0.7485705270747304 0.7786025034887459 0.06557513420895643 0.11613984000881097
3 0.6456238961386404 0.6451758983744096 0.07542826667719255 0.1571171097537058
3 0.6137157918961955 0.3258140009425912 0.06331113973325814 0.14015033026489476
4 0.6954815240465018 0.33087259272636793 0.05108213144680544 0.10395278154531436
4 0.5911092073484517 0.15899843479168202 0.04867828529295929 0.10392481026293673
4 0.5243049810820921 0.24632009223671653 0.048692270460774074 0.1063286564167829
4 0.6149115237443605 0.5313428470964374 0.05112408695024994 0.11116432000685282
4 0.547136129670022 0.6583419517211222 0.055945764425757036 0.11362410872545435
4 0.3619342857101078 0.43572213943839383 0.05106814627899066 0.1015489353914682
1 0.36248669983879217 0.5306740625153169 0.06333911006888772 0.14495802257258708
10 0.2797342120023934 0.14939956201342833 0.04870625562858893 0.10873250257062904
11 0.28365464750899555 0.20344414355140034 0.06347896174703571 0.16899648411104862
8 0.1657341282314429 0.3887229527983227 0.07805587551607542 0.19560661949762187
9 0.16175855340873097 0.5318077415169241 0.07773421665633513 0.14031815795916033
7 0.18947809989064426 0.13121771587181935 0.07049470785916703 0.13542655180433524
7 0.14201812690787108 0.6510358820325184 0.07052267819479667 0.14023424411202748
9 0.36000513390681527 0.31073612507958265 0.06328316939762857 0.13534263795720244
12 0.2023216542057986 0.06616002766489637 0.0680628913696913 0.13059088821426532
10 0.42228756245053656 0.06600450148119144 0.05111010178243502 0.10876047385300666
10 0.42566337776751106 0.23304383789112154 0.05112408695024994 0.11116432000685282
10 0.2651161440850588 0.32265829842580585 0.053499962768466455 0.10638459898153813
10 0.2608958288255879 0.4236757794520995 0.05830765507615876 0.10644054154629337
10 0.24541847444279272 0.6558427322748966 0.06317128805511028 0.11611186872643323
10 0.43350505013586466 0.5478777558390237 0.05112408695024994 0.11116432000685282