2 0.7645883784214005 0.29120481580624946 0.08402441438573295 0.19759088032108768
5 0.5142798522499328 0.42245997298277316 0.06934959592125758 0.1758723539295835
1 0.6433496738358746 0.07197312887178839 0.05931464207020882 0.13975872095063202
6 0.7262543948611894 0.07389448673602406 0.0566590543749645 0.11811012039820186
6 0.8442887034838511 0.7750833423488241 0.08335310360867035 0.13989857262877992
4 0.7385054870734314 0.7769006128095983 0.0662184964255936 0.1133583687617686
3 0.6342327199114026 0.64891019096268 0.07630939284139761 0.15427969404841235
3 0.5982334963644077 0.33423710007777807 0.06171848822405511 0.13977270611844686
4 0.6787343712358762 0.3361724431098285 0.051655563090628714 0.10125522698564911
4 0.57130337536112 0.16974146055309414 0.04927968821916018 0.10364508797168054
4 0.5077824235543373 0.25784545953166343 0.04927968821916018 0.10364508797168054
4 0.6030954471062272 0.5361182214974106 0.05173947693776144 0.10846676544718757
4 0.5367091229863677 0.6638996671822562 0.0565751405278315 0.1108985819366633
4 0.3493087066053175 0.4498602646703944 0.05162759180825109 0.09885138083180295
1 0.3530255189002831 0.5435822943347648 0.06415030566027888 0.1421905374401078
10 0.26245110151545564 0.16793278538652626 0.0493076595015378 0.1060489341255267
11 0.26783136304657484 0.22198436092852772 0.06443001848405494 0.16622899897856933
8 0.15388474250846412 0.40893274815499264 0.0767569333594394 0.19274123250995095
9 0.15463828300203142 0.5507456860641009 0.07854541130097811 0.13987060229315035
7 0.17486455895314781 0.15522209016561248 0.07127793027468449 0.13502095448201368
7 0.13523884401168249 0.6686390363611735 0.06893002668559353 0.1398146616218912
9 0.3447396122631489 0.3260971506668545 0.0640384205307684 0.13257515282472318
12 0.18646506255202855 0.08785146460275357 0.06641429540223694 0.13018529183869182
10 0.40406908203986064 0.08177811460782218 0.04933563078391542 0.10845278027937286
10 0.40936458765853306 0.24639962064283932 0.05173947693776157 0.10846676544718764
10 0.25082178456888327 0.3410656491347085 0.05168353437300633 0.10365907313949527
10 0.24964699070902377 0.442027187596247 0.05892304411692241 0.1061048747967859
10 0.23736034862657765 0.6716504359598138 0.0638426215541252 0.1157482297478001
10 0.4225552440263671 0.5588017244681358 0.05173947693776157 0.10846676544718757