2 0.23145989386576432 0.29311459256811856 0.08287755299158252 0.19759088032108776
5 0.4783008486499192 0.4214818125908869 0.06832860955817238 0.1758723539295835
1 0.3553356905669721 0.07244942593264089 0.05850344742556583 0.13975872095063202
6 0.27238901309146496 0.07533576037609752 0.055973734761386604 0.11811012039820186
6 0.1421034210126213 0.7779930586094512 0.08254190896402744 0.13989857262877992
4 0.24906758227486778 0.7785726417186158 0.06556114904114164 0.1133583687617686
3 0.3555850195221902 0.6493515251039956 0.07541428150937776 0.15427969404841263
3 0.3958786149674669 0.3342239162651127 0.060907293579411985 0.13977270611844686
4 0.31653770672272913 0.33708927295684715 0.05106814627899066 0.10125522698564911
4 0.42688467588585743 0.16938564012896623 0.04867828529295929 0.10364508797168054
4 0.4888742172606174 0.25676241038116615 0.04867828529295929 0.10364508797168061
4 0.3886942454864087 0.5361819561077267 0.05111010178243502 0.10846676544718757
4 0.4528568777460706 0.6632082027305733 0.055931779257942245 0.1108985819366633
4 0.644012396419341 0.44695914370397366 0.051054161111175875 0.09885138083180295
1 0.6386592825668717 0.5407371140396031 0.06332512490107306 0.1421905374401078
10 0.7345979613298872 0.16398976941790305 0.04869227046077421 0.1060489341255267
11 0.7282736796694389 0.2181112707989785 0.0634649765792212 0.16622899897856933
8 0.8389686753176384 0.40375903741866737 0.07563804419441447 0.19274123250995095
9 0.8357397042627194 0.5455999456634053 0.07773421665633534 0.13987060229315035
7 0.8236171874451763 0.15025116436260172 0.07049470785916703 0.13502095448201368
7 0.8530832771936404 0.6632835184432557 0.06811883204095046 0.1398146616218912
9 0.6495403248694954 0.3231330964452671 0.06326918422981392 0.13257515282472318
12 0.8131844718677755 0.08420832838699907 0.06565904521584515 0.13018529183869182
10 0.5956713578642356 0.07946437068962277 0.048706255628588865 0.10845278027937286
10 0.5875018354073837 0.24416978773152873 0.05111010178243502 0.10846676544718771
10 0.7432064138626066 0.33701075182356693 0.05108213144680544 0.10365907313949527
10 0.7426190368143851 0.4379722902851054 0.05830765507615883 0.1061048747967859
10 0.7508988379034567 0.6674836573061539 0.06317128805511028 0.1157482297478001
10 0.5676549174376139 0.5567746764901397 0.05111010178243502 0.10846676544718771