2 0.22956730769230768 0.2955394164736869 0.08173076923076923 0.19759088032108768
5 0.47836538461538464 0.42269772083562474 0.0673076923076923 0.1758723539295835
1 0.35216346153846156 0.07487424983820924 0.057692307692307696 0.13975872095063202
6 0.2704326923076923 0.07775359169775847 0.055288461538461536 0.11811012039820186
6 0.14302884615384615 0.7804178825150196 0.08173076923076923 0.13989857262877992
4 0.25 0.7797955425472611 0.06490384615384616 0.1133583687617686
3 0.3557692307692308 0.6517763490095638 0.07451923076923077 0.15427969404841235
3 0.3954326923076923 0.33423790143292753 0.06009615384615385 0.13977270611844686
4 0.31490384615384615 0.33831217378549244 0.05048076923076923 0.10125522698564925
4 0.42427884615384615 0.17181046403453457 0.04807692307692308 0.10364508797168054
4 0.48677884615384615 0.25918723428673446 0.04807692307692308 0.10364508797168061
4 0.38822115384615385 0.5374048569363719 0.05048076923076923 0.10846676544718757
4 0.453125 0.6656330266361418 0.055288461538461536 0.1108985819366633
4 0.6430288461538461 0.44818204453261884 0.05048076923076923 0.09885138083180295
1 0.6382211538461539 0.5431619379451715 0.0625 0.1421905374401078
10 0.7319711538461539 0.16641459332347136 0.04807692307692308 0.1060489341255267
11 0.7271634615384616 0.22052910212063945 0.0625 0.16622899897856933
8 0.8377403846153846 0.40618386132423573 0.07451923076923077 0.19274123250995095
9 0.8365384615384616 0.5468158539081431 0.07692307692307693 0.13987060229315035
7 0.8209134615384616 0.15267598826817008 0.06971153846153846 0.13502095448201373
7 0.8545673076923077 0.6657013497649168 0.0673076923076923 0.1398146616218912
9 0.6478365384615384 0.3255579203508354 0.0625 0.13257515282472318
12 0.8100961538461539 0.08543122921564435 0.06490384615384616 0.13018529183869182
10 0.5925480769230769 0.08188919459519112 0.04807692307692308 0.10845278027937286
10 0.5853365384615384 0.24659461163709706 0.05048076923076923 0.10846676544718764
10 0.7415865384615384 0.3370317295752891 0.05048076923076923 0.10365907313949539
10 0.7427884615384616 0.4403901216067663 0.057692307692307696 0.1061048747967859
10 0.7524038461538461 0.6686995655508917 0.0625 0.1157482297478001
10 0.5673076923076923 0.557997577318785 0.05048076923076923 0.10846676544718757