2 0.23549553542573237 0.30153504669048753 0.08402441438573309 0.19759088032108768
5 0.4929736431351721 0.42624754939513476 0.06937756720363535 0.17827620008342968
1 0.3554484030872024 0.07365834159347136 0.05693876719874042 0.1421485819366634
6 0.2701538215492303 0.07776058428166586 0.05428317950349575 0.12049998138423322
6 0.16193069651859643 0.7971888649206835 0.08335310360867042 0.13989857262877992
4 0.27130569651859643 0.7965525397851103 0.06384262155412514 0.1157482297478001
3 0.3743205980389469 0.662530723446705 0.07390554668755146 0.1542657088805977
3 0.406616152866851 0.3390036382371754 0.05931464207020882 0.13975872095063208
4 0.3237394031239139 0.34429381883447824 0.04927968821916018 0.10364508797168047
4 0.431114456433915 0.171782493698905 0.0493076595015378 0.1060489341255267
4 0.4982411774714669 0.25913828619938273 0.04690381334769164 0.10603494895771184
4 0.40541591392055604 0.5457553852196668 0.04936360206629304 0.11085662643321907
4 0.4742340554766391 0.6751714928285448 0.05419926565636297 0.1132884429226948
4 0.6615365723693678 0.4505089722634836 0.049251716936782555 0.10124124181783446
1 0.6602515775106259 0.5466768035851446 0.06177443078881048 0.14458039842613915
10 0.7447184800225165 0.1615439677606125 0.04690381334769164 0.10603494895771191
11 0.7405401415683203 0.21565847655778053 0.062054143612586404 0.1686188599646007
8 0.860524348773424 0.4036751264117786 0.076784904641817 0.1951450786637971
9 0.8622026257160805 0.5479058956425479 0.07854541130097804 0.13987060229315035
7 0.8346669118151039 0.14419260089063457 0.06887408412083847 0.1350069693141989
7 0.88283195906573 0.6679863219923371 0.06893002668559343 0.1398146616218912
9 0.6636878349165014 0.3254879945117614 0.06406639181314616 0.13497899897856933
12 0.8218644851393001 0.07695483442201624 0.0664142954022368 0.13018529183869185
10 0.5994947302673421 0.07704653936796182 0.04936360206629304 0.110856626433219
10 0.5966450277260823 0.2453437404728222 0.04936360206629304 0.110856626433219
10 0.7599675518410469 0.33574589549147726 0.05171150565538395 0.10606291929334155
10 0.7635741631371301 0.4390972949390471 0.05892304411692241 0.1061048747967859
10 0.7795225170151006 0.6733953765160657 0.0638426215541252 0.1157482297478001
10 0.5883319918718846 0.5639232816965115 0.04936360206629304 0.11085662643321893