2 0.2354256072197884 0.2941757712505609 0.08402441438573309 0.1980664082162233
5 0.4845182246731442 0.4199004983964366 0.06934959592125758 0.1762639651373423
1 0.3554623887283911 0.07279731277237983 0.05931464207020895 0.14009438770013952
6 0.2737595907799995 0.07615218252706464 0.05665905437496429 0.11843180103314652
6 0.15452335908041467 0.7795577374161548 0.08335310360867049 0.14037410052391544
4 0.26149451292656856 0.7783130153503511 0.06621849642559373 0.11373599385496483
3 0.36578126572978614 0.6496784327718904 0.07630939284139761 0.15471326359985965
3 0.40055059491748035 0.3319231999461563 0.06171848822405497 0.14012235898251715
4 0.3212656287641238 0.3364520214953866 0.051655563090628714 0.1015489353914682
4 0.42871061028006885 0.16931394353182083 0.04927968821916018 0.10392481026293673
4 0.4922315620868515 0.2563270748053877 0.04927968821916018 0.10392481026293673
4 0.3969045528937728 0.5351181281521004 0.05173947693776157 0.10876047385300666
4 0.463304862654821 0.6629686727586741 0.0565751405278315 0.11122026257160819
4 0.6506912933946825 0.4444127876046894 0.05162759180825123 0.09914508923762219
1 0.6469884667409057 0.5394206532463677 0.06415030566027888 0.1425541764187409
10 0.7363609610488102 0.16212785015671785 0.0493076595015378 0.1063286564167829
11 0.7309806995176908 0.21628431682420038 0.0644300184840548 0.16659263795720244
8 0.8449273200558017 0.4012817291167185 0.07675693335943926 0.19317480206139812
9 0.8453617169979686 0.5419207147579074 0.07854541130097804 0.14031815795916033
7 0.8251494266880409 0.14787175886259257 0.07127793027468463 0.13542655180433524
7 0.8635732185525833 0.6607153003966487 0.06893002668559343 0.14020627282965
9 0.6528705272241938 0.321774676834969 0.0640384205307684 0.1329387918033563
12 0.8135489230891604 0.0806899373255995 0.0664142954022368 0.13056291693188773
10 0.5959449036013281 0.07841364607308064 0.04933563078391542 0.10873250257062908
10 0.5906493979826558 0.243161021458675 0.05173947693776157 0.10876047385300666
10 0.7479762923541936 0.33389096502720744 0.0516835343730062 0.10395278154531436
10 0.750366994932165 0.4360404409244802 0.05892304411692241 0.10644054154629337
10 0.7614377282964994 0.6643079260515432 0.0638426215541252 0.11611186872643323
10 0.5762428328967097 0.554668882999584 0.05173947693776157 0.10876047385300666