2 0.7758541292889368 0.31221650948039437 0.08287755299158252 0.19759088032108776
5 0.5215560942513352 0.4297314588913179 0.06832860955817252 0.1758723539295835
1 0.6605752040180819 0.08677861345676134 0.05850344742556583 0.13975872095063202
6 0.7434799259901445 0.09206879405406412 0.055973734761386465 0.11811012039820186
6 0.8415317481910558 0.7993939329169621 0.08254190896402765 0.13989857262877992
4 0.73577650258964 0.7963747393792651 0.06556114904114178 0.1133583687617686
3 0.6355841483579152 0.6635758238695051 0.07541428150937762 0.15427969404841263
3 0.607375121002484 0.3472952400410509 0.060907293579411985 0.13977270611844686
4 0.6878759968207007 0.35257143547053893 0.0510681462789908 0.10125522698564911
4 0.5855035591201665 0.18129699633142574 0.04867828529295929 0.10364508797168054
4 0.517699393355049 0.2662419500941499 0.04867828529295929 0.10364508797168047
4 0.6062003669060412 0.5492183169641278 0.05111010178243502 0.10846676544718757
4 0.538158453288072 0.6750286553422365 0.055931779257942245 0.1108985819366633
4 0.3567667662025405 0.4504080902806198 0.051054161111175875 0.09885138083180295
1 0.3550124289969329 0.5453530207736355 0.06332512490107306 0.1421905374401078
10 0.2778881698508403 0.16628574100497792 0.048692270460774144 0.1060489341255267
11 0.2811792728057766 0.2203932572182386 0.06346497657922093 0.16622899897856933
8 0.16113300802037486 0.4011913760267908 0.07563804419441447 0.1927412325099511
9 0.15791102954936312 0.541802390858976 0.07773421665633506 0.13987060229315035
7 0.19025267399406667 0.14774643622589173 0.07049470785916703 0.13502095448201373
7 0.13678607143483837 0.6606739015479348 0.06811883204095048 0.1398146616218912
9 0.356278086684172 0.32780494385055853 0.06326918422981392 0.13257515282472318
12 0.20385142737122 0.08291950849502694 0.06565904521584515 0.13018529183869182
10 0.420183596049559 0.08658201975220477 0.048706255628588865 0.10845278027937286
10 0.42162945820809167 0.25125946645848113 0.05111010178243502 0.10846676544718771
10 0.26006829985906665 0.33686092175335125 0.05108213144680544 0.10365907313949527
10 0.2570770766569991 0.43780847504707493 0.05830765507615876 0.1061048747967859
10 0.2389215626376703 0.666075963487756 0.06317128805511021 0.1157482297478001
10 0.42582799436069085 0.562592506301095 0.05111010178243502 0.10846676544718757