2 0.7798268328599982 0.29086538461538464 0.08405238566811071 0.19951923076923078
5 0.5313372821083889 0.4206730769230769 0.06937756720363535 0.1778846153846154
1 0.6534693835993702 0.07091346153846154 0.061746459506432726 0.14182692307692307
6 0.7364020759070625 0.07091346153846154 0.05665905437496422 0.11778846153846154
6 0.8732593734392259 0.7800480769230769 0.08335310360867035 0.13942307692307693
4 0.7651002821573378 0.78125 0.06624646770797135 0.11538461538461539
3 0.656618679062793 0.6514423076923077 0.07633736412377509 0.15625
3 0.6132350369681098 0.3317307692307692 0.06412233437790126 0.13942307692307693
4 0.6950077631224455 0.33533653846153844 0.0516835343730062 0.10336538461538461
4 0.5812569415609781 0.1658653846153846 0.04927968821916032 0.10336538461538461
4 0.5185899559320264 0.2548076923076923 0.0493076595015378 0.10576923076923077
4 0.6228241344317449 0.5360576923076923 0.05176744822013919 0.11057692307692307
4 0.5582288144493665 0.6658653846153846 0.05660311181020912 0.11298076923076923
4 0.36459164416342377 0.4483173076923077 0.051655563090628714 0.10096153846153846
1 0.36930227904810853 0.5432692307692307 0.06417827694265636 0.14423076923076922
10 0.2711328164324466 0.16346153846153846 0.04933563078391542 0.10817307692307693
11 0.276569862593635 0.21754807692307693 0.0644579897664325 0.16826923076923078
8 0.16697277646524222 0.4050480769230769 0.0791887507956631 0.19471153846153846
9 0.16983899084363296 0.5480769230769231 0.07854541130097818 0.13942307692307693
7 0.18082075796895009 0.14903846153846154 0.07127793027468449 0.1346153846153846
7 0.15320870880866716 0.6682692307692307 0.07133387283943969 0.13942307692307693
9 0.35712752209517284 0.3233173076923077 0.06406639181314602 0.1346153846153846
12 0.19085486975468482 0.08173076923076923 0.0688181415560831 0.12980769230769232
10 0.41075085026685265 0.07692307692307693 0.05173947693776157 0.10817307692307693
10 0.41989240721244603 0.24278846153846154 0.05176744822013919 0.11057692307692307
10 0.26232944107132655 0.33653846153846156 0.054115351809230106 0.10576923076923077
10 0.2635182205723749 0.4387019230769231 0.05892304411692241 0.10576923076923077
10 0.2566160503476182 0.671875 0.06384262155412514 0.11538461538461539
10 0.4415994769989476 0.5588942307692307 0.05176744822013919 0.11057692307692307