9 0.24773141700584267 0.6444483406870479 0.07063455953731503 0.15905941602047535
2 0.7709929003754337 0.30735986908535023 0.08290552332721236 0.20239857262878
6 0.5725908803210877 0.0850592391706908 0.05844750675430669 0.1301433363352474
1 0.5073521914948358 0.23371310859424543 0.05854540292901033 0.1469702594121705
4 0.4205200414322636 0.18272887332214352 0.051096116614620365 0.10606291929334148
4 0.687117010595392 0.3513415420579863 0.04873422596421871 0.11326047258706523
4 0.6101108240205756 0.5431947164116977 0.053583873775355235 0.12049998138423326
4 0.5459411991770063 0.6690190399576212 0.05595974959357182 0.1157062742443556
9 0.45688701014218025 0.6492708195177046 0.0730244205233464 0.15666955503444385
7 0.4424001986087873 0.4316458241716462 0.061005189754115625 0.15659962919536993
8 0.16521667702229542 0.3026336837190985 0.07812580135514942 0.20717829460084272
12 0.43434874872321166 0.08064932279057077 0.05604366060046054 0.13012935116743263
11 0.3470209265583636 0.15105232570379223 0.05872721011060268 0.17822025941217048
10 0.2738155002085742 0.16985654731621017 0.05352793310409602 0.11088459676884864
10 0.26160127844508574 0.34285655197015186 0.06073947156563449 0.110926552272293
10 0.3504876454661342 0.3337586185639147 0.05595974959357182 0.11570627424435574
10 0.3602157127791866 0.559769105112805 0.058419536418677115 0.12533564402755515