9 0.24000195068063343 0.6540847030541548 0.07644924925328571 0.16629892481764338
2 0.7884170553420299 0.31831003587189854 0.09137580925915938 0.20965206659376287
6 0.5915830676810494 0.08638003617403965 0.061662545659299864 0.13496501381075454
1 0.5201093384297217 0.23741677399971822 0.06426219078978936 0.1518059220554924
4 0.43418624510356757 0.18402869257377016 0.05414332309160773 0.10848075061500242
4 0.7001592020026595 0.36227073109281227 0.05182339078489443 0.11567830390872604
4 0.6137449271042692 0.557694711757756 0.05914681437594337 0.12533564402755515
4 0.5437388481124519 0.6859019037058035 0.059090871811188134 0.12052795171986283
9 0.45384635888461955 0.6637428445281333 0.07879715284237662 0.16150521767776574
7 0.4468323035303524 0.4401292115491818 0.06677792207314585 0.16143529183869182
8 0.16716268098468717 0.3026756392225428 0.0842481846447539 0.21682164955185693
12 0.4510279958869935 0.07955228847225866 0.059230728223076096 0.1325471824890936
11 0.3576547661337771 0.14992732104985051 0.06462581746069815 0.1830559220554924
10 0.2829117651055255 0.16872455007836107 0.05660311181020905 0.11330242809050958
10 0.2640149671326595 0.3465112692882729 0.06381465027174758 0.11334438359395395
10 0.3554730061083238 0.33742732104985057 0.05906290052881037 0.11812410556601668
10 0.3563655609484651 0.5706213757246497 0.061606603094544625 0.13015732150306222