9 0.7560096153846154 0.6386305108760927 0.06971153846153846 0.15905941602047535
2 0.23076923076923078 0.30154203927439494 0.08173076923076923 0.20239857262878
6 0.42788461538461536 0.07924140935973546 0.057692307692307696 0.1301433363352474
1 0.49399038461538464 0.2278952787832901 0.057692307692307696 0.1469702594121705
4 0.5805288461538461 0.1769110435111882 0.05048076923076923 0.10606291929334148
4 0.31490384615384615 0.3455237122470309 0.04807692307692308 0.11326047258706523
4 0.39302884615384615 0.5373768866007423 0.052884615384615384 0.12049998138423326
4 0.4579326923076923 0.6632012101466659 0.055288461538461536 0.1157062742443556
9 0.546875 0.6434529897067491 0.07211538461538461 0.15666955503444385
7 0.5600961538461539 0.42582799436069085 0.06009615384615385 0.1565996291953698
8 0.8365384615384616 0.29681585390814313 0.07692307692307693 0.2071782946008428
12 0.5661057692307693 0.07483149297961543 0.055288461538461536 0.13012935116743263
11 0.6538461538461539 0.1452344958928369 0.057692307692307696 0.17822025941217048
10 0.7271634615384616 0.16403871750525484 0.052884615384615384 0.11088459676884857
10 0.7403846153846154 0.3370387221591965 0.06009615384615385 0.110926552272293
10 0.6514423076923077 0.3279407887529594 0.055288461538461536 0.11570627424435574
10 0.6430288461538461 0.5539512753018496 0.057692307692307696 0.12533564402755515