9 0.2514727026513946 0.6458679313151733 0.07644924925328571 0.1667324943690904
2 0.7773810297825856 0.296266368310205 0.08897196310531322 0.2101415815502093
6 0.5704947343681115 0.07393688623118524 0.06406639181314602 0.13534263795720242
1 0.5061511559271316 0.22460998365810875 0.06423421950741161 0.14976571488027937
4 0.41662145130489403 0.17309427697936805 0.05414332309160773 0.10878844513538428
4 0.6925759456862217 0.3409464647088768 0.04941954463104828 0.1159440410321675
4 0.6179465139181086 0.537166768288178 0.05914681437594337 0.1256713107770626
4 0.555769025730765 0.6674351446897867 0.059090871811188134 0.1208636184693703
9 0.46422707290796805 0.6495453128825146 0.07639330668853034 0.16192480206139812
7 0.44481280621111624 0.4269937446751021 0.06674995079076823 0.15940907077804148
8 0.1597044533736345 0.29869313335454445 0.0842202133623763 0.21489333129314636
12 0.4286538256499996 0.07108465749398335 0.05920275694069847 0.13047900308475488
11 0.34053667078783134 0.1409631815844734 0.06462581746069815 0.18341956103412546
10 0.2662551959188102 0.16052876413845987 0.05660311181020912 0.11362410872545421
10 0.25872367184055733 0.33950341747048784 0.06381465027174758 0.11370802257258707
10 0.34751213747978815 0.32731720107230555 0.05906290052881037 0.11845977231552414
10 0.3634185344341923 0.5582402738946132 0.061606603094544625 0.13050697436713238