9 0.7546794217319109 0.6418269230769231 0.07305239085897597 0.16105769230769232
2 0.22295552873650665 0.31009615384615385 0.08533733981668788 0.20673076923076922
6 0.418981672972636 0.08413461538461539 0.060865338075967626 0.13221153846153846
1 0.48663120053664133 0.23197115384615385 0.06336708040451729 0.14903846153846154
4 0.5722684201061979 0.18028846153846154 0.05351394793628117 0.10817307692307693
4 0.3092422572543019 0.35336538461538464 0.04873422596421843 0.11298076923076923
4 0.38986120564379473 0.5444711538461539 0.05600170509701604 0.12259615384615384
4 0.45523275356428716 0.6706730769230769 0.058377580915232624 0.11778846153846154
9 0.5455028508438511 0.6490384615384616 0.07544225184500733 0.15865384615384615
7 0.5551889626534592 0.43028846153846156 0.06340903590796178 0.15625
8 0.8311985314986574 0.2980769230769231 0.08055761784462535 0.21153846153846154
12 0.5584397128152498 0.078125 0.05844750675430669 0.12980769230769232
11 0.6469764506409285 0.14783653846153846 0.06353490241829499 0.1778846153846154
10 0.7201958621585326 0.16466346153846154 0.05352793310409582 0.11057692307692307
10 0.7360018679849756 0.3401442307692308 0.06315730288729562 0.11298076923076923
10 0.6471085083800197 0.3317307692307692 0.05836359574741797 0.11538461538461539
10 0.640979217713829 0.5588942307692307 0.05843352158649177 0.12740384615384615