9 0.22928254247664734 0.6469859405449636 0.07644924925328571 0.1667324943690904
2 0.7598366286784634 0.29974626677027494 0.08894399182293575 0.20773773539636306
6 0.558097049221469 0.0750129385374091 0.061662545659299864 0.1353146666748248
1 0.4926189497135678 0.22691593032363327 0.06423421950741161 0.14976571488027937
4 0.4042500533100011 0.17660214672181565 0.05414332309160773 0.10878844513538428
4 0.6751705589286734 0.34444034881013563 0.04941954463104828 0.1159440410321675
4 0.5959538368506327 0.5406606523894368 0.05911884309356562 0.12326746462321644
4 0.5307554501665076 0.6685251826371995 0.059090871811188134 0.1208636184693703
9 0.44080701837392017 0.6506493364711161 0.07639330668853034 0.16192480206139812
7 0.4265534532757369 0.4292996913406266 0.06674995079076823 0.15940907077804148
8 0.1455420512412606 0.3022149887381809 0.0842202133623763 0.21489333129314636
12 0.41868795793958086 0.07218868108258479 0.05920275694069847 0.13047900308475488
11 0.32889252613475617 0.144471051326921 0.06459784617832053 0.18101571488027934
10 0.25533746254223877 0.1640506195220963 0.0565751405278315 0.11122026257160805
10 0.2424502799539881 0.34180936413601243 0.06381465027174758 0.11370802257258707
10 0.3327483527762958 0.3296371333790189 0.05906290052881037 0.11845977231552414
10 0.3420823404372762 0.5605462205601377 0.05917478565832086 0.12807515693090876