9 0.7548076923076923 0.6502403846153846 0.07451923076923077 0.16346153846153846
2 0.23076923076923078 0.2980769230769231 0.08653846153846154 0.20673076923076922
6 0.4338942307692308 0.078125 0.06009615384615385 0.1346153846153846
1 0.49759615384615385 0.22956730769230768 0.0625 0.14903846153846154
4 0.5853365384615384 0.18028846153846154 0.052884615384615384 0.10817307692307693
4 0.31490384615384615 0.34375 0.04807692307692308 0.11538461538461539
4 0.3894230769230769 0.5384615384615384 0.057692307692307696 0.12259615384615384
4 0.4543269230769231 0.6682692307692307 0.057692307692307696 0.11778846153846154
9 0.5444711538461539 0.6514423076923077 0.07451923076923077 0.15865384615384615
7 0.5600961538461539 0.43149038461538464 0.0625 0.15865384615384615
8 0.8413461538461539 0.3076923076923077 0.08173076923076923 0.21153846153846154
12 0.5721153846153846 0.07692307692307693 0.057692307692307696 0.12980769230769232
11 0.6610576923076923 0.14903846153846154 0.0625 0.18028846153846154
10 0.734375 0.16947115384615385 0.052884615384615384 0.11057692307692307
10 0.7439903846153846 0.34615384615384615 0.0625 0.11298076923076923
10 0.6538461538461539 0.33413461538461536 0.057692307692307696 0.11778846153846154
10 0.6430288461538461 0.5625 0.057692307692307696 0.12740384615384615