9 0.7561728488799339 0.6478365384615384 0.07547022218063705 0.16346153846153846
2 0.2300785676726972 0.29447115384615385 0.08774118597053403 0.20673076923076922
6 0.43192392481764325 0.07451923076923077 0.06087932324378242 0.1346153846153846
1 0.49650691346689857 0.22596153846153846 0.06336708040451729 0.14903846153846154
4 0.5851625252190029 0.17668269230769232 0.05351394793628117 0.10817307692307693
4 0.3144789012457937 0.3401442307692308 0.048748211132033356 0.11538461538461539
4 0.3913398462688535 0.5360576923076923 0.05840555125086233 0.12259615384615384
4 0.45578997582386815 0.6646634615384616 0.058377580915232756 0.11778846153846154
9 0.5458363104183953 0.6478365384615384 0.07544225184500733 0.15865384615384615
7 0.5601816675633414 0.42788461538461536 0.06342302107577656 0.15865384615384615
8 0.8419133544978025 0.30408653846153844 0.08296146399847124 0.21153846153846154
12 0.5713400091568128 0.0733173076923077 0.05844750675430669 0.12980769230769232
11 0.6594999488066413 0.14543269230769232 0.06354888758610965 0.18028846153846154
10 0.7329361304253748 0.1658653846153846 0.05352793310409609 0.11057692307692307
10 0.7435724322912396 0.34134615384615385 0.06315730288729536 0.11298076923076923
10 0.6545671913437653 0.33052884615384615 0.058377580915232624 0.11778846153846154
10 0.6438765515169401 0.5588942307692307 0.05843352158649204 0.12740384615384615