9 0.754991903554733 0.6558126726344315 0.07306637602679061 0.16388109349598232
2 0.21692034708170993 0.3065401340578858 0.08533733981668788 0.20722025010428707
6 0.417528818230196 0.08175334969279027 0.058475477089936265 0.13495102864293976
1 0.48571757611022043 0.23358724208391227 0.058559388096824976 0.1493741055660166
4 0.5731572796175869 0.18241500840146002 0.05351394793628117 0.1084807506150025
4 0.3037175342247452 0.35151475394537235 0.048748211132033356 0.11566431874091138
4 0.38418424847857413 0.5478897260217221 0.05601569026483096 0.12532165885974036
4 0.4510452167713424 0.6780820104443214 0.05839156608304755 0.12052795171986283
9 0.5422724966910705 0.6581807545135914 0.07303840569116118 0.15907340118829
7 0.5542000225143556 0.4359019037058035 0.06342302107577656 0.15901746051703086
8 0.834701816036264 0.3089323991093655 0.07815377169077892 0.21198598690853496
12 0.5581328404784738 0.07896571277918664 0.05844750675430669 0.1301433363352474
11 0.6486896336982411 0.15040361811070305 0.06115902660007841 0.18304193688767761
10 0.7233277383938976 0.17126985062065406 0.05352793310409609 0.11088459676884864
10 0.737576802074439 0.3480294613513277 0.06315730288729536 0.11334438359395395
10 0.6473766306339491 0.33788963294288826 0.058377580915232624 0.11812410556601668
10 0.6403057452057079 0.5686099156247673 0.05844750675430669 0.13014333633524744