9 0.23798076923076922 0.6500577760786429 0.07211538461538461 0.16388109349598232
2 0.7740384615384616 0.30078523750209707 0.08413461538461539 0.20722025010428716
6 0.5721153846153846 0.07599845313700151 0.057692307692307696 0.13495102864293973
1 0.5048076923076923 0.2278323455281235 0.057692307692307696 0.14937410556601668
4 0.4170673076923077 0.1766601118456713 0.052884615384615384 0.1084807506150025
4 0.6875 0.34575985738958354 0.04807692307692308 0.11566431874091138
4 0.6069711538461539 0.5421418220498407 0.055288461538461536 0.12532165885974023
4 0.5420673076923077 0.6723271138885326 0.057692307692307696 0.12052795171986283
9 0.45072115384615385 0.6524258579578025 0.07211538461538461 0.15907340118829
7 0.4375 0.4301470071500147 0.0625 0.15901746051703086
8 0.15504807692307693 0.30318449513748413 0.07692307692307693 0.21198598690853504
12 0.43149038461538464 0.07321081622339788 0.057692307692307696 0.1301433363352474
11 0.34134615384615385 0.1446487215549143 0.06009615384615385 0.18304193688767761
10 0.2668269230769231 0.16551495406486527 0.052884615384615384 0.11088459676884864
10 0.25240384615384615 0.3422815573794464 0.0625 0.11334438359395395
10 0.34375 0.33213473638709945 0.057692307692307696 0.11812410556601668
10 0.35216346153846156 0.5628550190689784 0.057692307692307696 0.13014333633524744