6 0.14159725836070394 0.744536666687062 0.0809772287372019 0.14274997539538412
2 0.17571431480440866 0.4985060625887402 0.09850343387356511 0.20304192821818118
5 0.3860385517553864 0.29539673236055697 0.06700169233216667 0.18104368616265692
3 0.5483252963570654 0.39826031802377276 0.07133387283943958 0.14023424411202748
4 0.2849223291754571 0.41082246260342475 0.05414332309160773 0.10878844513538428
4 0.30627891586692446 0.22835392517013794 0.04933563078391542 0.10873250257062904
4 0.3642903671106325 0.51151911594769 0.05665905437496422 0.11843180103314652
4 0.46762946457426763 0.30836698673062646 0.046987727194824504 0.11351222359594373
4 0.6231407517872032 0.06374893239237372 0.051795419502516676 0.113568166160699
11 0.6252771866278339 0.2933721826494366 0.06456987489594304 0.17861186872643314
8 0.7205359517455966 0.3714141108676179 0.0817044820790198 0.20524997539538412
9 0.6325289978823108 0.4966090677789471 0.06188631591832069 0.15454543590559405
7 0.5482676696616822 0.6098267508446119 0.06909785437985914 0.15462934975272694
9 0.4780988153674833 0.13178219391125576 0.061802402071187965 0.14733389744405553
12 0.34251421118350106 0.7300453456886691 0.07868526771286614 0.15233738872839098
12 0.7806626030700703 0.05957143600349162 0.06367479385985948 0.10168879180335627
10 0.5518060368824494 0.3057402123830734 0.054115351809230106 0.10638459898153813
10 0.7049554348651051 0.05748841753167391 0.056435284115943535 0.09920103180237727
10 0.7031233158693719 0.21494034060859699 0.054115351809230106 0.10638459898153813
10 0.7284722173530108 0.6191361354844709 0.06387059283650268 0.11851571488027937