6 0.1515740729202052 0.7335428825150196 0.07854541130097815 0.13987060229315035
2 0.18356278570726967 0.4869458668124743 0.0936957415658728 0.20245451330003922
5 0.3939395969617465 0.28258317946086475 0.06459784617832053 0.18065207590164625
3 0.5586178862067108 0.3861994957417663 0.06893002668559343 0.1398146616218912
4 0.2931187569774101 0.39856216447760906 0.05176744822013919 0.11087061160103372
4 0.3138294779782504 0.21573699769106078 0.04933563078391542 0.10845278027937286
4 0.37243253647845836 0.5002711080620897 0.05428317950349582 0.12049998138423326
4 0.4770401169637044 0.29652376809433123 0.04455590975860073 0.11082865609758936
4 0.6304370461611886 0.05232091102492041 0.046931784630069404 0.10464182204984082
11 0.6343242123463617 0.28118466267938513 0.06216602874209688 0.17823424457998532
8 0.7314011108186691 0.35995217904371635 0.07927266464279589 0.20237060229315035
9 0.6426974010918851 0.48427469975984816 0.059482469764474535 0.15418179787370898
7 0.558689498543283 0.5989538655249658 0.066694008226013 0.1542237533771535
9 0.48459961232433485 0.11978513511537975 0.05939855591734181 0.1469702594121705
12 0.35335729343139405 0.720348897649346 0.07868526771286628 0.1518898330623814
12 0.7902508584683913 0.048271112716031385 0.06127094770601333 0.09654222543206277
10 0.5611467610659422 0.2936304410669672 0.05171150565538395 0.10606291929334148
10 0.7120978871860136 0.04608403666331458 0.05400346667971963 0.09216807332662916
10 0.7115401456690896 0.20260514472540425 0.054115351809230106 0.10607690446115633
10 0.7402917682881779 0.6075133699703332 0.06389856411888016 0.1205559220554924