6 0.15865384615384615 0.7406635173857619 0.07932692307692307 0.14228843361481142
2 0.18870192307692307 0.49409447201884615 0.09615384615384616 0.2024824836356688
5 0.39903846153846156 0.28493807752735917 0.06490384615384616 0.18066606106946104
3 0.5637019230769231 0.3861435550705072 0.06971153846153846 0.13982864678970613
4 0.2980769230769231 0.40331391611404216 0.052884615384615384 0.11088459676884864
4 0.3173076923076923 0.2205097270792161 0.04807692307692308 0.10845278027937286
4 0.3786057692307692 0.503806951453785 0.055288461538461536 0.12051396655204805
4 0.4807692307692308 0.2976837356678099 0.04567307692307692 0.11324648741925038
4 0.6358173076923077 0.05351234522598239 0.05048076923076923 0.10702469045196478
11 0.6382211538461539 0.2799407840990177 0.0625 0.1782482297478001
8 0.7355769230769231 0.35749938480251847 0.07932692307692307 0.20478843361481142
9 0.6490384615384616 0.4830028508438511 0.06009615384615385 0.15419578304152376
7 0.5637019230769231 0.5988839396858918 0.0673076923076923 0.15423773854496814
9 0.4891826923076923 0.12095209527276583 0.06009615384615385 0.14698424457998532
12 0.3605769230769231 0.7238637632893189 0.07932692307692307 0.1543076643840422
12 0.7932692307692307 0.047062197055200906 0.0625 0.09412439411040181
10 0.5649038461538461 0.29479040864044587 0.052884615384615384 0.10607690446115633
10 0.7151442307692307 0.04607704407940717 0.055288461538461536 0.09215408815881435
10 0.7151442307692307 0.20016633565202113 0.052884615384615384 0.10607690446115633
10 0.7463942307692307 0.6038306823165827 0.0625 0.1205559220554924