6 0.161822288019047 0.7521179515687921 0.08015204797799608 0.14228843361481142
2 0.19042989265719987 0.5046966123203234 0.09732860025028901 0.2024824836356688
5 0.3983547910258353 0.29798062961251837 0.06595273373995579 0.18066606106946104
3 0.5648145452733488 0.4011090677302009 0.0705226781947966 0.13982864678970613
4 0.29807852578722194 0.4151817141027584 0.05352793310409609 0.11088459676884864
4 0.3162464222640666 0.23260128775296912 0.048706255628588865 0.10845278027937286
4 0.3791947489892895 0.5166117556860926 0.05598771992920139 0.12051396655204805
4 0.481364401756509 0.3116842717482827 0.04633037981037228 0.11324648741925031
4 0.6325471824890936 0.06137040682759917 0.048748211132033356 0.1156643187409113
11 0.6387184286587286 0.29577337716322877 0.06353490241829499 0.1782482297478001
8 0.7365287158434787 0.3744647764597281 0.08051566234118085 0.20478843361481142
9 0.6495225525383709 0.5001562409114111 0.0609912045863007 0.15419578304152376
7 0.5672541557018813 0.6138564449294928 0.06820274304783916 0.15423773854496814
9 0.48754803038365996 0.13504353494403476 0.06094924908285648 0.14698424457998527
12 0.3624455456904973 0.7364587900044046 0.08022197381706994 0.1543076643840422
12 0.7911800508912175 0.05868765867260651 0.06312933255166578 0.10853669128626163
10 0.5654850319733096 0.3097699064679543 0.05349996276846652 0.10607690446115633
10 0.7142499813842332 0.057038210225609946 0.05345800726502203 0.09886536599961783
10 0.7151869876278246 0.21809590253330224 0.05349996276846652 0.10607690446115633
10 0.7487864958207103 0.6221238635610485 0.06319925839073957 0.1205559220554924