6 0.8497596153846154 0.7381168337456074 0.07692307692307693 0.13987060229315063
2 0.8161057692307693 0.4927287337038926 0.09134615384615384 0.2000506671461929
5 0.6033653846153846 0.2895679694292062 0.0625 0.1782482297478001
3 0.4411057692307692 0.3919893552170921 0.0673076923076923 0.1398146616218912
4 0.7067307692307693 0.40435202395293474 0.05048076923076923 0.10846676544718757
4 0.6838942307692307 0.22272878024330958 0.04807692307692308 0.10845278027937291
4 0.6274038461538461 0.506053974953508 0.052884615384615384 0.1180961352303871
4 0.5216346153846154 0.302313627569657 0.04326923076923077 0.11082865609758936
4 0.36658653846153844 0.057421199630218 0.04567307692307692 0.1108426412654042
11 0.36538461538461536 0.28698151473861827 0.06009615384615385 0.17823424457998532
8 0.2692307692307692 0.36574903110294954 0.07692307692307693 0.20237060229315035
9 0.359375 0.49007155181908135 0.057692307692307696 0.15418179787370898
7 0.44471153846153844 0.6035487945072758 0.0625 0.15420976820933857
9 0.5120192307692307 0.12677691766762858 0.057692307692307696 0.14456641325832434
12 0.6490384615384616 0.7249298414638411 0.07451923076923077 0.14947200174072003
12 0.20793269230769232 0.05169048624674913 0.057692307692307696 0.10129718248909358
10 0.4375 0.30062222361921603 0.05048076923076923 0.10606291929334148
10 0.2848557692307692 0.05093608853989954 0.052884615384615384 0.09646151984577168
10 0.28725961538461536 0.2096039198615605 0.052884615384615384 0.10607690446115633
10 0.26322115384615385 0.6133102220295664 0.0625 0.11815207590164625