6 0.15438137738642582 0.734375 0.07531638533467419 0.13701923076923078
2 0.18944772548956643 0.49158653846153844 0.09249293760696713 0.1971153846153846
5 0.4009520254636404 0.29086538461538464 0.06353490241829499 0.1778846153846154
3 0.5614083555552964 0.3942307692307692 0.06810484687313566 0.13701923076923078
4 0.29812426845397605 0.4050480769230769 0.051096116614620296 0.10576923076923077
4 0.32200969450162426 0.2247596153846154 0.048692270460774074 0.10576923076923077
4 0.375668883989662 0.5048076923076923 0.05355590343972567 0.11538461538461539
4 0.4813969606105977 0.30528846153846156 0.04391254848871148 0.11057692307692307
4 0.6378715246507839 0.06009615384615385 0.04392653365652613 0.11298076923076923
11 0.6365289485405635 0.29086538461538464 0.05871322494278776 0.17548076923076922
8 0.7310263536635055 0.36899038461538464 0.07808384585170486 0.19951923076923078
9 0.6413708024126433 0.49158653846153844 0.058559388096824976 0.14903846153846154
7 0.5565858767246399 0.6033653846153846 0.06338106557233221 0.15144230769230768
9 0.4932281929694782 0.1310096153846154 0.056127571607349255 0.14423076923076922
12 0.35276861091780753 0.7223557692307693 0.07538631117374806 0.14903846153846154
12 0.794156487570321 0.054086538461538464 0.058321640243973474 0.10817307692307693
10 0.5643366455021975 0.30408653846153844 0.04869227046077421 0.10576923076923077
10 0.7184213485563522 0.056490384615384616 0.05104017594336122 0.09615384615384616
10 0.7138995508337138 0.21394230769230768 0.05108213144680544 0.10336538461538461
10 0.7356094819310118 0.6141826923076923 0.06317128805511028 0.11538461538461539