6 0.16412124541428216 0.7331730769230769 0.07533037050248897 0.13942307692307693
2 0.19635559703492647 0.4891826923076923 0.09249293760696713 0.1971153846153846
5 0.40671930447694515 0.28725961538461536 0.06353490241829499 0.1778846153846154
3 0.5683783590006737 0.390625 0.06811883204095046 0.13942307692307693
4 0.3052201384096864 0.4014423076923077 0.05111010178243509 0.10817307692307693
4 0.32700778928511515 0.22115384615384615 0.048692270460774074 0.10576923076923077
4 0.38393251545790785 0.5024038461538461 0.05356988860754031 0.11778846153846154
4 0.48733206163768006 0.3016826923076923 0.04391254848871148 0.11057692307692307
4 0.6409536514436478 0.056490384615384616 0.04633037981037255 0.11298076923076923
11 0.6434981506307913 0.28725961538461536 0.06111707109663392 0.17548076923076922
8 0.7389045916616953 0.36538461538461536 0.07809783101952004 0.20192307692307693
9 0.6506825201118496 0.4891826923076923 0.0585733732646399 0.15144230769230768
7 0.5671982150306222 0.6009615384615384 0.063395050740147 0.15384615384615385
9 0.49712845207950757 0.12620192307692307 0.05612757160734939 0.14423076923076922
12 0.36357055034443897 0.7211538461538461 0.07538631117374806 0.14903846153846154
12 0.7983776041849412 0.051682692307692304 0.058293669908343906 0.10336538461538461
10 0.571459684438388 0.3004807692307692 0.05109611661462023 0.10576923076923077
10 0.7226494577548799 0.05048076923076923 0.05104017594336122 0.09615384615384616
10 0.7211756252607178 0.21033653846153846 0.05349996276846652 0.10576923076923077
10 0.7463476867473273 0.6117788461538461 0.06318527322292493 0.11778846153846154