6 0.8420408237184346 0.7343088613242357 0.07773421665633506 0.13987060229315035
2 0.8093643366013252 0.4892983608135204 0.09731461508247435 0.2000786374818226
5 0.6014378355223909 0.28497223909174674 0.06595273373995579 0.18066606106946104
3 0.43856367410907393 0.3868847689646914 0.0705226781947966 0.13982864678970613
4 0.7018757315460241 0.40097839308897115 0.05351394793628117 0.1084807506150025
4 0.681596074729145 0.22080181289302797 0.048706255628588865 0.10845278027937286
4 0.6219272698564919 0.5012065115953822 0.055973734761386465 0.11811012039820189
4 0.5197839847146031 0.2986688886436037 0.04631639464255763 0.11084264126540422
4 0.3669151899051861 0.055497437700534065 0.051138072118064586 0.11099487540106813
11 0.36343608853989956 0.2827510014746423 0.0635209172504802 0.17584438359395393
8 0.2677297677561269 0.3602334851103111 0.08050167717336593 0.20238458746096527
9 0.35499545802095783 0.4847300190689785 0.06097721941848606 0.15179193688767761
7 0.4397873762928687 0.5972213074262298 0.0682027430478393 0.15423773854496814
9 0.5115515290025845 0.12323007491627883 0.05854540292901033 0.14697025941217048
12 0.6412287662814845 0.7198516228367713 0.07780414249540914 0.15188983306238113
12 0.21063022698564918 0.04995632543771436 0.060683530894375275 0.09991265087542872
10 0.43563538416217296 0.2967545233632754 0.053499962768466386 0.10607690446115627
10 0.2875463113248187 0.04852364709184714 0.05586185341886818 0.09704729418369427
10 0.2872604167397648 0.20506653426080845 0.053499962768466386 0.10607690446115627
10 0.2583389471809284 0.6054887260577855 0.06318527322292507 0.11815207590164625