6 0.15916109935848852 0.7382317008962862 0.07773421665633513 0.13987060229315035
2 0.19062167823085993 0.49526842476013966 0.09489678376081329 0.19766080616016168
5 0.3973322710650564 0.2909476929119746 0.06593874857214115 0.1782622149156149
3 0.5578095789084346 0.3897703020529985 0.06810484687313566 0.13741081546804507
4 0.29810329070225383 0.40690570017699657 0.05351394793628124 0.1084807506150025
4 0.3171740318583023 0.22771427295684715 0.04869227046077421 0.1060489341255267
4 0.37565489882184716 0.505008874530708 0.055973734761386604 0.11811012039820189
4 0.47778419879592116 0.30370034363633275 0.04391254848871148 0.11082865609758936
4 0.6282561400353993 0.056531138086104875 0.04633037981037228 0.11306227617220975
11 0.6317282488167785 0.28597836981926267 0.06352091725048034 0.17584438359395393
8 0.7262396391075355 0.36114710953673207 0.080487692005551 0.199980741307119
9 0.640182864503535 0.4854416599172342 0.06097721941848606 0.15179193688767761
7 0.5565998618924547 0.5977029943606909 0.06578491172617837 0.15181990722330718
9 0.4860026693401249 0.13058146505596524 0.05853141776119541 0.14456641325832434
12 0.3563673875646693 0.7214599171354728 0.07779015732759421 0.14948598690853523
12 0.7845411029549363 0.05189086711461541 0.060725486397819634 0.10378173422923082
10 0.5595359457784126 0.2996190786998604 0.05109611661462023 0.10606291929334148
10 0.7088199491087825 0.04996091395617349 0.05345800726502203 0.09886536599961783
10 0.707896928033006 0.20861476011001964 0.053485977600651595 0.10367305830731019
10 0.7356374522666415 0.6050745608969501 0.06318527322292493 0.11815207590164625