6 0.8468694937778489 0.7427884615384616 0.07773421665633534 0.13942307692307693
2 0.8105802448460632 0.4963942307692308 0.0925209079425967 0.20192307692307693
5 0.5966581135503283 0.2932692307692308 0.06354888758610978 0.18028846153846154
3 0.4338049298887334 0.39783653846153844 0.06811883204095046 0.13942307692307693
4 0.7006947862208232 0.40865384615384615 0.05112408695024994 0.11057692307692307
4 0.6767953750053601 0.22596153846153846 0.048706255628588865 0.10817307692307693
4 0.6219552401921215 0.5096153846153846 0.053583873775355235 0.1201923076923077
4 0.5150042627425404 0.30649038461538464 0.04391254848871148 0.11057692307692307
4 0.3561118673806932 0.05889423076923077 0.046344364978187204 0.11538461538461539
11 0.3574684286587286 0.2920673076923077 0.06113105626444884 0.1778846153846154
8 0.26177609304277066 0.3713942307692308 0.07809783101951985 0.20192307692307693
9 0.35144562946144775 0.4963942307692308 0.05858735843245455 0.15384615384615385
7 0.4386413938872048 0.609375 0.06579889689399301 0.15384615384615385
9 0.5031660377997527 0.1310096153846154 0.05854540292901033 0.1466346153846154
12 0.6448764910156981 0.7307692307692307 0.07780414249540914 0.15144230769230768
12 0.19743005089121754 0.054086538461538464 0.05830765507615876 0.10576923076923077
10 0.42966073169709457 0.30528846153846156 0.051096116614620365 0.10576923076923077
10 0.27435312781429444 0.054086538461538464 0.051054161111175875 0.0985576923076923
10 0.277693980211732 0.21514423076923078 0.053499962768466386 0.10576923076923077
10 0.2572139425269867 0.6201923076923077 0.06319925839073985 0.1201923076923077