11 0.34190642155902007 0.14748437123587624 0.07904889438377506 0.18358738872839112
7 0.17968876309797105 0.152978202027134 0.06652618053174741 0.14017830154727232
12 0.19221063488468473 0.0927282061279033 0.06638632411985931 0.12815907077804153
8 0.16588189645251553 0.3094100153625884 0.08173245336139735 0.20765382154923026
9 0.2496431098516034 0.7928759486853162 0.09090029745874026 0.1693041682172023
10 0.27120274463839056 0.1663383702198618 0.0638985641188803 0.12091956103412553
10 0.2611974462003475 0.3395551497086729 0.05900695796405527 0.11365208000783183
10 0.26476210057286437 0.43928679381091074 0.06146674668265666 0.11848774359790162
10 0.3647463282818147 0.5607361250795826 0.0638426215541252 0.11611186872643323
2 0.7690235108088793 0.2831584542550397 0.09129189541202666 0.20295801437104838
1 0.5944081672011877 0.15296084812468902 0.06415030566027888 0.14255417641874085
3 0.25387654880524074 0.6401617897101415 0.08125694156097801 0.16678843693384565
3 0.3536624513416057 0.43464608713217 0.0716415569455934 0.1666765518043352
6 0.5646109897541953 0.07156573428245107 0.05917478565832086 0.12807515693090873
6 0.5136012923541936 0.33661816505902414 0.06890205540321595 0.13780242667580384
4 0.4120235436150338 0.18152897327769488 0.05422723693874058 0.11599998359692275
4 0.6854203497894384 0.32981052606133293 0.05182339078489443 0.11597201231454513
4 0.5557969970131427 0.6570840860794439 0.06395450668363555 0.12572725334181784
4 0.6120068267394372 0.5290089291485353 0.061550660529789386 0.1256992820594401