11 0.3379929682220971 0.12304207650592848 0.08150868310237645 0.1879615105378883
7 0.17208562668314611 0.12040128385438022 0.06895799796797111 0.14221850777573739
12 0.1870393159060835 0.06326139029075699 0.07119401642755162 0.12652278058151398
8 0.1523111015766416 0.2803829195954826 0.08659608823384482 0.2120279424119794
9 0.221831051388107 0.7800123126483904 0.09336008617734151 0.17360835945388522
10 0.2648574738652439 0.13909362412427978 0.06392653540125799 0.12295976820933856
10 0.25007245440188614 0.31467228952975257 0.06143877540027905 0.11573424457998531
10 0.2488713733902771 0.418051659312952 0.06392653540125799 0.12295976820933856
10 0.34773759186943715 0.547292952324145 0.06627443899034884 0.11816606106946104
2 0.7725453661925157 0.28038051553003435 0.09375168413062805 0.2072622056077315
1 0.5977901661729361 0.1371566783819305 0.06661009437888027 0.1470122149156149
3 0.2308162400846814 0.6224974563163008 0.08371673027957935 0.17114857262877992
3 0.340217527236431 0.4175202229359897 0.07410134566419466 0.17109263195752078
6 0.5692368687264332 0.060332699666281256 0.06152268924741177 0.12066539933256251
6 0.5086117867110469 0.3239861916819696 0.07133387283943958 0.139828646789706
4 0.41055589335552345 0.16108405993302305 0.05425520822111807 0.1180961352303871
4 0.685308464659928 0.3241602049245052 0.05187933334964967 0.12048599621641848
4 0.5413039918841218 0.6543472158220383 0.06401044924839092 0.130171306670877
4 0.6023075282769198 0.5253778322280843 0.061606603094544764 0.13015732150306222