11 0.6594300229675674 0.12574933016699713 0.08040378099866256 0.1860192061646149
7 0.8241214548416586 0.12864098963182333 0.06813281720876538 0.1426101189834961
12 0.8105366866323199 0.06629483168490016 0.0680628913696913 0.13059088821426532
8 0.8418713989943581 0.2870990368090262 0.08536531015231738 0.21251745642167783
9 0.76422349741036 0.7832283824609837 0.09233910076100435 0.1717359856534262
10 0.7316572889254703 0.14414096092643813 0.06321324355855477 0.12332340718797162
10 0.7459063526060118 0.3206698111810536 0.060767441901264124 0.1160838974440556
10 0.7428879604234638 0.4216733065661585 0.06319925839073957 0.12091956103412553
10 0.6426606432722023 0.5490500235029411 0.06558911937677109 0.11854368616265686
2 0.2239780486972856 0.27625881022622517 0.0901310469565654 0.20536186052489452
1 0.401072502100365 0.13837162763797453 0.065742956222734 0.14498599385496463
3 0.7585067691947059 0.627034325025739 0.08270973097780508 0.16922025437006957
3 0.6515278214094954 0.4203323691426614 0.07309434636242046 0.16910836924055894
6 0.43065906848555363 0.06138030663958167 0.06324121389418422 0.12276061327916334
6 0.4874998836514576 0.32487864711356945 0.06811883204095046 0.14020627282965
4 0.5875314084533121 0.1638480840229407 0.05356988860754045 0.1184038297507689
4 0.31198415150115133 0.3209109353425194 0.05116604245369416 0.11837585846839128
4 0.44853648185888534 0.6522772358370658 0.06324121389418422 0.12813109949566398
4 0.39129089818150165 0.5231268686652472 0.06085135290815284 0.13050697436713252