11 0.33723605946727364 0.1466346153846154 0.07664504822992892 0.18269230769230768
7 0.1725586122876233 0.14783653846153846 0.06412233437790126 0.13942307692307693
12 0.1876949569113292 0.08653846153846154 0.06641429540223694 0.12980769230769232
8 0.1514957240611208 0.30528846153846156 0.08176042464377489 0.2091346153846154
9 0.21784902450671828 0.8004807692307693 0.0884964513048941 0.16826923076923078
10 0.264910890234057 0.16466346153846154 0.06389856411888037 0.1201923076923077
10 0.24725797226168045 0.3389423076923077 0.059034929246432825 0.11538461538461539
10 0.2460691927606321 0.4411057692307692 0.06149471796503422 0.1201923076923077
10 0.3431583927435 0.5673076923076923 0.0638426215541252 0.11538461538461539
2 0.7657623302159459 0.2980769230769231 0.0888880492581805 0.20192307692307693
1 0.5930918327988122 0.15985576923076922 0.0641782769426565 0.14423076923076922
3 0.22687869632280122 0.6442307692307693 0.07888106668950942 0.16826923076923078
3 0.3374293322479748 0.43990384615384615 0.06926568207412487 0.16826923076923078
6 0.5664126112716089 0.07692307692307693 0.05920275694069847 0.12980769230769232
6 0.5031976594403518 0.3449519230769231 0.06652618053174741 0.13942307692307693
4 0.40770198048769346 0.18509615384615385 0.05422723693874058 0.11538461538461539
4 0.6787063999534987 0.3425480769230769 0.049447515913426034 0.11778846153846154
4 0.5342493342677664 0.671875 0.06157863181216701 0.12740384615384615
4 0.5946260430030104 0.5444711538461539 0.05917478565832086 0.12740384615384615