11 0.6619107875443949 0.13894251273077335 0.07798594967700148 0.18358738872839114
7 0.8241983732646398 0.14186214347797718 0.0657149858871043 0.14017830154727232
12 0.8118225207161317 0.08070392296678829 0.06564506004803022 0.12815907077804153
8 0.8419343322495247 0.2979163445013339 0.08294747883065658 0.21008563898545404
9 0.7654463982390053 0.7868201660505642 0.08992126943934355 0.1693041682172023
10 0.7341380535022979 0.15733414349021435 0.06319925839073985 0.12091956103412553
10 0.7459692858611783 0.3314871188733613 0.05834961057960332 0.11365208000783183
10 0.7453547398324768 0.43246264297608855 0.06079541223689343 0.12089158975174791
10 0.6463083680064159 0.5562196050409132 0.06557513420895643 0.11613984000881071
2 0.23485828964475988 0.2869502471478336 0.09011706178875055 0.20295801437104838
1 0.40836095898488484 0.15150886763699556 0.06332512490107306 0.14255417641874088
3 0.759743655191166 0.6330299547691656 0.080291899656144 0.16678843693384565
3 0.6551825387276163 0.42870387375755653 0.07067651504075939 0.1666765518043352
6 0.43673161712533565 0.06944244301769503 0.06085135290815284 0.1305069743671325
6 0.49356543970733213 0.33442410352301005 0.0681048468731358 0.13780242667580372
4 0.5924090266000784 0.17581137222741627 0.05355590343972567 0.11599998359692275
4 0.3192586232178564 0.3316443291876943 0.0511660424536943 0.11837585846839128
4 0.45578298323996075 0.6582029373745483 0.06324121389418422 0.12813109949566398
4 0.39734246906956144 0.5302684789208416 0.06083736774033806 0.12810312821328623