11 0.6598557692307693 0.14399760989637683 0.07692307692307693 0.1855436792162273
7 0.8233173076923077 0.14785431079266298 0.0673076923076923 0.1398146616218912
12 0.8100961538461539 0.08663315229256742 0.0673076923076923 0.13019927700650663
8 0.8389423076923077 0.3052153302787899 0.08173076923076923 0.20961011109031852
9 0.7596153846153846 0.7960614562012935 0.09134615384615384 0.17120451330003908
10 0.7319711538461539 0.16160690101577907 0.0625 0.1205559220554924
10 0.7427884615384616 0.33702473699138175 0.057692307692307696 0.11572025941217053
10 0.7415865384615384 0.4379932680368276 0.0625 0.1205559220554924
10 0.640625 0.5623787220081259 0.06490384615384616 0.11576221491561502
2 0.2283653846153846 0.28953679367297896 0.0889423076923077 0.2048443742860705
1 0.40384615384615385 0.15510241488403725 0.0625 0.14459438359395393
3 0.7548076923076923 0.6410413496138462 0.07932692307692307 0.16873074130711913
3 0.6502403846153846 0.4349189351830206 0.07211538461538461 0.16868878580367463
6 0.4338942307692308 0.07199490797866001 0.06009615384615385 0.13015732150306222
6 0.4879807692307692 0.3397090878566732 0.0673076923076923 0.13741081546804507
4 0.5889423076923077 0.18046786465460565 0.052884615384615384 0.11569228907654096
4 0.3137019230769231 0.3347133971386306 0.05048076923076923 0.11808215006257232
4 0.4495192307692308 0.6632501582340177 0.0625 0.12776746051703086
4 0.390625 0.536188948691634 0.06009615384615385 0.12775347534921608