11 0.34134615384615385 0.14621666306047032 0.07692307692307693 0.18554367921622733
7 0.1778846153846154 0.15007336395675647 0.0673076923076923 0.13981466162189124
12 0.18990384615384615 0.08884521287275354 0.0673076923076923 0.1301992770065066
8 0.16105769230769232 0.30742739085897597 0.08173076923076923 0.20961011109031852
9 0.2403846153846154 0.7982735167814797 0.09134615384615384 0.17120451330003908
10 0.2692307692307692 0.16502787725679566 0.0625 0.1205559220554924
10 0.25721153846153844 0.3392367975715678 0.057692307692307696 0.11572025941217053
10 0.25961538461538464 0.4402123212009211 0.0625 0.1205559220554924
10 0.359375 0.5657927056652352 0.06490384615384616 0.11576221491561475
2 0.7716346153846154 0.2917488542531651 0.0889423076923077 0.20484437428607058
1 0.5961538461538461 0.15731447546422336 0.0625 0.14459438359395393
3 0.24519230769230768 0.6432534101940324 0.07932692307692307 0.16873074130711913
3 0.34975961538461536 0.43713099576320674 0.07211538461538461 0.16868878580367463
6 0.5673076923076923 0.07421396114275351 0.06009615384615385 0.13015732150306222
6 0.5120192307692307 0.34192114843685933 0.0673076923076923 0.13741081546804507
4 0.41225961538461536 0.18268691781869914 0.052884615384615384 0.11569228907654089
4 0.6862980769230769 0.33692545771881666 0.05048076923076923 0.11808215006257218
4 0.5516826923076923 0.6666711344750342 0.0625 0.12776746051703086
4 0.609375 0.5384010092718202 0.06009615384615385 0.12775347534921594