11 0.6607368348031014 0.15144230769230768 0.07798594967700148 0.18269230769230768
7 0.8230244205233463 0.15625 0.0657149858871043 0.13942307692307693
12 0.810641575390931 0.09375 0.06564506004803022 0.12740384615384615
8 0.8395584564313082 0.3125 0.08294747883065658 0.2091346153846154
9 0.7642724454977118 0.8004807692307693 0.08992126943934355 0.16826923076923078
10 0.7317551851001739 0.16947115384615385 0.06319925839073985 0.1201923076923077
10 0.7447883405359774 0.34375 0.05834961057960305 0.11298076923076923
10 0.7429648788464452 0.44350961538461536 0.06079541223689343 0.1201923076923077
10 0.643925499604292 0.5673076923076923 0.06557513420895643 0.11538461538461539
2 0.23247542124263593 0.2932692307692308 0.09011706178875062 0.20192307692307693
1 0.40597809058276096 0.15985576923076922 0.06332512490107306 0.14182692307692307
3 0.7573607867890421 0.6454326923076923 0.080291899656144 0.1658653846153846
3 0.6540085859863229 0.4411057692307692 0.07067651504075965 0.1658653846153846
6 0.43555067180013474 0.078125 0.06085135290815284 0.12980769230769232
6 0.49118956388911555 0.3449519230769231 0.0681048468731358 0.13701923076923078
4 0.5900331507818618 0.1875 0.05355590343972567 0.11538461538461539
4 0.3180776778926555 0.3389423076923077 0.0511660424536943 0.11778846153846154
4 0.45340011483783677 0.6670673076923077 0.06324121389418422 0.12740384615384615
4 0.3961615237443606 0.5384615384615384 0.06083736774033806 0.12740384615384615