11 0.6494362374660338 0.13065492196301107 0.08041776616647721 0.18842305231846104
7 0.8153156072492332 0.12632105732511 0.06813281720876538 0.1426101189834961
12 0.8012491521054337 0.06524312610171569 0.0680628913696913 0.13048625220343138
8 0.836027201558072 0.2847231619375577 0.08536531015231766 0.21251745642167783
9 0.7694093709917639 0.7866663239974874 0.09235308592881927 0.17413983180727208
10 0.7226626415675454 0.14542679785049403 0.06321324355855477 0.12332340718797162
10 0.7408724935478344 0.3206837968222424 0.060767441901264124 0.1160838974440556
10 0.7414730544087212 0.4240351957964382 0.06321324355855477 0.12332340718797169
10 0.643362086115953 0.5549757250404236 0.06558911937677109 0.11854368616265686
2 0.21701583919096523 0.2955315363805608 0.09254887827822635 0.2077936779611183
1 0.39092487975286877 0.15048875789552693 0.06575694139054879 0.14738984000881078
3 0.7607100148682484 0.6293262860500748 0.08272371614561973 0.17162410052391544
3 0.6489249774856443 0.4251120901679761 0.07310833153023512 0.17151221539440512
6 0.4178566683186942 0.06625093433262359 0.060865338075967765 0.13250186866524719
6 0.4823960987542063 0.3345080173701429 0.0705226781947966 0.14023424411202748
4 0.5782990132425355 0.16994161325468893 0.05356988860754045 0.1184038297507689
4 0.30570641386260655 0.3377658297018201 0.05118002762150908 0.12077970462223743
4 0.4504180686726874 0.6665884276306322 0.063255199061999 0.13053494564951015
4 0.3898681982277022 0.5386959261004919 0.06085135290815284 0.13050697436713238