11 0.6579562482250341 0.14281666457117595 0.07664504822992878 0.1831258478945664
7 0.8202298492508382 0.14307458882060023 0.06412233437790113 0.13978669128626164
12 0.8063094133452442 0.08305535339742778 0.06398247796601317 0.12776746051703086
8 0.841278751836152 0.2992127074780819 0.07932860720755112 0.20717829460084267
9 0.7760574462615335 0.7888079622363106 0.0884964513048941 0.16877269681056362
10 0.7302674318170619 0.15922403261365511 0.061494717965034286 0.12054193688767761
10 0.7467044410713266 0.3322170446836894 0.05900695796405513 0.11331641325832437
10 0.7478932205723748 0.43438050622215096 0.059090871811188134 0.12052795171986283
10 0.6507900349483181 0.5599538981025577 0.0638426215541252 0.1157482297478001
2 0.2342236841428653 0.2955324238897795 0.0888880492581805 0.20242654296440962
1 0.40449033540615287 0.15631133054486773 0.061746459506432726 0.142176552272293
3 0.7670557457278282 0.6350037638936012 0.07882512412475425 0.16390906383161188
3 0.6577210185207665 0.4325011038613597 0.0692377107917471 0.1662569693141989
6 0.43118354257454494 0.07441973188422835 0.05920275694069847 0.1301433363352474
6 0.4931686000465013 0.33970209527276585 0.06647023796699217 0.1349929841463841
4 0.5874763415634254 0.18048884240632782 0.05182339078489443 0.1156783039087261
4 0.3200637056872007 0.33830518120158504 0.04941954463104828 0.11566431874091138
4 0.4632768913724434 0.6632151953144807 0.061550660529789386 0.12534962919537007
4 0.4029141682783882 0.5373559088490201 0.05914681437594337 0.12533564402755515