9 0.7646366416036086 0.7851882078377267 0.09229714525755985 0.16399297483850062
7 0.5636303945275503 0.42218726221038466 0.06823071338346888 0.15904543085266043
11 0.6578287212527731 0.13799498709566885 0.06359084308955414 0.18786361436318472
8 0.8408209086979497 0.2919731986809138 0.08304537500535994 0.22643703416724154
12 0.8132194347873126 0.0781987130023837 0.06328316939762857 0.13497899897856933
10 0.732208100343856 0.16159990843187172 0.05352793310409609 0.11088459676884864
10 0.7504599078275894 0.32975725785858406 0.058335625411788126 0.11091256710447822
10 0.7450788236394904 0.428342920501906 0.06315730288729562 0.11334438359395395
10 0.6482187265109971 0.5502965579837287 0.06563107488021558 0.1253775995309995
2 0.23267580211050223 0.290703753830365 0.0902009727956394 0.21686360505530133
6 0.43102188149358894 0.07801850853109019 0.05363981444661438 0.13011536599961784
6 0.6530761682611905 0.3351313494627757 0.06331113973325814 0.13978669128626164
3 0.6561295233632755 0.43006229478797653 0.06818875788002451 0.15183389239112197
3 0.7582991761304949 0.6349897787257864 0.06825868371909831 0.16385312316035275
1 0.4950446620751029 0.2290832166923984 0.061019174921930416 0.15900347534921608
4 0.5879283830257349 0.17085248003922102 0.05352793310409609 0.11088459676884864
4 0.3165446993066365 0.3358873498799241 0.053499962768466386 0.10607690446115633
4 0.3923070073010853 0.5349590552790814 0.058419536418677115 0.12533564402755515
4 0.4552537313160094 0.6643961406396814 0.05839156608304755 0.12052795171986283