9 0.7728365384615384 0.8034639211305546 0.09134615384615384 0.16452444719188775
7 0.5673076923076923 0.4332839149488077 0.0673076923076923 0.1618408882142654
11 0.6610576923076923 0.14831710265384201 0.0625 0.1882272533418178
8 0.8473557692307693 0.3067348770381066 0.08173076923076923 0.22691256206237712
12 0.8173076923076923 0.09003908216223265 0.0625 0.1353426379572024
10 0.7355769230769231 0.17322267394600938 0.052884615384615384 0.11119229128923044
10 0.7548076923076923 0.3429175980511841 0.057692307692307696 0.11124823385398568
10 0.7512019230769231 0.442635256512233 0.0625 0.11611186872643323
10 0.6538461538461539 0.5640985734220938 0.0673076923076923 0.12578319590657308
2 0.23197115384615385 0.2947665364417468 0.09134615384615384 0.21981290873034906
6 0.43149038461538464 0.08434776826370359 0.052884615384615384 0.13042306051999966
6 0.6574519230769231 0.3465924534225833 0.0625 0.14015033026489476
3 0.6610576923076923 0.44278825649999587 0.06971153846153846 0.1546573210351044
3 0.765625 0.651937699591114 0.0673076923076923 0.16424473436811127
1 0.4963942307692308 0.23654530058020667 0.0625 0.15938109949566392
4 0.5913461538461539 0.17995785854181448 0.052884615384615384 0.11119229128923044
4 0.3161057692307692 0.34141860824804 0.052884615384615384 0.10638459898153813
4 0.3954326923076923 0.5430628144126548 0.057692307692307696 0.1256713107770626
4 0.45913461538461536 0.6760155918572 0.057692307692307696 0.1208636184693703