9 0.7576803137394454 0.7905189608406125 0.0932482010478309 0.16399297483850062
7 0.5527134194290936 0.43112917431764813 0.07155764309846055 0.15905941602047521
11 0.6437544153650359 0.14798578678904212 0.06705763489692192 0.18547375337715336
8 0.8271023640625893 0.29930302932616604 0.08676391592811027 0.22645101933505632
12 0.7971119138348957 0.08757576802220475 0.0640384205307684 0.13257515282472318
10 0.7168059958747564 0.17124887286893184 0.0565751405278315 0.11089858193666337
10 0.7377125158522398 0.33724711657855705 0.06138283283552381 0.110926552272293
10 0.734147861479723 0.43699274679535766 0.06381465027174744 0.11334438359395395
10 0.6389853117196539 0.5578415560198113 0.06873422770895023 0.12298773854496813
2 0.22126320508741448 0.30178838242145267 0.0962953866963623 0.21929542154477707
6 0.41726226460363686 0.08897188073823613 0.0567709395044747 0.12772550501358648
6 0.6414747558512608 0.3438992483275036 0.06649820924936979 0.13739683030023025
3 0.6451915681462264 0.4376772186631332 0.07387757540517398 0.15186186272675156
3 0.7485972255545494 0.6414175660469842 0.07161358566321578 0.16386710832816767
1 0.4816338143269945 0.23839493439160458 0.06431813335454446 0.15661361436318472
4 0.573651278950211 0.18123406307625917 0.054171294373985344 0.11088459676884857
4 0.3060822748249672 0.34675600972503184 0.054115351809230106 0.10607690446115633
4 0.38431747582384956 0.5443398974622121 0.06152268924741177 0.12294578304152377
4 0.44773884401168257 0.6721213431470578 0.061494717965034286 0.12054193688767748