9 0.22279657322629862 0.7911607672109776 0.09565204720167732 0.16455241847426522
7 0.4361268809675551 0.43301734570090633 0.07158561438083816 0.16186885949664287
11 0.3529030163908401 0.14715461030454324 0.06708560617929954 0.1882552246241954
8 0.16364082560105078 0.2964151579713975 0.08676391592811047 0.22694053334475475
12 0.199784115886504 0.08286444823237638 0.06647023796699217 0.13537060923958
10 0.27811805843902204 0.16912403901237588 0.0565751405278315 0.11122026257160805
10 0.25335150149342867 0.3347236964451732 0.06138283283552381 0.11127620513636316
10 0.25458055378741534 0.43571320618908926 0.06621849642559373 0.11373599385496455
10 0.3469040183861573 0.5594002400479698 0.06876219899132799 0.12578319590657294
2 0.7729458973951068 0.3095154934387364 0.09629538669636216 0.21984088001272675
6 0.5819397117832873 0.09211957443810824 0.05679891078685246 0.1304510318023773
6 0.3506093712358762 0.3442699949199278 0.06652618053174728 0.14017830154727223
3 0.3435088758385342 0.43795006671398384 0.07387757540517384 0.152281446163636
3 0.2341601629902837 0.6410322677251034 0.07161358566321578 0.16427270565048901
1 0.5128977999681833 0.24037484006999676 0.06434610463692209 0.15938109949566398
4 0.42102103382216893 0.1816056380061512 0.054171294373985344 0.11119229128923044
4 0.6870918902095825 0.3529936667604852 0.05414332309160786 0.10878844513538428
4 0.6030674758238496 0.5491580277750312 0.061550660529789525 0.12569928205944023
4 0.5366671660628014 0.677008572381605 0.061494717965034286 0.12089158975174777