9 0.7633787778554263 0.8037471072706737 0.09471497657922093 0.16641080616016168
7 0.5527641387478908 0.43712480453444874 0.07066252987294473 0.16386710832816753
11 0.6433916591618816 0.14797879420513468 0.0684125205650611 0.19029543085266049
8 0.8324004545755805 0.3029297763086575 0.0878810376486821 0.23127269681056342
12 0.8000052735250662 0.08638783011309646 0.06568701555147473 0.1349929841463841
10 0.7189799539137949 0.17125586545283925 0.05834961057960332 0.11331641325832437
10 0.7408305380443901 0.3408598783932337 0.06075345673344948 0.11333039842613915
10 0.7378393148423223 0.44180743168695735 0.06557513420895643 0.11576221491561488
10 0.6421601630390299 0.5662550175582729 0.06803492103406174 0.12539158469881428
2 0.2145770301175821 0.30534520356487016 0.09744048159280744 0.221713252866438
6 0.41176314192719016 0.08773499474177605 0.05844750675430669 0.13014333633524744
6 0.6422308902332533 0.3474980249743655 0.06813281720876538 0.14221850777573736
3 0.6476810989052768 0.4436868340477486 0.07301043535553174 0.1542657088805977
3 0.7546514513962812 0.6510469358301838 0.07067651504075965 0.16627095448201382
1 0.4793846991555659 0.2407778027937285 0.0658408523974375 0.16143529183869182
4 0.5734773357670284 0.1824289935692748 0.0559457644257569 0.11330242809050958
4 0.3008567660514699 0.3503198234523567 0.05591779409012732 0.10849473578281728
4 0.3814197737697036 0.5515164730042136 0.060823382572523274 0.12534962919536993
4 0.44796527443148954 0.6829176730876433 0.06321324355855464 0.12295976820933856