9 0.7702750682984199 0.7992788461538461 0.09229714525755985 0.16346153846153846
7 0.5626064914689098 0.43149038461538464 0.06824469855128366 0.16105769230769232
11 0.6534903334220259 0.14543269230769232 0.06359084308955414 0.1875
8 0.8406974462530646 0.3016826923076923 0.08304537500536022 0.22596153846153846
12 0.809390704226656 0.08533653846153846 0.06328316939762857 0.1346153846153846
10 0.7293513389463278 0.16947115384615385 0.05352793310409609 0.11057692307692307
10 0.7495680625080402 0.3389423076923077 0.058335625411788126 0.11057692307692307
10 0.7453407546646619 0.4387019230769231 0.06317128805511028 0.11538461538461539
10 0.6499001520693704 0.5612980769230769 0.06803492103406174 0.125
2 0.22528486053281968 0.296875 0.09261880411730034 0.21875
6 0.4235594113665335 0.0829326923076923 0.05363981444661438 0.12980769230769232
6 0.6510383405359774 0.34375 0.06331113973325814 0.13942307692307693
3 0.6564054395562615 0.43990384615384615 0.07060658920168532 0.15384615384615385
3 0.7621824642645492 0.6478365384615384 0.06825868371909859 0.16346153846153846
1 0.4905532387535424 0.23557692307692307 0.06342302107577656 0.15865384615384615
4 0.5839675947259872 0.1778846153846154 0.05352793310409609 0.11057692307692307
4 0.3108871171828393 0.3425480769230769 0.053499962768466386 0.10576923076923077
4 0.39017987869537474 0.5432692307692307 0.058419536418677115 0.125
4 0.4558529090790347 0.6754807692307693 0.05839156608304755 0.1201923076923077