9 0.22860691963154586 0.7862123305088045 0.0922831600897452 0.16158912868465444
7 0.4374144862828124 0.43044390109472314 0.07063455953731503 0.15905941602047521
11 0.3525192819625894 0.1474885119764674 0.06598070407558551 0.18547375337715336
8 0.16654905512801083 0.2966520386701127 0.08543523599139145 0.22404717318121017
12 0.20143359604955907 0.08530936948105829 0.06326918422981379 0.13257515282472318
10 0.27906911517604116 0.16989850281965457 0.055931779257942175 0.11089858193666344
10 0.2552745927191892 0.33442910526387554 0.06073947156563449 0.110926552272293
10 0.2582999774856443 0.4342096984002132 0.06315730288729543 0.11334438359395395
10 0.35014180343407403 0.5561423581303135 0.06802093586624694 0.12298773854496813
2 0.7698794768238584 0.306171931176242 0.09500866510333157 0.2168915753909309
6 0.5788094718677755 0.09231273313567366 0.05602967543264575 0.12772550501358648
6 0.35138648336959094 0.34220005043800583 0.06570100071928965 0.13739683030023025
3 0.34603336951712155 0.43592208010237626 0.07299645018771682 0.15186186272675156
3 0.23908938465144788 0.637229809641602 0.07064854470512981 0.16146326217432153
1 0.5118436148163964 0.23976467948230518 0.06340903590796178 0.15661361436318472
4 0.4208331049977977 0.18154093541303526 0.05351394793628117 0.1084807506150025
4 0.6842912053416537 0.34894468848804744 0.05349996276846652 0.10607690446115633
4 0.6038244910878247 0.5443966394886208 0.05840555125086219 0.12293179787370899
4 0.5381794310397943 0.6714228861114673 0.060781427069078776 0.11813809073383161