9 0.7668269230769231 0.8045959160015337 0.09134615384615384 0.16452444719188747
7 0.5612980769230769 0.4368197559736328 0.0673076923076923 0.1618408882142654
11 0.6550480769230769 0.15185294367866725 0.0625 0.1882272533418178
8 0.8401442307692307 0.310256732421743 0.08173076923076923 0.22691256206237712
12 0.8100961538461539 0.09476286062279214 0.0625 0.1353426379572024
10 0.7295673076923077 0.17796043804775769 0.052884615384615384 0.11119229128923044
10 0.7487980769230769 0.34645343907600934 0.057692307692307696 0.11124823385398568
10 0.7439903846153846 0.4461571118958695 0.0625 0.11611186872643323
10 0.6478365384615384 0.567634414446919 0.0673076923076923 0.12578319590657308
2 0.22716346153846154 0.29831636310776083 0.09134615384615384 0.21740906257650286
6 0.4266826923076923 0.08789759492971762 0.052884615384615384 0.13042306051999966
6 0.6502403846153846 0.3501143088062197 0.0625 0.14015033026489476
3 0.6550480769230769 0.44512217444789803 0.06971153846153846 0.1546573210351044
3 0.7584134615384616 0.6542576318978275 0.0673076923076923 0.16424473436811154
1 0.49038461538461536 0.24008114160503188 0.0625 0.15938109949566398
4 0.5853365384615384 0.1846956226435628 0.052884615384615384 0.11119229128923044
4 0.3125 0.34498242055524286 0.052884615384615384 0.10638459898153813
4 0.390625 0.5466126410786689 0.057692307692307696 0.1256713107770626
4 0.4543269230769231 0.6771615723693678 0.057692307692307696 0.1208636184693703