9 0.7808371672868483 0.7908653846153846 0.0956800184840548 0.1658653846153846
7 0.5757804646721651 0.4182692307692308 0.07161358566321578 0.16346153846153846
11 0.6709955887357335 0.1310096153846154 0.06951742361552331 0.18990384615384615
8 0.857965818501187 0.2920673076923077 0.08922370464671193 0.23076923076923078
12 0.8277901866767827 0.07451923076923077 0.06647023796699231 0.1346153846153846
10 0.7458085179699292 0.15625 0.05900695796405513 0.11298076923076923
10 0.7658373108137743 0.328125 0.06141080411790129 0.11298076923076923
10 0.7598005662120954 0.42908653846153844 0.06624646770797135 0.11538461538461539
10 0.6614395149463601 0.5492788461538461 0.06876219899132799 0.125
2 0.23879362055034792 0.2764423076923077 0.09872720413258608 0.22115384615384615
6 0.44065907077804156 0.06490384615384616 0.05920275694069847 0.12980769230769232
6 0.6661056667115364 0.33052884615384615 0.06895799796797118 0.14182692307692307
3 0.6696283641604868 0.4266826923076923 0.07390554668755173 0.15384615384615385
3 0.7730513754712547 0.6382211538461539 0.07164155694559327 0.1658653846153846
1 0.5049632184913972 0.21995192307692307 0.06677792207314572 0.16105769230769232
4 0.6004597395093696 0.16346153846153846 0.05660311181020898 0.11298076923076923
4 0.32467559901824977 0.3233173076923077 0.05654716924545388 0.10817307692307693
4 0.4027603262253114 0.5264423076923077 0.061550660529789525 0.125
4 0.46681273239726867 0.6598557692307693 0.06392653540125792 0.12259615384615384