9 0.7726089886131919 0.7872596153846154 0.09229714525755985 0.16346153846153846
7 0.5625855137171876 0.42788461538461536 0.07063455953731503 0.15865384615384615
11 0.6474737254535031 0.14423076923076922 0.06598070407558564 0.18509615384615385
8 0.8346528679489122 0.2956730769230769 0.0854492211592061 0.22596153846153846
12 0.7997613344434568 0.0829326923076923 0.06326918422981392 0.13221153846153846
10 0.7221258153169745 0.16706730769230768 0.055931779257942245 0.11057692307692307
10 0.745927330357734 0.3329326923076923 0.060739471565634556 0.11057692307692307
10 0.7429019455912788 0.4326923076923077 0.06315730288729562 0.11298076923076923
10 0.6510671122267564 0.5552884615384616 0.06802093586624708 0.12259615384615384
2 0.2289186000992185 0.3016826923076923 0.0950226502711465 0.21875
6 0.41998161247139393 0.08774038461538461 0.05602967543264575 0.12740384615384615
6 0.648613516630409 0.3401442307692308 0.06570100071928937 0.13701923076923078
3 0.6539736230667859 0.43509615384615385 0.07299645018771682 0.15144230769230768
3 0.76212652359329 0.6382211538461539 0.07066252987294447 0.16346153846153846
1 0.48695446210668053 0.23677884615384615 0.06340903590796178 0.15625
4 0.579159902418295 0.1778846153846154 0.05352793310409609 0.11057692307692307
4 0.31330494850450025 0.3449519230769231 0.053499962768466386 0.10576923076923077
4 0.39618250149608275 0.5420673076923077 0.06080939740470848 0.12259615384615384
4 0.4606326310510974 0.6706730769230769 0.0607954122368937 0.1201923076923077