5 0.21436965666580843 0.2800480769230769 0.08030588482395878 0.16826923076923078
2 0.20759165840652866 0.3545673076923077 0.08286356782376772 0.19471153846153846
1 0.2367237068377364 0.1971153846153846 0.05605764576827532 0.13221153846153846
1 0.1903180113146815 0.484375 0.06326918422981379 0.13221153846153846
3 0.25429104245369427 0.11778846153846154 0.05840555125086233 0.12259615384615384
3 0.1657628999222219 0.6021634615384616 0.07766429081726113 0.12740384615384615
6 0.2599160657234027 0.051682692307692304 0.058293669908343906 0.10336538461538461
6 0.15085114348077655 0.7247596153846154 0.07285659850956883 0.12740384615384615
4 0.2554394289248064 0.7283653846153846 0.053499962768466455 0.10576923076923077
4 0.2715531084431749 0.6057692307692307 0.05587583858668296 0.10096153846153846
4 0.2853538453984934 0.4987980769230769 0.05345800726502203 0.0985576923076923
4 0.29915458235381187 0.3918269230769231 0.048650314957329716 0.0985576923076923
4 0.3142061904734052 0.2932692307692308 0.04624646880348356 0.0985576923076923
4 0.3269518486138559 0.21153846153846154 0.04863632978951493 0.09615384615384616
4 0.33488981444661436 0.12980769230769232 0.043814652314007836 0.09375
4 0.3440297033562959 0.04807692307692308 0.04382863748182263 0.09615384615384616
11 0.8212988550085178 0.27283653846153844 0.0683006392225428 0.17067307692307693
8 0.836232390556835 0.3605769230769231 0.0732621683761979 0.1971153846153846
7 0.8184544760685056 0.1971153846153846 0.0536537996144293 0.13221153846153846
7 0.8489998278041573 0.4891826923076923 0.06572897105491922 0.14182692307692307
9 0.8143941888837555 0.11899038461538461 0.060823382572523274 0.125
9 0.8509849202787089 0.6237980769230769 0.07049470785916703 0.1346153846153846
12 0.8043802269856491 0.05048076923076923 0.05341605176157753 0.09134615384615384
12 0.8649542806029544 0.7524038461538461 0.07774820182414999 0.14182692307692307
10 0.7298470110486037 0.04807692307692308 0.04859437428607057 0.0889423076923077
10 0.7279116680165532 0.12860576923076922 0.04862234462170015 0.09375
10 0.7284151340578858 0.21514423076923078 0.04624646880348356 0.0985576923076923
10 0.7325173767460803 0.3004807692307692 0.05347199243283667 0.10096153846153846
10 0.7331187389621167 0.40384615384615385 0.058293669908343906 0.10336538461538461
10 0.7421405553005218 0.5084134615384616 0.058279684740528984 0.10096153846153846
10 0.7403380713627119 0.6117788461538461 0.055931779257942245 0.11057692307692307
10 0.7506806847044659 0.7367788461538461 0.05595974959357182 0.11538461538461539