5 0.7841301432146986 0.2930137105852547 0.07788805350229785 0.1663129099854581
2 0.7905663062176653 0.3663659811970994 0.08044573650210679 0.19276920284558052
1 0.7620060469565655 0.20875322869030616 0.053639814446614656 0.13011536599961787
1 0.8069534978635718 0.497466500172511 0.06085135290815284 0.13015732150306222
3 0.7459195364186771 0.12933540202258692 0.05839156608304755 0.12052795171986283
3 0.8304753095480352 0.615387820805213 0.07524645949560019 0.12543354020225878
6 0.7406992816604483 0.05839397014849579 0.051096116614620365 0.1060629192933415
6 0.8456116300296668 0.7380678856582557 0.07284261334175404 0.12541955503444385
4 0.7410653000890813 0.7410653000890813 0.05349996276846652 0.10607690446115633
4 0.7247200639466193 0.6171763195752082 0.05347199243283667 0.10126921215346403
4 0.71207849320963 0.5101352398899803 0.05345800726502203 0.09886536599961787
4 0.6994369224726408 0.4030941602047525 0.04623248363566891 0.09641956434232722
4 0.6844334610852498 0.3032506338132484 0.04382863748182276 0.0964055791745125
4 0.6719387346103161 0.22144993874340516 0.04623248363566891 0.09641956434232729
4 0.664244707859167 0.13847529093226846 0.043814652314007836 0.09400173302066636
4 0.6577386190171264 0.05310378955119299 0.0390349303419451 0.09878145499272906
11 0.17704710802602644 0.27025168648124936 0.06589679306869672 0.17105067645407643
8 0.1619325666512665 0.3579011675058378 0.06845447606850566 0.1975069693141989
7 0.17901042139370651 0.19454451780291035 0.051235968292768226 0.13010138083180303
7 0.14825769620628118 0.48642302572971824 0.0633111397332582 0.13978669128626164
9 0.18577443448517147 0.1176633963832778 0.058419536418677115 0.1253356440275551
9 0.14544208895704797 0.6222193556703038 0.06809086170532092 0.1350069693141989
12 0.19618617231085006 0.048014791176905915 0.0510261907755463 0.09404368852411073
12 0.13055830285123218 0.7495322982333537 0.07292652434864279 0.13984263195752078
10 0.27069841049617344 0.047246408302241534 0.046204513300039204 0.09161187203463497
10 0.27117390620187654 0.12897717753301075 0.046204513300039204 0.09161187203463499
10 0.27047544916628613 0.2155086464875649 0.04384262264963741 0.09880942532835867
10 0.2661642303160191 0.30081721461347377 0.05106814627899066 0.10125522698564918
10 0.26436174637820914 0.40416861406104354 0.055889823754497754 0.10368704347512483
10 0.2553547165627682 0.5086799810820921 0.05587583858668296 0.10128319732127881
10 0.25475415570188137 0.6120383731135692 0.05352793310409602 0.11088459676884864
10 0.2458590072289588 0.7357805093653871 0.0535559034397256 0.11569228907654096