5 0.7829142349699608 0.27696702553496994 0.07790203867011278 0.1691643118053142
2 0.7893573905568348 0.3514163280982566 0.08044573650210679 0.19323074462615336
1 0.7607901387118274 0.193084151691753 0.0536537996144293 0.13282690667384583
1 0.8057445822027413 0.48224413014741757 0.060865338075967765 0.13291082052097855
3 0.7446966355900317 0.1127371188733613 0.05840555125086247 0.12326746462321644
3 0.8292733864711123 0.600968787580215 0.07526044466341485 0.12827095590755194
6 0.7394833734157105 0.047535949695212014 0.053485977600651595 0.09507189939042403
6 0.8444097069527436 0.7233971137321031 0.07284261334175404 0.12583913847132833
4 0.7398633770121582 0.7282196337462984 0.05349996276846652 0.10638459898153813
4 0.7235111482857888 0.6034014470817528 0.05347199243283667 0.10157690667384582
4 0.7108695775487995 0.4965701496474869 0.05345800726502203 0.09917306051999966
4 0.6970190911509799 0.3885509147774868 0.04624646880348356 0.09908914667286695
4 0.683217552840512 0.28894514144594835 0.04384262264963741 0.09906117539048925
4 0.6707228263655781 0.2073542286270671 0.04623248363566891 0.09668530051902066
4 0.6618198839535986 0.12331751273077336 0.04382863748182276 0.09665732923664307
4 0.656529703356296 0.04438471380307891 0.04382863748182276 0.08876942760615782
11 0.1734273536274424 0.26482697638692415 0.06589679306869672 0.17142830154727223
8 0.1583198048365899 0.35395109741468633 0.06845447606850559 0.19789858052195755
7 0.17538367441121508 0.18787592818146961 0.05365379961442917 0.13282690667384583
7 0.14344301131468148 0.48273867998091 0.0633111397332582 0.14015033026489476
9 0.18214768750268004 0.11086893741125989 0.058419536418677115 0.12567131077706256
9 0.14182932714237134 0.6185839589555951 0.06809086170532092 0.1353985805219574
12 0.19257341049617344 0.04470107486045506 0.051012205607731516 0.08940214972091012
12 0.12575061054353986 0.7473855271630078 0.07292652434864279 0.14026221539440525
10 0.2670856486814968 0.043058604086084674 0.04859437428607057 0.08611720817216935
10 0.2675471592193851 0.1206932645791625 0.046204513300039204 0.09187760821132841
10 0.26685569476770205 0.20844763483573592 0.043856607817452195 0.10146502154433541
10 0.26254447591743507 0.2938401158620296 0.05347199243283681 0.10157690667384582
10 0.2607489845635325 0.39843539483671486 0.055889823754497754 0.10400872411006946
10 0.2517419547480916 0.503114587658533 0.05587583858668296 0.10160487795622344
10 0.2523503095480352 0.6076818953508407 0.05352793310409602 0.11119229128923044
10 0.24225323799818957 0.7316058430446168 0.0535559034397256 0.11599998359692275