5 0.7825892532928691 0.3072235324144007 0.07644924925328557 0.1667324943690904
2 0.7877317589237786 0.38181269138957546 0.08156462566713156 0.19323074462615336
1 0.7619196471502812 0.2240390985653099 0.05439506463300603 0.13042306051999966
1 0.8018463096753877 0.5118021970327222 0.06160660309454449 0.13050697436713238
3 0.7472176994687422 0.14453036215293238 0.059090871811187856 0.1208636184693703
3 0.8233122553004235 0.629856385753771 0.07356989129902029 0.12583913847132833
6 0.7432351599911893 0.07356095804971564 0.0516835343730062 0.10395278154531437
6 0.835120859386508 0.7514044585760786 0.07116604514517413 0.12581116718895055
4 0.7329154409244801 0.7538214483057997 0.05408738052685262 0.10398075282769198
4 0.718730961966927 0.6298415580472683 0.05403143796209738 0.09917306051999966
4 0.7067545301865767 0.5227165621480375 0.05400346667971963 0.09676921436615352
4 0.6959660358419607 0.41680747496691867 0.04438808206433501 0.09665732923664304
4 0.6826897814963655 0.3180819549649608 0.04438808206433501 0.09665732923664304
4 0.6728234974048966 0.23622531496349228 0.046791928218181164 0.09668530051902066
4 0.6653750451084625 0.15319472316747834 0.04436011078195753 0.09425348308279692
4 0.6615743189663639 0.0666003190642616 0.03960836103902046 0.09900523282573402
11 0.17943365329531644 0.28217389438377505 0.06686183592027864 0.16902445539342623
8 0.16278770148853375 0.3697324656637052 0.0696013374626561 0.1978985805219577
7 0.1827185948440572 0.20648071181999883 0.05199121847916001 0.13039508923762205
7 0.14688214659944365 0.4969684841232858 0.061718488224055075 0.14012235898251701
9 0.19082521434167915 0.12964154874405473 0.059146814375943234 0.1256713107770626
9 0.1417099855555284 0.6315419118151039 0.06887408412083833 0.1353985805219577
12 0.20250963178769263 0.0552481887455232 0.05171150565538395 0.10635662769916053
12 0.12460250758951522 0.7587639446334957 0.07373771899328581 0.14026221539440525
10 0.27579896819762273 0.05850515901188638 0.04433213949957984 0.09184963692895078
10 0.27483395895559526 0.1414378513195787 0.046735985653425995 0.09187760821132838
10 0.2726250697130783 0.22796232721685142 0.04441605334671263 0.09906117539048918
10 0.2668243968809809 0.3132429231136347 0.05162759180825109 0.09914508923762205
10 0.26321778558489767 0.4165803364466417 0.05646325539832102 0.10160487795622344
10 0.25360155890419905 0.5198478215737047 0.05646325539832102 0.1016048779562233
10 0.2511968706850388 0.6231992205479006 0.05414332309160773 0.10878844513538428
10 0.24015495066839626 0.7456834892645439 0.05422723693874058 0.11599998359692275