5 0.7836538461538461 0.287508142984684 0.07692307692307693 0.1663129099854581
2 0.7908653846153846 0.3595815720966243 0.08173076923076923 0.19278318801339545
1 0.7608173076923077 0.2047083097712323 0.055288461538461536 0.1301293511674326
1 0.8088942307692307 0.4892843756457056 0.06009615384615385 0.13015732150306222
3 0.7439903846153846 0.12668120594593588 0.057692307692307696 0.12052795171986283
3 0.8329326923076923 0.604529139352173 0.07451923076923077 0.12543354020225878
6 0.7379807692307693 0.0570046304039344 0.05048076923076923 0.10365907313949535
6 0.8485576923076923 0.7246305434536845 0.07211538461538461 0.12541955503444385
4 0.7463942307692307 0.7288306823165827 0.052884615384615384 0.10367305830731019
4 0.7295673076923077 0.6087362707989784 0.052884615384615384 0.09886536599961787
4 0.7151442307692307 0.5030509510366366 0.052884615384615384 0.09646151984577173
4 0.7019230769230769 0.3973586386903871 0.04567307692307692 0.09641956434232722
4 0.6850961538461539 0.3001007656343214 0.04567307692307692 0.09641956434232729
4 0.6730769230769231 0.21964184531954928 0.04807692307692308 0.09643354951014207
4 0.6634615384615384 0.13916893983696232 0.04326923076923077 0.09400173302066636
4 0.65625 0.05387435687886825 0.040865384615384616 0.09879544016054384
11 0.18629807692307693 0.2825699956481994 0.0673076923076923 0.16866081546804507
8 0.171875 0.3703942912704728 0.06971153846153846 0.19511710832816753
7 0.1875 0.20804377229506124 0.052884615384615384 0.13011536599961787
7 0.15985576923076922 0.4954642171095468 0.0625 0.13978669128626164
9 0.1935096153846154 0.13108573245244734 0.057692307692307696 0.12293179787370895
9 0.15985576923076922 0.6288776786480083 0.06971153846153846 0.13502095448201382
12 0.20192307692307693 0.056517553595864786 0.05048076923076923 0.10606291929334148
12 0.14543269230769232 0.7563654358087433 0.07451923076923077 0.1398566171253357
10 0.2764423076923077 0.058487859547452246 0.04567307692307692 0.08920802588078883
10 0.2764423076923077 0.14021862877822147 0.04807692307692308 0.09162585720244977
10 0.2776442307692308 0.22554817465585256 0.04567307692307692 0.09882341049617345
10 0.27283653846153844 0.3097107603760975 0.052884615384615384 0.09886536599961787
10 0.27403846153846156 0.4118672293306516 0.055288461538461536 0.10128319732127868
10 0.265625 0.515281562033388 0.055288461538461536 0.10128319732127881
10 0.2668269230769231 0.6174380309879421 0.052884615384615384 0.1084807506150025
10 0.25841346153846156 0.7400831329214478 0.052884615384615384 0.1132884429226948