5 0.21449552317614157 0.29920723381727404 0.07787406833448306 0.16435661949762187
2 0.21010738590289316 0.3713785609974139 0.080431751334292 0.1908268984723072
1 0.2344527197781308 0.21723870868629516 0.05363981444661438 0.13042306051999966
1 0.19883636161175403 0.5001241866400712 0.06085135290815284 0.13050697436713238
3 0.24842127874722683 0.1389458809920295 0.05839156608304755 0.1208636184693703
3 0.17908194994307933 0.6169484810018193 0.07524645949560019 0.1258671097537058
6 0.251621478111367 0.06919238560692464 0.05108213144680544 0.10395278154531437
6 0.16776197756458838 0.737280645106015 0.07282862817393926 0.12343529231748217
4 0.2687235160261269 0.7361058512461555 0.053485977600651595 0.10398075282769198
4 0.28244034197455653 0.614543792782659 0.05345800726502203 0.09917306051999966
4 0.29144737178999747 0.509864599960841 0.053444022097207236 0.09676921436615352
4 0.3016563246823616 0.4051714214978341 0.04623248363566878 0.09668530051902079
4 0.3131091561550931 0.3076757958551768 0.04623248363566878 0.09668530051902072
4 0.32225603764868205 0.22703506457182018 0.04862234462170015 0.09430942564755213
4 0.32779015732759426 0.14523436713510693 0.043814652314007836 0.09425348308279695
4 0.33210137617786134 0.05984188610881326 0.04143877649579126 0.09903320410811164
11 0.8080846937462713 0.26465409630077424 0.06828665405472815 0.16905242667580378
8 0.8254010976967123 0.3485929127087464 0.07084433705453709 0.19552270565048901
7 0.8040453843132435 0.19017682245510992 0.05363981444661438 0.13042306051999966
7 0.8429622420839121 0.4745990368090262 0.06329715456544321 0.13774648411104862
9 0.7951913899886159 0.1145535680972777 0.05840555125086247 0.12326746462321642
9 0.8497410416983414 0.6067406470646207 0.06807687653750623 0.13299473436811154
12 0.7839545272618642 0.04727721533321915 0.053485977600651595 0.0945544306664383
12 0.8685041091624643 0.7327327855237117 0.07291253918082784 0.13785836924055908
10 0.7106512047373713 0.04582102451895549 0.04619052813222442 0.08947376205748223
10 0.7135305465969205 0.12752382246734711 0.048608359453885225 0.09190557949370601
10 0.715228943131269 0.2128463752876968 0.04624646880348356 0.0990891466728668
10 0.7229229698824179 0.2956951537482562 0.05345800726502203 0.09917306051999966
10 0.727123108745316 0.3978166583631514 0.05587583858668283 0.1016048779562233
10 0.7385347860697526 0.49985424913091364 0.05586185341886818 0.09920103180237728
10 0.7415260092718202 0.6007878163100746 0.05351394793628117 0.10878844513538428
10 0.7530425753548676 0.7208542532316831 0.053541918271911015 0.11359613744307659