5 0.21568346108524986 0.2967894020222391 0.07788805350229785 0.16676046565146804
2 0.21130231639590885 0.370162652279302 0.08284958265595294 0.19325871590853097
1 0.23443873461031603 0.21483486253244902 0.05604366060046054 0.1304510318023773
1 0.19883636161175403 0.5001241866400712 0.06085135290815284 0.13050697436713238
3 0.24840729357941205 0.13654203483818336 0.05839156608304755 0.1208636184693703
3 0.1802838730200024 0.6169344953606305 0.07524645949560019 0.1258671097537058
6 0.25280941602047524 0.0667745538118897 0.05108213144680544 0.10395278154531436
6 0.1677689701484958 0.7384825681829381 0.07284261334175404 0.12583913847132833
4 0.26993243168695735 0.7372937886818897 0.053485977600651595 0.10398075282769198
4 0.283649257635387 0.6157317302183933 0.05345800726502203 0.09917306051999966
4 0.29264929486692054 0.5098506143196522 0.053444022097207236 0.09676921436615352
4 0.30285125517537725 0.40395551277972214 0.04623248363566878 0.09668530051902079
4 0.31430408664810877 0.3064598871370649 0.04623248363566878 0.09668530051902072
4 0.3234509681416977 0.2258191558537083 0.04863632978951493 0.09671327180139827
4 0.3289780952367026 0.14281653534007197 0.043814652314007836 0.09425348308279695
4 0.33328232150306225 0.056222131236855225 0.04143877649579126 0.09903320410811164
11 0.8116694852253185 0.2610063701464386 0.06828665405472815 0.16905242667580372
8 0.8289998743435743 0.3473490327082569 0.07084433705453709 0.19552270565048901
7 0.8076371683761979 0.18773101937769734 0.05363981444661438 0.13042306051999966
7 0.8477629418076972 0.4733411711673479 0.06331113973325814 0.14015033026489476
9 0.7999850971284933 0.11209377937867632 0.05840555125086247 0.12326746462321644
9 0.8533468109291107 0.6066986901410544 0.07049470785916703 0.1354265518043352
12 0.786351380831803 0.04606130661510726 0.05347199243283667 0.09212261323021452
12 0.8721098783932336 0.7326908286001453 0.07533037050248918 0.14029018667678272
10 0.7142429888003258 0.044056051235142016 0.04619052813222442 0.08811210247028403
10 0.7159204075829521 0.12509200503112333 0.048608359453885225 0.09190557949370601
10 0.7188207271942234 0.21040057221028421 0.04624646880348356 0.0990891466728668
10 0.7253198234523567 0.2944652593889555 0.05345800726502203 0.09917306051999966
10 0.730721885392178 0.3965727783626619 0.05587583858668283 0.10160487795622344
10 0.7421405553005218 0.4998122922073473 0.05587583858668283 0.10160487795622344
10 0.7451317785025894 0.600745859386508 0.05351394793628117 0.10878844513538428
10 0.7566553371695443 0.7220142193850396 0.053541918271910745 0.11359613744307659