5 0.7913556668440519 0.30005395087642867 0.07790203867011278 0.1691643118053142
2 0.7990007455078492 0.37465709549279225 0.08286356782376786 0.19566256206237712
1 0.768036640092903 0.21685553138614905 0.05605764576827546 0.13285487795622344
1 0.8165758750628639 0.5034586637002048 0.06326918422981392 0.1329387918033563
3 0.7507482064780917 0.1373328093325827 0.05840555125086247 0.12326746462321644
3 0.8425015329011735 0.6215408237036312 0.07526044466341485 0.12827095590755194
6 0.7443330212268471 0.06755134266510024 0.053485977600651595 0.10398075282769198
6 0.8588397764597281 0.7443187908852393 0.07284261334175404 0.12583913847132833
4 0.7554953695960656 0.7467217949737714 0.053485977600651595 0.10398075282769198
4 0.737955202960588 0.6239298421509745 0.05345800726502203 0.09917306051999966
4 0.7229167786536599 0.517992783687478 0.05345800726502203 0.09917306051999966
4 0.7090732848397476 0.41086778778824734 0.04624646880348356 0.0990891466728668
4 0.6916729698824179 0.31211429650391176 0.04624646880348356 0.0990891466728668
4 0.6791782434074841 0.2302436708612545 0.04863632978951507 0.09671327180139827
4 0.6690873630863964 0.14840101650097484 0.043814652314007836 0.09425348308279692
4 0.6613723585835252 0.061778641115380485 0.04143877649579126 0.09903320410811164
11 0.1879483267252229 0.2858216205381107 0.06830063922254287 0.17145627282964987
8 0.17403570842738605 0.3733941774592297 0.0732621683761979 0.1979545230867128
7 0.18870971701597988 0.21011445233314568 0.05365379961442917 0.13282690667384583
7 0.16155576847541642 0.500644181559999 0.0633111397332582 0.14015033026489476
9 0.19427180703052177 0.1332613036160128 0.060823382572523274 0.12569928205944014
9 0.16233893787304504 0.6352595661753836 0.0704947078591671 0.1354265518043352
12 0.20225172836672467 0.05883997233510363 0.053485977600651595 0.10398075282769198
12 0.1486570748441523 0.762495584634964 0.07533037050248897 0.140290186676783
10 0.27677795171986286 0.06090900516573254 0.046204513300039204 0.09187760821132838
10 0.278455370502489 0.1426537600376906 0.04860835945388536 0.09190557949370601
10 0.27895883654382164 0.2291922215761521 0.04624646880348356 0.0990891466728668
10 0.2758495407704777 0.31448680311412414 0.05345800726502203 0.09917306051999966
10 0.2764509029865139 0.41785218772950883 0.058293669908343906 0.10403669539244721
10 0.26863880366408865 0.5211196728565718 0.05827968474052912 0.10163284923860107
10 0.27164401203397104 0.6245130287543339 0.05591779409012732 0.10881641641776205
10 0.2639577792218789 0.7494151292660123 0.05595974959357182 0.1160279548793005