5 0.21102720155807203 0.29323346649454435 0.07547022218063691 0.16389507866379718
2 0.20459103855510538 0.36658573710638903 0.07804189034826063 0.19275521767776574
1 0.23194238215537483 0.21018190026042627 0.05363981444661438 0.13011536599961787
1 0.18821083949310635 0.49648433300487754 0.06085135290815284 0.13015732150306222
3 0.24802190010935574 0.1319659966696301 0.05839156608304755 0.1205279517198628
3 0.16469602039255024 0.6132037305606566 0.07284261334175404 0.12541955503444385
6 0.2532421548675845 0.06102456479553897 0.05108213144680544 0.10365907313949532
6 0.14956669249482613 0.7346818723367762 0.07043876718790788 0.1254055698666292
4 0.25291109935848854 0.7376862793515091 0.053485977600651595 0.10367305830731019
4 0.26924934291704317 0.614999221914559 0.05345800726502203 0.09886536599961787
4 0.281883921070125 0.5091600653062544 0.051040175943361084 0.09644753467795694
4 0.29452549180711424 0.40211898562102644 0.04382863748182263 0.09640557917451258
4 0.3095149680266904 0.30467930538336846 0.04382863748182263 0.0964055791745125
4 0.3208077714247012 0.22288560289743264 0.04623248363566878 0.09641956434232729
4 0.3296967286688658 0.14110588557931164 0.043814652314007836 0.09400173302066636
4 0.3362098100948139 0.05453246112131311 0.0390349303419451 0.09878145499272906
11 0.8108917057012983 0.2717153209709065 0.06347896174703585 0.16863284513241547
8 0.8260132396599658 0.35816287891857185 0.06844049090069095 0.19510312316035275
7 0.8089283923336184 0.19600815229256743 0.051235968292768226 0.13010138083180303
7 0.8396951026888584 0.48548281406552923 0.06090729357941226 0.13977270611844686
9 0.802157386658246 0.12032895394985797 0.05840555125086219 0.12293179787370895
9 0.8425246951059064 0.6188752978522685 0.06809086170532087 0.1350069693141989
12 0.7929685496612126 0.04884760021081703 0.05106814627899052 0.09769520042163406
12 0.8574084812117223 0.7461882404153185 0.07291253918082784 0.13743878580367463
10 0.7184353337241671 0.04990497328491431 0.04380066714619291 0.09159788686682019
10 0.7179598380184641 0.13163574251568352 0.046204513300039066 0.09161187203463499
10 0.7186652876379618 0.2169652883933146 0.04382863748182276 0.0964055791745125
10 0.7229834990721362 0.3010719334423004 0.051054161111175875 0.09885138083180309
10 0.7247859830099461 0.4044233328898702 0.0558758385866831 0.10128319732127881
10 0.7338000054092944 0.5077327768339956 0.05347199243283667 0.10126921215346403
10 0.7332056357771657 0.6098962383724571 0.05351394793628117 0.1084807506150025
10 0.7421077768339956 0.7324364515473518 0.053541918271910745 0.1132884429226948