5 0.7872596153846154 0.30145514245934585 0.07451923076923077 0.1638950786637971
2 0.7932692307692307 0.37480741307119053 0.07692307692307693 0.19035137152391973
1 0.765625 0.21959850671824344 0.052884615384615384 0.13011536599961787
1 0.8088942307692307 0.503504085892756 0.057692307692307696 0.13014333633524744
3 0.75 0.1401806800505242 0.057692307692307696 0.1205279517198628
3 0.8305288461538461 0.6202164908646276 0.07211538461538461 0.12541955503444385
6 0.7451923076923077 0.07044117125335614 0.04807692307692308 0.1012412418178344
6 0.8449519230769231 0.7416946326407471 0.06971153846153846 0.1254055698666292
4 0.7427884615384616 0.7435041091624643 0.05048076923076923 0.10125522698564939
4 0.7271634615384616 0.6208170517255144 0.052884615384615384 0.09886536599961787
4 0.7151442307692307 0.5161798181941327 0.05048076923076923 0.0964475346779568
4 0.703125 0.410340661585828 0.04326923076923077 0.09640557917451258
4 0.6887019230769231 0.3129009813481699 0.04326923076923077 0.09640557917451258
4 0.6778846153846154 0.23110727886223417 0.04567307692307692 0.09641956434232729
4 0.6694711538461539 0.14932756154411314 0.04326923076923077 0.09159788686682016
4 0.6634615384615384 0.06395606016303769 0.038461538461538464 0.09878145499272906
11 0.18990384615384615 0.27995098210352276 0.0625 0.16863284513241547
8 0.17427884615384615 0.3663985400511881 0.0673076923076923 0.1926992770065066
7 0.19230769230769232 0.20424381342518372 0.05048076923076923 0.1301013808318031
7 0.15985576923076922 0.4925165521212224 0.06009615384615385 0.13977270611844686
9 0.19951923076923078 0.12976653815939734 0.057692307692307696 0.12293179787370899
9 0.15745192307692307 0.6259160284918692 0.0673076923076923 0.1350069693141989
12 0.2091346153846154 0.05410132498450268 0.04807692307692308 0.1060489341255267
12 0.140625 0.7520200553940887 0.07211538461538461 0.13743878580367463
10 0.28365384615384615 0.05934255749445368 0.04326923076923077 0.08919404071297403
10 0.2824519230769231 0.13986441106439246 0.04567307692307692 0.09161187203463499
10 0.2824519230769231 0.226402872602854 0.04326923076923077 0.09640557917451244
10 0.2764423076923077 0.30930060199100934 0.05048076923076923 0.09885138083180295
10 0.27524038461538464 0.41265899402248646 0.052884615384615384 0.10126921215346403
10 0.265625 0.5147665148896888 0.052884615384615384 0.10126921215346403
10 0.2644230769230769 0.6169229838442429 0.052884615384615384 0.10607690446115633
10 0.2548076923076923 0.7382612739422145 0.052884615384615384 0.1132884429226948