11 0.33853054659692067 0.1377822237702866 0.07077441121546303 0.1830978775589368
12 0.19037234927564184 0.08163367441121508 0.06567303038365993 0.13258913799253796
7 0.17989767819479668 0.14046497192527926 0.06336708040451743 0.14940207590164625
8 0.15919307646986525 0.3001948746457153 0.0781397865229642 0.2095821407546888
9 0.2365722740572219 0.7922149533095125 0.08750343811768246 0.16636885065671747
10 0.2653181276632239 0.15538452230578148 0.055931779257942175 0.11089858193666344
10 0.2519229605745345 0.331983303606585 0.05352793310409602 0.11088459676884864
10 0.253712260699679 0.43295183465203085 0.0631573028872955 0.11334438359395395
10 0.35663092130013957 0.563353896591852 0.06318527322292493 0.11815207590164625
2 0.7769465750887898 0.2977794473895026 0.08774118597053396 0.20723423527210194
6 0.5725139618981063 0.07183808532453696 0.06328316939762857 0.13497899897856933
1 0.5048924046697305 0.22408373881104604 0.06342302107577656 0.15901746051703086
6 0.5103853702003479 0.3419001706851371 0.063255199061999 0.130171306670877
3 0.3486362134409725 0.428696556473023 0.07787406833448306 0.16390906383161188
3 0.2368931315618128 0.6407796382011122 0.07303840569116118 0.15907340118829
4 0.4156354307015899 0.16947974914036007 0.051138072118064586 0.11327445775488001
4 0.5447392761000832 0.6690120473737138 0.05836359574741797 0.11572025941217053
4 0.688249007833241 0.33932930387266286 0.05355590343972567 0.11569228907654096
4 0.6137096006674375 0.5420137710864967 0.05595974959357182 0.1157062742443556