11 0.6638523218052034 0.1355561780222857 0.0731922425371241 0.18551570888059776
12 0.8144003801125136 0.08179748964924552 0.06807687653750623 0.13260312316035275
7 0.8224642124556051 0.1418446954080476 0.06817477271220987 0.14943004623727582
8 0.8419738836875209 0.300379667635468 0.08055761784462535 0.21199997207634982
9 0.7561812245617028 0.792448694386617 0.08992126943934355 0.16878668197837826
10 0.7370647407389002 0.15315847655778053 0.05834961057960332 0.11331641325832434
10 0.7468401534290054 0.3321820817641524 0.055931779257941974 0.1108985819366633
10 0.7438559228108451 0.4319556823165826 0.06556114904114178 0.11335836876176873
10 0.6385474012243534 0.5599678832703725 0.06318527322292493 0.11815207590164625
2 0.2242833183237629 0.28714693268694763 0.09254887827822642 0.2072622056077315
6 0.4310918073326629 0.06674438862557204 0.06328316939762857 0.13348877725114408
1 0.49630252582328516 0.21946083949310635 0.06823071338346888 0.15904543085266043
6 0.4896146297996521 0.3360823408741818 0.06565904521584515 0.13018529183869182
3 0.6501478783142896 0.4252895653998212 0.080291899656144 0.16632689515327298
3 0.7570622901340348 0.6410063866943093 0.07786008316666827 0.16150521767776602
4 0.5879563533613645 0.16604478773152873 0.053541918271910745 0.1132884429226948
4 0.45045303159222444 0.6632221878983879 0.060781427069078915 0.11813809073383161
4 0.3105630542576507 0.33111462049176876 0.05595974959357182 0.11570627424435574
4 0.3826986152696081 0.5338130728734174 0.05836359574741797 0.11572025941217053