11 0.33774038461538464 0.1398620069989442 0.06971153846153846 0.1830978775589368
12 0.18990384615384615 0.08423171020416954 0.06490384615384616 0.13258913799253796
7 0.18028846153846154 0.14438380472158258 0.0625 0.14940207590164625
8 0.15745192307692307 0.30317050996966927 0.07692307692307693 0.2095821407546888
9 0.23197115384615385 0.7931215851520259 0.08653846153846154 0.1639650045028713
10 0.2644230769230769 0.15711547769421852 0.055288461538461536 0.11089858193666344
10 0.25 0.3338820810087996 0.052884615384615384 0.1084807506150025
10 0.2512019230769231 0.4336347038095076 0.0625 0.11334438359395395
10 0.35336538461538464 0.562848026485071 0.0625 0.1157482297478001
2 0.7728365384615384 0.293580691624466 0.08653846153846154 0.2048303891182558
6 0.5709134615384616 0.0711977534132166 0.0625 0.13257515282472318
1 0.5024038461538461 0.22303863838824597 0.0625 0.15661361436318472
6 0.5072115384615384 0.33959720651415487 0.0625 0.12776746051703086
3 0.3449519230769231 0.4282815899570383 0.07451923076923077 0.16389507866379724
3 0.23317307692307693 0.641672284875811 0.07211538461538461 0.15907340118829
4 0.41346153846153844 0.1706714742127781 0.05048076923076923 0.11327445775487995
4 0.5396634615384616 0.666331483671732 0.057692307692307696 0.11572025941217053
4 0.6838942307692307 0.3361654505259212 0.052884615384615384 0.11569228907654096
4 0.6081730769230769 0.5385290602351642 0.055288461538461536 0.1157062742443556