11 0.6578357138366806 0.14445693598125425 0.07319224253712384 0.18551570888059774
12 0.8083907647278982 0.09124447050814055 0.06807687653750623 0.13260312316035275
7 0.8164476044870823 0.15259149551856926 0.06817477271220987 0.14943004623727585
8 0.8359572757189979 0.3113642155988412 0.08055761784462535 0.21199997207634974
9 0.7501646165931798 0.8024682657707692 0.08992126943934355 0.16878668197837826
10 0.7310481327703773 0.16291232975345166 0.05834961057960305 0.11331641325832437
10 0.7408235454604827 0.34206180147015675 0.055931779257942245 0.11089858193666344
10 0.7378463074262297 0.4406055086100343 0.06556114904114178 0.11335836876176873
10 0.6325307932558306 0.5686029230408599 0.06318527322292493 0.11815207590164625
2 0.2182667103552401 0.29094310439351545 0.09254887827822635 0.2072622056077315
6 0.4250751993641402 0.07218691316475744 0.06328316939762857 0.1349789989785693
1 0.49148784093168546 0.2264246517097256 0.06823071338346888 0.15904543085266043
6 0.48359802183112943 0.3429692346678197 0.06565904521584515 0.13018529183869182
3 0.6441312703457669 0.43405047168064176 0.080291899656144 0.16632689515327298
3 0.7522476052424352 0.6510329506623689 0.07786008316666827 0.16150521767776602
4 0.5819397453928418 0.17406448011816508 0.053541918271910745 0.11328844292269473
4 0.44443642362370167 0.6696755414897672 0.060781427069078915 0.11813809073383161
4 0.305748369366051 0.3359247168649093 0.05595974959357182 0.11570627424435574
4 0.3766750147171779 0.5406711949762764 0.05836359574741797 0.11572025941217053