11 0.6546153380759677 0.1284075728159138 0.0731922425371241 0.18551570888059774
12 0.8009073168491204 0.06866024680998045 0.06807687653750623 0.13260312316035278
7 0.8132691842298139 0.12748455174013726 0.06817477271220987 0.14943004623727585
8 0.8382306668440519 0.2859985462158354 0.08055761784462535 0.21199997207634988
9 0.7749918570153158 0.7791715998692038 0.08992126943934355 0.16878668197837826
10 0.7268216262821484 0.1436130177814699 0.05834961057960305 0.11331641325832437
10 0.7458783822703823 0.32019082133055127 0.055931779257941974 0.11089858193666344
10 0.7464587667346962 0.41995043671516663 0.0655611490411415 0.11335836876176873
10 0.6486702586568177 0.5527353670571118 0.06318527322292493 0.11815207590164625
2 0.22047017564121996 0.29440042665193045 0.09254887827822635 0.2072622056077315
6 0.41866780805195253 0.06678284783706273 0.06328316939762857 0.13356569567412546
1 0.4904553425788388 0.21590401834968892 0.06823071338346888 0.15904543085266043
6 0.4887367696479176 0.33370646505596524 0.06565904521584515 0.13018529183869182
3 0.6526947815668814 0.41809201210609753 0.080291899656144 0.16632689515327298
3 0.7705050222122145 0.6277502699286184 0.07786008316666827 0.16150521767776574
4 0.5778810609183905 0.16130702126291038 0.053541918271910745 0.11328844292269473
4 0.4630015142854066 0.6619922944858353 0.060781427069078915 0.11813809073383161
4 0.31085215426330226 0.33474136747426014 0.05595974959357182 0.11570627424435574
4 0.39135383143666824 0.5362029338594488 0.05836359574741797 0.11572025941217053