11 0.6519186615580411 0.14423076923076922 0.07421323079370513 0.18028846153846154
12 0.7954781200117476 0.08653846153846154 0.0664142954022368 0.12980769230769232
7 0.8069807241223068 0.14543269230769232 0.06661009437888027 0.1466346153846154
8 0.8340252564510471 0.3004807692307692 0.07932860720755112 0.20673076923076922
9 0.7747436380550999 0.7836538461538461 0.08844050874013859 0.16346153846153846
10 0.7242158595088802 0.15985576923076922 0.056575140527831226 0.11057692307692307
10 0.744258637993914 0.3329326923076923 0.05654716924545374 0.10817307692307693
10 0.7442035374944728 0.43149038461538464 0.0662184964255936 0.11298076923076923
10 0.6483442318709056 0.5600961538461539 0.0638426215541252 0.11538461538461539
2 0.22831196824657152 0.30528846153846156 0.09131986669440434 0.20432692307692307
6 0.4204221774469925 0.08173076923076923 0.06401044924839078 0.12980769230769232
1 0.49185394977475383 0.22956730769230768 0.066694008226013 0.15384615384615385
6 0.4907927251750328 0.3449519230769231 0.06635835283748169 0.125
3 0.6528154267247526 0.42788461538461536 0.07879715284237648 0.16105769230769232
3 0.768201726239996 0.6346153846153846 0.07636533540615285 0.15865384615384615
4 0.5777630574597192 0.17548076923076922 0.05179541950251681 0.11298076923076923
4 0.46809856932132443 0.6670673076923077 0.06143877540027905 0.11538461538461539
4 0.31651387902118666 0.3449519230769231 0.05660311181020912 0.11298076923076923
4 0.3981484328942623 0.5432692307692307 0.05660311181020912 0.11298076923076923