11 0.3441128130080353 0.14021689020958258 0.07077441121546303 0.18350347488125832
12 0.19659793340623713 0.0866486625373439 0.06567303038365993 0.13296676308573385
7 0.18543798910246695 0.1456687640772739 0.06336708040451743 0.14976571488027932
8 0.16288035264207498 0.30457435177251846 0.0781397865229642 0.2100296964206988
9 0.2345466091770873 0.794091857403428 0.08748945294986768 0.16446850462713222
10 0.27069760914102403 0.1578969373990227 0.055931779257942175 0.11122026257160805
10 0.25524662238355955 0.3347474574009806 0.05351394793628124 0.10878844513538428
10 0.25586116841226114 0.4356950102213303 0.0631573028872955 0.11370802257258707
10 0.3572764234726311 0.5631119999510511 0.06317128805511028 0.11611186872643323
2 0.7770980078693044 0.29141807374042444 0.08772720080271931 0.20533388924251691
6 0.5776774746299265 0.07019598351126234 0.06326918422981379 0.13293879180335624
1 0.5082798010890716 0.22363739582825495 0.06340903590796178 0.15697725334181778
6 0.5124092127577462 0.34016799172503814 0.06324121389418422 0.12813109949566398
3 0.3496461313317981 0.42859451482398825 0.07547022218063705 0.16432864821524426
3 0.23662959782634252 0.6426355640699316 0.07303840569116118 0.15949298462517447
4 0.4196521596725967 0.17058579481468794 0.051138072118064586 0.11356816616069897
4 0.5417642225188413 0.6655255189002831 0.05836359574741797 0.11605592616167798
4 0.6891128828171607 0.3345063332395148 0.05355590343972567 0.11599998359692275
4 0.612216974874564 0.5373105055574864 0.05595974959357182 0.11602795487930037