11 0.33692225229821904 0.1386600839220211 0.07077441121546303 0.1830978775589368
12 0.19060929577334396 0.08422471762026215 0.06565904521584515 0.13018529183869182
7 0.18065127454649682 0.1431748890607521 0.06336708040451736 0.14940207590164625
8 0.1581006306700123 0.30075267864800836 0.07812580135514942 0.20717829460084267
9 0.22857894929591627 0.7883069002604264 0.08508560679602152 0.16395101933505613
10 0.2647019789242234 0.1571084851103111 0.05352793310409602 0.11088459676884864
10 0.24925798475066638 0.33267316534796915 0.05351394793628124 0.1084807506150025
10 0.2510884390241058 0.4312168724878467 0.06315730288729543 0.11334438359395395
10 0.35009984793062965 0.5592422572543019 0.060767441901264124 0.11573424457998517
2 0.7687055240825649 0.2923927537153577 0.08771321563490439 0.20242654296440962
6 0.5692779982592797 0.071204745997124 0.060865338075967626 0.1325611676569084
1 0.5010962329631627 0.2218367153113229 0.063395050740147 0.15420976820933857
6 0.5052256446318373 0.3383952834372318 0.06324121389418422 0.12776746051703086
3 0.3436644862828124 0.4258707512192847 0.07547022218063691 0.1638950786637971
3 0.23065494536126413 0.6380595230611342 0.07303840569116118 0.15907340118829
4 0.4124615989627805 0.16946955113585502 0.051138072118064586 0.11327445775487995
4 0.5345876469768398 0.6627327070248702 0.05836359574741797 0.11572025941217053
4 0.6807273916143288 0.33376859695598243 0.053541918271910745 0.1132884429226948
4 0.603831483671732 0.5361322066652254 0.05595974959357182 0.1157062742443556