11 0.3357203292212959 0.1386670765059285 0.07077441121546303 0.1830978775589368
12 0.1894073726964209 0.08423171020416954 0.06567303038365993 0.13258913799253796
7 0.17824742839265068 0.14318887422856688 0.06336708040451736 0.14940207590164625
8 0.15568979193225874 0.3019685868927462 0.0781397865229642 0.2095821407546888
9 0.22615412539034793 0.7919266546590102 0.08748945294986768 0.1639650045028713
10 0.26350005584730035 0.15711547769421852 0.055931779257942175 0.11089858193666344
10 0.2480490690898359 0.3338820810087996 0.05351394793628117 0.1084807506150025
10 0.24867060770244492 0.4336347038095076 0.06315730288729543 0.11334438359395395
10 0.3488839396858918 0.5616530959920554 0.06317128805511028 0.1157482297478001
2 0.769907447159488 0.2923857611314503 0.08772720080271931 0.2048303891182558
6 0.5692779982592797 0.071204745997124 0.06326918422981379 0.13257515282472318
1 0.4998873173023322 0.2230456309721534 0.06340903590796178 0.15661361436318472
6 0.5040167289710069 0.3396041990980623 0.06324121389418422 0.12776746051703086
3 0.3424485780380745 0.4282815899570383 0.07547022218063691 0.16389507866379724
3 0.22943903711652627 0.6404703617988878 0.07303840569116118 0.15907340118829
4 0.4124615989627805 0.16946955113585502 0.051138072118064586 0.11327445775487995
4 0.5345736618090251 0.6651365531787163 0.05836359574741797 0.11572025941217053
4 0.6819223221073444 0.3349635274489981 0.05355590343972567 0.11569228907654096
4 0.6050194215808402 0.5385290602351642 0.05595974959357182 0.1157062742443556