11 0.3473557692307692 0.14466685030356427 0.06971153846153846 0.18350347488125832
12 0.20072115384615385 0.08767214054006868 0.06490384615384616 0.13296676308573385
7 0.18990384615384615 0.14644050053860022 0.0625 0.14976571488027934
8 0.16826923076923078 0.3048426051510479 0.07692307692307693 0.2100296964206988
9 0.24158653846153846 0.7960803446481802 0.08653846153846154 0.16446850462713222
10 0.27524038461538464 0.16185655798608217 0.055288461538461536 0.11122026257160805
10 0.2608173076923077 0.3383714225995088 0.052884615384615384 0.10878844513538428
10 0.2620192307692308 0.43814502362531305 0.0625 0.11370802257258707
10 0.3629807692307692 0.5679255867159417 0.0625 0.11611186872643323
2 0.7824519230769231 0.3059796524139112 0.08653846153846154 0.20533388924251697
6 0.5805288461538461 0.08127429546342294 0.0625 0.13293879180335627
1 0.5120192307692307 0.23191942160796883 0.0625 0.15697725334181778
6 0.5168269230769231 0.3485619026342625 0.0625 0.12813109949566398
3 0.3557692307692308 0.4344282113303474 0.07451923076923077 0.16432864821524426
3 0.2439903846153846 0.6446660082382502 0.07211538461538461 0.15949298462517447
4 0.42427884615384615 0.1768119313396477 0.05048076923076923 0.11356816616069897
4 0.5492788461538461 0.6746606687925141 0.057692307692307696 0.11605592616167798
4 0.6947115384615384 0.34702600829943625 0.052884615384615384 0.11599998359692275
4 0.6177884615384616 0.5492559272633528 0.055288461538461536 0.11602795487930023