12 0.5670271875962469 0.2548076923076923 0.05844750675430669 0.12980769230769232
8 0.6550324890449633 0.41586538461538464 0.07812580135514935 0.20673076923076922
10 0.5785289671563303 0.34375 0.053541918271910745 0.11298076923076923
10 0.6540061819208746 0.17908653846153846 0.05352793310409609 0.11057692307692307
10 0.7410830724202059 0.08653846153846154 0.05349996276846652 0.10576923076923077
10 0.7520308351413058 0.6838942307692307 0.060781427069078776 0.11778846153846154
2 0.3405396026313548 0.7584134615384616 0.08296146399847136 0.21153846153846154
6 0.14800814763862571 0.796875 0.08255589413184222 0.14182692307692307
5 0.40794679382404947 0.328125 0.06598070407558551 0.18509615384615385
4 0.32302981039695494 0.25600961538461536 0.043898563320896554 0.10817307692307693
4 0.4896076372157448 0.3401442307692308 0.04869227046077421 0.10576923076923077
4 0.37658411112638174 0.5540865384615384 0.05355590343972567 0.11538461538461539