12 0.5502701903583979 0.24599805755195733 0.06326918422981392 0.13257515282472318
8 0.6418882536217908 0.40639225574359616 0.08054363267681043 0.20959612592250373
10 0.5641758160723274 0.33502427625115383 0.055945764425757036 0.11330242809050958
10 0.6360612467739172 0.1683695310093826 0.05594576442575717 0.11330242809050958
10 0.7231451298571557 0.07512299705071529 0.05591779409012732 0.10849473578281724
10 0.743701284609733 0.6738205410365556 0.06318527322292493 0.11815207590164625
2 0.3321611040124302 0.7543617696479177 0.0902009727956394 0.21686360505530133
6 0.139608671267979 0.7953102639150416 0.08497372545350317 0.14472025010428688
5 0.39116881883447824 0.3219981133992577 0.0708023815510926 0.18790556986662907
4 0.30624484282347625 0.2505881784033709 0.046302409474742776 0.10843879511155806
4 0.47524749354783447 0.33210297888816015 0.048706255628588865 0.10845278027937291
4 0.3658087589375184 0.5490217232595712 0.05595974959357182 0.1157062742443556