12 0.43241180298086235 0.2522833695171215 0.06085135290815284 0.13015732150306222
8 0.3485560895973935 0.4114197039605782 0.0781118161873347 0.2047744484469965
10 0.42229295232414504 0.33887777172684225 0.055931779257942245 0.11089858193666344
10 0.3475018121376752 0.17946253528223913 0.055931779257942245 0.11089858193666337
10 0.2614808018083611 0.09102369363126411 0.053499962768466386 0.10607690446115627
10 0.25446964421468893 0.6763812098445248 0.060767441901264124 0.11573424457998545
2 0.6579242133620284 0.7413393939593313 0.08775517113834888 0.20963808142594823
6 0.8464303440895444 0.7738954044397158 0.08255589413184229 0.1423024187826261
5 0.5882632256981406 0.31988394899377515 0.06837056506161687 0.18308389239112197
4 0.6704135499633538 0.24729306867268747 0.04628842430692806 0.10603494895771191
4 0.5088523916143288 0.3347685364547403 0.04869227046077421 0.10604893412552677
4 0.6206304364130255 0.5408420027982141 0.05594576442575717 0.11330242809050944