12 0.4213418615041974 0.25487222827315775 0.06163457437692225 0.1325611676569084
8 0.3353191845590935 0.4166423627842552 0.08173245336139728 0.2071922797686576
10 0.4118934625177644 0.3437655878781136 0.05660311181020898 0.11330242809050958
10 0.3356705097194416 0.17984953146259428 0.05660311181020912 0.11330242809050958
10 0.24896506255202855 0.09039676514504652 0.05654716924545388 0.10849473578281724
10 0.23842241529161268 0.6865296335471704 0.06387059283650275 0.11815207590164625
2 0.6498848491284662 0.7574377052120234 0.08902790567006846 0.21444577373364054
6 0.8405990204059489 0.7922033722071459 0.08581289232727175 0.14472025010428688
5 0.5815744009817503 0.32672269605521065 0.06946148105076808 0.18548773854496814
4 0.6653602174019597 0.25388787665251344 0.046931784630069404 0.10843879511155806
4 0.4996897896979042 0.3394683541956614 0.04933563078391542 0.10845278027937279
4 0.6126129322332902 0.5516781037892332 0.056631083092586604 0.11570627424435574