12 0.4461799810820921 0.25240384615384615 0.06085135290815284 0.12980769230769232
8 0.3557498557278074 0.4098557692307692 0.0781118161873347 0.20432692307692307
10 0.4322603702003479 0.3389423076923077 0.0559457644257569 0.11298076923076923
10 0.3628067559882337 0.17668269230769232 0.055931779257942245 0.11057692307692307
10 0.27813371164274864 0.08413461538461539 0.053499962768466386 0.10576923076923077
10 0.25630570797417435 0.6706730769230769 0.060767441901264124 0.11538461538461539
2 0.6594254344491082 0.7524038461538461 0.0877691563061638 0.21153846153846154
6 0.8495670284558059 0.7932692307692307 0.08255589413184229 0.14182692307692307
5 0.6016546056235204 0.32572115384615385 0.06837056506161687 0.18269230769230768
4 0.6865995593862445 0.25841346153846156 0.046302409474742706 0.10817307692307693
4 0.519993762231825 0.33774038461538464 0.04869227046077421 0.10576923076923077
4 0.6270006803526653 0.5504807692307693 0.05594576442575717 0.11298076923076923