12 0.4370367897101414 0.24895351647933855 0.061606603094544764 0.13015732150306222
8 0.35102809840622634 0.40952172791351293 0.07932860720755112 0.20717829460084267
10 0.4276023763648972 0.33664495300737135 0.05660311181020912 0.11330242809050958
10 0.3513654379253857 0.17393081966877505 0.0565751405278315 0.11089858193666344
10 0.26467397639916135 0.08327613027430424 0.05414332309160773 0.10848075061500245
10 0.2541593004211231 0.677005152522582 0.06387059283650282 0.11815207590164625
2 0.6644058255398648 0.7491081546804508 0.08902790567006846 0.21444577373364054
6 0.8539180737404245 0.7838668290916657 0.08340904617342587 0.14470626493647223
5 0.59608139175196 0.31959506860056097 0.06946148105076808 0.18548773854496814
4 0.6798672081721693 0.24676024919786374 0.046931784630069404 0.10843879511155806
4 0.5153847179038482 0.3335496424018422 0.04933563078391542 0.10845278027937279
4 0.6271199230034998 0.5445504763345835 0.056631083092586736 0.11570627424435574