12 0.44350961538461536 0.23575334038490686 0.0625 0.13257515282472318
8 0.35216346153846156 0.396279596315637 0.07932692307692307 0.20959612592250373
10 0.43028846153846156 0.32461872965423316 0.055288461538461536 0.11330242809050958
10 0.3581730769230769 0.1583337900044047 0.055288461538461536 0.11330242809050958
10 0.27283653846153844 0.0640873165469794 0.055288461538461536 0.10849473578281724
10 0.24879807692307693 0.6625051571765237 0.0625 0.11815207590164625
2 0.6586538461538461 0.7478223205966389 0.0889423076923077 0.21686360505530133
6 0.8521634615384616 0.7910154342980378 0.08413461538461539 0.14472025010428688
5 0.6021634615384616 0.3123975153068373 0.06971153846153846 0.18790556986662907
4 0.6887019230769231 0.24439136596355457 0.04567307692307692 0.10843879511155806
4 0.5192307692307693 0.32393425778645757 0.04807692307692308 0.10845278027937279
4 0.6262019230769231 0.542104674677293 0.055288461538461536 0.1157062742443556