12 0.42569134810314063 0.24278846153846154 0.060865338075967765 0.13221153846153846
8 0.34250073154602395 0.4050480769230769 0.08052964750899551 0.20673076923076922
10 0.41779533777382655 0.3317307692307692 0.055945764425757036 0.11298076923076923
10 0.33871934636242035 0.16826923076923078 0.0559457644257569 0.11298076923076923
10 0.2504545179539809 0.078125 0.05591779409012739 0.10817307692307693
10 0.2503240629251886 0.6754807692307693 0.06318527322292507 0.11778846153846154
2 0.6629752630086182 0.7427884615384616 0.08778314147397846 0.21394230769230768
6 0.8542838171727021 0.7776442307692307 0.0849737254535031 0.14423076923076922
5 0.5871616028613694 0.3137019230769231 0.06838455022943166 0.18509615384615385
4 0.6696677475507105 0.2403846153846154 0.046302409474742706 0.10817307692307693
4 0.5043058289766584 0.3269230769230769 0.048706255628588865 0.10817307692307693
4 0.6221230622058991 0.5384615384615384 0.05595974959357182 0.11538461538461539