12 0.5583471066322393 0.2601370636659406 0.05920275694069847 0.1304790030847549
8 0.6430534491749677 0.41859595290845747 0.07446497233510357 0.20276221539440525
10 0.5693593712358762 0.3468153816162901 0.054171294373985344 0.11119229128923044
10 0.6433488317705606 0.18659682777992603 0.054171294373985344 0.11119229128923044
10 0.7297342933212593 0.09744557753510033 0.054115351809230106 0.10638459898153813
10 0.7373603486265776 0.6817480206139813 0.059034929246432895 0.11605592616167798
2 0.33384900810364104 0.7515820615849628 0.08413629951524343 0.20768179283160804
6 0.14471353014986504 0.786645931302936 0.07854541130097818 0.1403181579591602
5 0.402473876879023 0.32924637749104646 0.06462581746069827 0.18341956103412554
4 0.3203523517602813 0.2585698297874805 0.04449996719384549 0.10627271385202765
4 0.4828488809797923 0.3434045692968501 0.04690381334769164 0.10630068513440541
4 0.3710403794129405 0.5512664913332844 0.054171294373985344 0.11119229128923044