12 0.5631408132987429 0.25151418528730773 0.061606603094544625 0.13015732150306222
8 0.6442274009695131 0.40968554315154343 0.07930063592517364 0.2047744484469965
10 0.5717492317485336 0.33799670615451005 0.0565751405278315 0.1108985819366633
10 0.6493304758727982 0.17770040413757476 0.0565751405278315 0.11089858193666344
10 0.7369038748592314 0.08825463040393439 0.054115351809230106 0.10607690446115631
10 0.7336986368310533 0.6735701911137506 0.06143877540027905 0.11573424457998545
2 0.32906928707832633 0.7432273916143287 0.08897196310531336 0.20963808142594823
6 0.13997576604811673 0.7779790734416365 0.08338107489104804 0.1423024187826261
5 0.406093631750981 0.32093283657988486 0.06943350976839045 0.18308389239112197
4 0.32520200099154006 0.24929294767020332 0.04690381334769164 0.10603494895771184
4 0.48525272713363843 0.3348944029650735 0.0493076595015378 0.10604893412552677
4 0.369866427618395 0.5422824750831382 0.05660311181020912 0.11330242809050958