2 0.23181983798901915 0.2995322718258727 0.07916077951328554 0.19320277334377572
5 0.20899812723398353 0.40381986669440434 0.07893700925426465 0.1739720041130065
3 0.18294825956027636 0.5405174277162926 0.07359786258139778 0.12824298462517447
3 0.2347682820839146 0.24308384413405448 0.0687342277089503 0.12337934975272685
1 0.17468948214020572 0.6569920810483206 0.07136184412181734 0.14263809026587365
1 0.2613496041227963 0.15205936003524315 0.05453492104489426 0.14244229128923044
6 0.276135465651468 0.08012578875531298 0.05906290052881051 0.11845977231552414
6 0.14859765754293214 0.7900838728394396 0.08332513232629288 0.13797025437006957
4 0.2555827970302748 0.7925305179821662 0.06138283283552381 0.11127620513636316
4 0.2755671067546113 0.6509553364466416 0.0565751405278315 0.11122026257160819
4 0.30082063494587075 0.5490995590143338 0.054115351809230106 0.10638459898153813
4 0.30547364313517217 0.43258294875873937 0.05168353437300633 0.10395278154531436
4 0.3236834605591587 0.3450663344023756 0.058895072834544794 0.10403669539244721
4 0.3264081343950333 0.2693871374797882 0.05168353437300633 0.10395278154531436
4 0.3493836872031458 0.17832069645741042 0.051655563090628714 0.1015489353914682
4 0.35073861026783165 0.08820443697055726 0.044471995911467874 0.10386886769818153
11 0.8320130082504874 0.34377072216370114 0.07418525951132765 0.17872375385594358
8 0.8485750462101372 0.42448138165300175 0.08164853951426455 0.2004422830876918
9 0.8418653067007676 0.26096390062670805 0.06395450668363568 0.12572725334181784
9 0.8513993036649615 0.5639184442172674 0.08338107489104811 0.1427779466777616
7 0.8262674359178312 0.15983453447090396 0.06420624822503412 0.14736186872643314
7 0.8684368534250309 0.6854944883219527 0.07382163284041846 0.1474737538559437
12 0.8160087118077617 0.10443418780293198 0.061494717965034286 0.12089158975174788
12 0.873748870880834 0.8321710606301345 0.08338107489104811 0.1427779466777616
10 0.7438653559099995 0.1011912031777576 0.051655563090628714 0.1015489353914682
10 0.73636096104881 0.17921830368943598 0.05173947693776171 0.10876047385300666
10 0.7494151292660123 0.2683004677936317 0.054115351809230106 0.10638459898153813
10 0.7504220954316062 0.35483892933209327 0.056491226680698774 0.10400872411006959
10 0.749165071855242 0.4533686503574079 0.06141080411790129 0.11368005129020944
10 0.7667077888287361 0.8249167231797154 0.06619052514321612 0.11133214770111867
10 0.7626816082969887 0.685465674974261 0.06387059283650268 0.11851571488027937
10 0.5738669580252412 0.5703031457180384 0.056631083092586736 0.11602795487930037