2 0.22716346153846154 0.3138215983584983 0.07692307692307693 0.19515906383161188
5 0.20673076923076922 0.41827003212438024 0.07692307692307693 0.1735244484469965
3 0.18389423076923078 0.5575602499532165 0.07211538461538461 0.13022724734213617
3 0.22716346153846154 0.25733121374311363 0.0673076923076923 0.12298773854496813
1 0.17668269230769232 0.6753067559882336 0.06971153846153846 0.14463633909739843
1 0.25240384615384615 0.1649299810820921 0.052884615384615384 0.14213459676884857
6 0.2668269230769231 0.09049466131975012 0.057692307692307696 0.11812410556601668
6 0.15384615384615385 0.8085873584324547 0.08173076923076923 0.13749472647493377
4 0.2608173076923077 0.8092096984002131 0.06009615384615385 0.11092655227229314
4 0.27884615384615385 0.6638818948511318 0.055288461538461536 0.1108985819366633
4 0.3016826923076923 0.5618512924069108 0.055288461538461536 0.10609088962897112
4 0.30288461538461536 0.44406982345235674 0.05048076923076923 0.10365907313949527
4 0.32091346153846156 0.356434327595583 0.06009615384615385 0.10371501381075454
4 0.32211538461538464 0.2807201663333366 0.05048076923076923 0.10365907313949532
4 0.34134615384615385 0.18708204767585496 0.05048076923076923 0.10125522698564918
4 0.34134615384615385 0.0957358938297011 0.04326923076923077 0.10361711763605097
11 0.8329326923076923 0.332970860647827 0.07211538461538461 0.17830417041905924
8 0.8497596153846154 0.4147995260532997 0.07932692307692307 0.19998074130711913
9 0.8377403846153846 0.25006613867576427 0.0625 0.12536361436318472
9 0.8557692307692307 0.5542575658959137 0.08173076923076923 0.1423024187826261
7 0.8209134615384616 0.14780478096259916 0.0625 0.1469982297478001
7 0.8762019230769231 0.6757706705915703 0.07211538461538461 0.14705417041905924
12 0.8088942307692307 0.09244639358506362 0.06009615384615385 0.12054193688767761
12 0.8846153846153846 0.8224542340635375 0.08173076923076923 0.14470626493647223
10 0.7355769230769231 0.0944236921205585 0.052884615384615384 0.10126921215346399
10 0.7307692307692307 0.17372264486185196 0.05048076923076923 0.10846676544718771
10 0.7451923076923077 0.2603450174072023 0.052884615384615384 0.10607690446115633
10 0.7487980769230769 0.346904456697386 0.055288461538461536 0.10609088962897112
10 0.7487980769230769 0.4466640720820014 0.06009615384615385 0.11333039842613915
10 0.7776442307692307 0.8194280479419328 0.06490384615384616 0.1133583687617686
10 0.7704326923076923 0.6787610924384885 0.0625 0.1205559220554924
10 0.5769230769230769 0.5706641325832436 0.055288461538461536 0.11570627424435574