2 0.7745986696062028 0.31187738266901616 0.07805587551607555 0.19560661949762187
5 0.7956397167138387 0.4166824462615335 0.07793000900574207 0.1739720041130065
3 0.8180924644156197 0.5575591878029319 0.07287058367738361 0.13064683077902062
3 0.773068095085632 0.25537301241244276 0.06802093586624708 0.12337934975272678
1 0.8259822835161759 0.6742296401116032 0.07055064853042617 0.1450419364197198
1 0.7484912045863008 0.16254522266558974 0.05370974028568845 0.14244229128923044
6 0.7336345874609653 0.08785816420209333 0.058377580915232624 0.11845977231552414
6 0.8507969218683586 0.8079228144738408 0.08252792379621245 0.13797025437006957
4 0.7426168523613742 0.8054621836899256 0.06073947156563428 0.11127620513636316
4 0.7249508192155634 0.661035615482513 0.055931779257942245 0.11122026257160791
4 0.7003179880449729 0.5585924411202754 0.05590380892231268 0.10641257026391561
4 0.6984307917451249 0.44078999394062507 0.05108213144680544 0.10395278154531436
4 0.6810934100429618 0.35285381034859714 0.06069751606219033 0.10406466667482484
4 0.6794509541798726 0.2771186708612545 0.05108213144680572 0.10395278154531436
4 0.6584728403274032 0.18313091496104483 0.05106814627899052 0.1015489353914682
4 0.6591503196112714 0.09300066983300288 0.04387059298526698 0.10386886769818153
11 0.17012226550469128 0.32046760515104794 0.07315028703367961 0.1787237538559437
8 0.15136699197962517 0.4019746041227963 0.08048769200555118 0.2004422830876918
9 0.16363016183046544 0.23746498463741159 0.06322722872636942 0.12572725334181784
9 0.14737043940519104 0.541341738481118 0.08255589413184222 0.14277794667776172
7 0.17986970785916706 0.13669924515251636 0.06335309523670257 0.14736186872643314
7 0.12884592114906906 0.6625121989913278 0.07296847985208718 0.1474737538559437
12 0.19035836410782705 0.08033473130783099 0.0607954122368937 0.12089158975174788
12 0.11888170869346393 0.809020943605244 0.082569879299657 0.14518179283160804
10 0.26368965696794955 0.08359170157419417 0.05347199243283681 0.10157690667384582
10 0.2701607828904532 0.16298855285706126 0.05111010178243509 0.10876047385300666
10 0.25624117200870894 0.24935918670125717 0.053499962768466455 0.10638459898153813
10 0.2519369457423493 0.33584170567496346 0.05590380892231261 0.10641257026391575
10 0.2525173302066634 0.4356013210595788 0.06075345673344927 0.11368005129020944
10 0.22824272352564914 0.8078897907995789 0.06556114904114158 0.11373599385496483
10 0.234636129670022 0.6673487046467118 0.06319925839073985 0.12091956103412553
10 0.42632847459386325 0.5638171764676897 0.05595974959357182 0.1160279548793005