2 0.775158996964194 0.29390583374140344 0.07432511592321561 0.19074298462517433
5 0.7991843149267807 0.3958035680972776 0.07407337438181717 0.16910836924055908
3 0.8248171395607659 0.5325430860427324 0.07116604514517413 0.12581116718895055
3 0.7721118113156629 0.2386453434853195 0.06389856411888016 0.12091956103412553
1 0.8345732226533525 0.6478298019390262 0.06893002668559343 0.14020627282965
1 0.7457945323287404 0.14639096502720744 0.052103103608670355 0.14001047385300666
6 0.730546302575524 0.07564533118301156 0.05422723693874058 0.11599998359692275
6 0.8613520277995056 0.7797476419355998 0.08089331489006923 0.13553843693384565
4 0.7555827970302749 0.7809783783602143 0.058978986681677656 0.1112482338539854
4 0.7347157077804156 0.6405771486192353 0.054171294373985344 0.11119229128923044
4 0.7095024523820945 0.5398953229814729 0.05408738052685235 0.10398075282769198
4 0.7045400759560112 0.4233507414435008 0.049251716936782555 0.10152096410909059
4 0.6855042636365714 0.33702206452287137 0.05886710155216745 0.10163284923860107
4 0.6822333077290192 0.2625308050360182 0.049251716936782555 0.10152096410909059
4 0.6583338605371316 0.17145037837245167 0.04922374565440508 0.09911711795524443
4 0.6560970000122371 0.08252205632133276 0.04444402462909025 0.10146502154433541
11 0.1805007723522357 0.32606911074524586 0.06934959592125758 0.1762639651373423
8 0.16581281031188558 0.4067797702345465 0.07921672207804072 0.19801046565146804
9 0.1723382102898586 0.24442225536160947 0.06392653540125799 0.12332340718797169
9 0.16381538981782875 0.5450428810042667 0.07851744001860056 0.1379143118053142
7 0.1868024020711879 0.14448082664153963 0.05937058463496413 0.14490208000783183
7 0.14717112214167416 0.6642430502374833 0.06898596925034874 0.1450139651373423
12 0.19577444719188752 0.08908047997356766 0.05906290052881044 0.1184597723155241
12 0.14285376934090402 0.8097456707511197 0.07854541130097811 0.1403181579591602
10 0.26788983180727216 0.08824134150223942 0.049251716936782555 0.10152096410909062
10 0.27601043694608285 0.16628242765510665 0.0493076595015378 0.1063286564167829
10 0.2637962492655229 0.252974731246645 0.05168353437300633 0.10395278154531436
10 0.26358730671300484 0.3383252553493723 0.05405940924447487 0.10157690667384582
10 0.26593605236740986 0.4368689620158757 0.058978986681677656 0.11124823385398568
10 0.24856705754537955 0.8037072420188126 0.06378667898936996 0.11130417641874092
10 0.2517664011163595 0.6654301456079037 0.059034929246432895 0.11605592616167798
10 0.4392096164862902 0.5550613230181846 0.05422723693874058 0.11599998359692275