2 0.7716346153846154 0.30376808502239583 0.07692307692307693 0.19275521767776574
5 0.796875 0.4072803138998359 0.07692307692307693 0.17112060229315035
3 0.8233173076923077 0.5444533815150293 0.07211538461538461 0.12782340118829
3 0.7680288461538461 0.24845864573221213 0.0673076923076923 0.12298773854496813
1 0.8329326923076923 0.6598939375709038 0.06971153846153846 0.14223249294355228
1 0.7415865384615384 0.1557567319631724 0.052884615384615384 0.13973075061500242
6 0.7247596153846154 0.08474537425000729 0.055288461538461536 0.11811012039820186
6 0.8605769230769231 0.7922663054623125 0.08173076923076923 0.13749472647493377
4 0.7548076923076923 0.7940548042323077 0.06009615384615385 0.11092655227229314
4 0.7319711538461539 0.6532969451380671 0.055288461538461536 0.1108985819366633
4 0.7067307692307693 0.5509866393375501 0.052884615384615384 0.10367305830731019
4 0.7007211538461539 0.43436513795647475 0.05048076923076923 0.10125522698564911
4 0.6814903846153846 0.3477147950754948 0.057692307692307696 0.10370102864293976
4 0.6778846153846154 0.2719726634776187 0.05048076923076923 0.10365907313949532
4 0.6526442307692307 0.18168158844633264 0.04807692307692308 0.1012412418178344
4 0.6514423076923077 0.09153036509319445 0.04326923076923077 0.10361711763605097
11 0.17427884615384615 0.3375523862050343 0.07211538461538461 0.1759003242652131
8 0.15985576923076922 0.41799732135199175 0.07932692307692307 0.19757689515327298
9 0.16466346153846154 0.25456375322608277 0.0625 0.12295976820933856
9 0.15865384615384615 0.5562114826142381 0.08173076923076923 0.13989857262877992
7 0.17908653846153846 0.1548880488483562 0.0625 0.14459438359395393
7 0.14302884615384615 0.6763128867157496 0.07211538461538461 0.14705417041905924
12 0.18870192307692307 0.09845360490423076 0.057692307692307696 0.11812410556601668
12 0.13942307692307693 0.8229265243486428 0.08173076923076923 0.1423024187826261
10 0.2608173076923077 0.0964693137848285 0.05048076923076923 0.10125522698564918
10 0.26802884615384615 0.17583819236519596 0.05048076923076923 0.10606291929334148
10 0.25841346153846156 0.2635226363093214 0.052884615384615384 0.10607690446115633
10 0.25721153846153844 0.35005410526387554 0.055288461538461536 0.10368704347512497
10 0.25961538461538464 0.4474238596624595 0.057692307692307696 0.11091256710447822
10 0.24639423076923078 0.8175392489317859 0.06490384615384616 0.11095452260792243
10 0.24879807692307693 0.6781301571765237 0.0625 0.11815207590164625
10 0.43509615384615385 0.5674351615283244 0.055288461538461536 0.1157062742443556