2 0.776360920041117 0.30738084683707245 0.07432511592321561 0.19032340118829
5 0.8003862380037037 0.40967716746977456 0.07407337438181717 0.16868878580367463
3 0.8260190626376889 0.5468362499171533 0.07116604514517413 0.12540556986662907
3 0.7733137343925859 0.25207840013079613 0.06389856411888016 0.1205559220554924
1 0.8345732226533525 0.662262820805213 0.06893002668559343 0.1398146616218912
1 0.7469964554056634 0.15938347894566382 0.052103103608670355 0.13971676544718764
6 0.731748225652447 0.08838610640031351 0.05422723693874058 0.11569228907654089
6 0.8625539508764286 0.7946281961127143 0.08089331489006923 0.13507689515327298
4 0.7567847201071979 0.7940128487288634 0.058978986681677656 0.11091256710447822
4 0.7347157077804156 0.6532689748024374 0.054171294373985344 0.11088459676884864
4 0.7095024523820945 0.5521675846627511 0.05408738052685235 0.10367305830731019
4 0.7045400759560112 0.43556006844949036 0.049251716936782555 0.10124124181783446
4 0.6855042636365714 0.34891671815241787 0.05886710155216745 0.1012971824890936
4 0.6822333077290192 0.27438350221537233 0.049251716936782555 0.10124124181783432
4 0.6595357836140547 0.1829114818588853 0.04922374565440508 0.09883739566398823
4 0.6572989230891603 0.09396218158267021 0.04444402462909025 0.10121327148220478
11 0.18170269542915876 0.3291599024182949 0.06934959592125758 0.1758723539295835
8 0.16701473338880865 0.409597844981345 0.07921672207804072 0.19756290998545806
9 0.17354013336678167 0.24738717768408133 0.06392653540125799 0.12295976820933856
9 0.16501731289475183 0.5477980210757766 0.07851744001860056 0.1374667561393042
7 0.18800432514811097 0.1477184658902621 0.05937058463496413 0.14456641325832434
7 0.14837304521859723 0.6666835169325502 0.06898596925034874 0.1446223539295835
12 0.1969763702688106 0.09248594502305976 0.05906290052881044 0.11812410556601668
12 0.1440556924178271 0.8120812463207054 0.07854541130097811 0.13987060229315035
10 0.26909175488419523 0.09290550005750366 0.049251716936782555 0.1012412418178344
10 0.2772123600230059 0.17107245556094805 0.0493076595015378 0.1060489341255267
10 0.264998172342446 0.2575339986764282 0.05168353437300633 0.10365907313949532
10 0.26358730671300484 0.34285655197015186 0.05405940924447487 0.10126921215346403
10 0.26593605236740986 0.4414212368617516 0.058978986681677656 0.11091256710447822
10 0.24976898062230263 0.8078889013968643 0.06378667898936996 0.11094053744010779
10 0.2529683241932826 0.6696957178863401 0.059034929246432895 0.11572025941217053
10 0.4404115395632133 0.5626204766367245 0.05422723693874058 0.11569228907654096