2 0.7818032154838339 0.30622087926359376 0.07805587551607555 0.19515906383161197
5 0.8028442625914699 0.4109070608823272 0.07793000900574235 0.1735244484469965
3 0.8264919407862664 0.5504629968996448 0.07287058367738361 0.13022724734213617
3 0.7802726409632631 0.24972350206430174 0.06802093586624708 0.12298773854496813
1 0.833186829393807 0.6682864213576433 0.07055064853042617 0.14463633909739843
1 0.7556887578800245 0.15583365038615382 0.05370974028568845 0.14213459676884865
6 0.7408391333385963 0.08243243168695732 0.058377580915232624 0.11812410556601664
6 0.8580014677459895 0.8018397345742527 0.08252792379621245 0.13749472647493377
4 0.7510233213159284 0.8000154715295712 0.060739471565634556 0.11092655227229314
4 0.7321553650931946 0.655679813540191 0.055931779257941974 0.1108985819366633
4 0.7087174644156199 0.5521815698305659 0.05590380892231268 0.10609088962897098
4 0.706837260699679 0.43558803878512 0.05108213144680544 0.10365907313949527
4 0.6882909633366854 0.3465408423342013 0.06069751606219006 0.10371501381075454
4 0.6866485074735963 0.27081269590414003 0.05108213144680572 0.10365907313949539
4 0.66687231669805 0.1769508145616217 0.05106814627899052 0.10125522698564918
4 0.6663478729049951 0.08680658379239094 0.04387059298526698 0.10361711763605097
11 0.17731981879841496 0.31712668648124936 0.07315028703367954 0.17830417041905924
8 0.1597664683502719 0.39875256695340766 0.08048769200555121 0.199980741307119
9 0.1708277151241891 0.23415903125402007 0.06322722872636942 0.12536361436318472
9 0.15456799269891472 0.5381406809569476 0.08255589413184222 0.1423024187826261
7 0.1870672611528907 0.1332953889671852 0.06335309523670264 0.1469982297478001
7 0.13604347444279272 0.6594230303836599 0.07296847985208722 0.14705417041905924
12 0.1987718256462886 0.0792787763447207 0.0607954122368937 0.12054193688767761
12 0.12849010072494116 0.8072106207578467 0.082569879299657 0.14470626493647223
10 0.2720891333385963 0.07970532396307199 0.05347199243283681 0.10126921215346396
10 0.2773583361841769 0.15906021737562467 0.05111010178243509 0.10846676544718764
10 0.26345271047024743 0.2479186140610436 0.053499962768466455 0.10607690446115627
10 0.26033642211299607 0.33203225169393674 0.05590380892231254 0.10609088962897112
10 0.2609168065773101 0.43179186707855216 0.06075345673344934 0.11333039842613915
10 0.23544027681937282 0.8042271914948359 0.06556114904114164 0.1133583687617686
10 0.2418336829637457 0.6636441469982803 0.06319925839073985 0.1205559220554924
10 0.43352602788758693 0.5589937296542332 0.05595974959357182 0.11570627424435574