2 0.23076923076923078 0.30034011619747186 0.07211538461538461 0.18791955503444394
5 0.2091346153846154 0.4026294442462665 0.07211538461538461 0.16868878580367463
3 0.18509615384615385 0.5385866036167222 0.06971153846153846 0.1254055698666292
3 0.23317307692307693 0.2450376694911955 0.0625 0.1205559220554924
1 0.17668269230769232 0.6540201670886894 0.0673076923076923 0.1398146616218912
1 0.25841346153846156 0.1535446713829863 0.05048076923076923 0.13971676544718767
6 0.27283653846153844 0.08254729883763598 0.052884615384615384 0.11569228907654092
6 0.15144230769230768 0.7851766267353602 0.07692307692307693 0.13506290998545806
4 0.25600961538461536 0.7845682719354165 0.057692307692307696 0.10850872095063206
4 0.2764423076923077 0.6438243980089907 0.052884615384615384 0.1084807506150025
4 0.3004807692307692 0.5439249309462274 0.052884615384615384 0.10126921215346403
4 0.30408653846153844 0.4285193378098898 0.04807692307692308 0.10124124181783446
4 0.32211538461538464 0.3418759875128173 0.057692307692307696 0.1012971824890936
4 0.3245192307692308 0.2673427715757717 0.04807692307692308 0.1012412418178344
4 0.34615384615384615 0.17707267429620777 0.04807692307692308 0.09883739566398823
4 0.3473557692307692 0.08812337401999268 0.04326923076923077 0.10121327148220481
11 0.8233173076923077 0.3221331569465091 0.0673076923076923 0.17346850777573736
8 0.8389423076923077 0.4025710995095591 0.07451923076923077 0.1951450786637971
9 0.8305288461538461 0.24156235528921857 0.06009615384615385 0.12054193688767761
9 0.8425480769230769 0.5383674294501446 0.07692307692307693 0.1374667561393042
7 0.8149038461538461 0.14189364349539937 0.057692307692307696 0.14456641325832437
7 0.859375 0.6572599178908256 0.0673076923076923 0.1446223539295835
12 0.8052884615384616 0.08666112262819702 0.057692307692307696 0.11572025941217053
12 0.8665865384615384 0.8026506546950736 0.07692307692307693 0.13987060229315035
10 0.7331730769230769 0.08708067766264092 0.04807692307692308 0.1012412418178344
10 0.7271634615384616 0.1652406405821779 0.04807692307692308 0.1060489341255267
10 0.7391826923076923 0.2517091762815654 0.05048076923076923 0.10365907313949539
10 0.7415865384615384 0.335829806498366 0.052884615384615384 0.10126921215346403
10 0.7403846153846154 0.43319256831304265 0.057692307692307696 0.11091256710447822
10 0.7608173076923077 0.7984583097712322 0.0625 0.11094053744010779
10 0.7560096153846154 0.6602651262607081 0.057692307692307696 0.11572025941217053
10 0.5685096153846154 0.5543848155041083 0.052884615384615384 0.1132884429226948