2 0.21995192307692307 0.2907876648372538 0.07692307692307693 0.19515906383161202
5 0.19591346153846154 0.39549482420770943 0.07692307692307693 0.1735244484469965
3 0.16826923076923078 0.5338768074837336 0.07211538461538461 0.13022724734213617
3 0.22355769230769232 0.23427630247014702 0.0673076923076923 0.12298773854496813
1 0.15865384615384615 0.6505192866165311 0.06971153846153846 0.14463633909739843
1 0.2512019230769231 0.14156739611719993 0.052884615384615384 0.1421345967688486
6 0.2668269230769231 0.06936110791101913 0.057692307692307696 0.11812410556601666
6 0.1310096153846154 0.7840935775848629 0.08173076923076923 0.13749472647493377
4 0.23798076923076922 0.7858750837709506 0.06009615384615385 0.11092655227229314
4 0.2608173076923077 0.6427133785228639 0.055288461538461536 0.1108985819366633
4 0.2860576923076923 0.5404030727223469 0.055288461538461536 0.10609088962897112
4 0.2920673076923077 0.42257964826434835 0.05048076923076923 0.10365907313949527
4 0.3112980769230769 0.3347273823064454 0.06009615384615385 0.10371501381075454
4 0.31490384615384615 0.25898525070856937 0.05048076923076923 0.10365907313949539
4 0.3401442307692308 0.16749225260036013 0.05048076923076923 0.10125522698564918
4 0.3425480769230769 0.0761321135863915 0.04326923076923077 0.10361711763605096
11 0.8245192307692307 0.32453001051644786 0.07211538461538461 0.17830417041905924
8 0.8389423076923077 0.4061768687403283 0.07932692307692307 0.199980741307119
9 0.8329326923076923 0.2415483701214038 0.0625 0.12536361436318472
9 0.8401442307692307 0.5455929530794978 0.08173076923076923 0.1423024187826261
7 0.8197115384615384 0.14066375008284668 0.0625 0.1469982297478001
7 0.8569711538461539 0.6668892876740251 0.07211538461538461 0.14705417041905924
12 0.8100961538461539 0.08302738306179819 0.06009615384615385 0.12054193688767761
12 0.859375 0.8147118409677488 0.08173076923076923 0.14470626493647223
10 0.7367788461538461 0.08225200760322642 0.052884615384615384 0.10126921215346396
10 0.7283653846153846 0.1616278787675013 0.05048076923076923 0.10846676544718764
10 0.7403846153846154 0.2492983375438119 0.052884615384615384 0.10607690446115633
10 0.7403846153846154 0.33583679908227343 0.055288461538461536 0.10609088962897112
10 0.7379807692307693 0.4356103996347036 0.06009615384615385 0.11333039842613915
10 0.7524038461538461 0.8093245655508918 0.06490384615384616 0.1133583687617686
10 0.75 0.6687135507187065 0.0625 0.1205559220554924
10 0.5612980769230769 0.5568306171613989 0.055288461538461536 0.1157062742443556