2 0.7711513257398555 0.2851672300860045 0.07804189034826063 0.19275521767776588
5 0.7933795094014504 0.3896016786840716 0.07791602383792742 0.17112060229315035
3 0.820233578189145 0.5252581569465091 0.07285659850956869 0.12782340118829
3 0.7678672153688267 0.2298997462992651 0.06802093586624708 0.12298773854496813
1 0.8291706821655119 0.6417887547367884 0.07053666336261152 0.14223249294355228
1 0.7419633366373884 0.13750550622215096 0.0536957551178738 0.13973075061500242
6 0.7255489760110019 0.06668994085839298 0.055973734761386465 0.11811012039820186
6 0.8572476517818521 0.7738324711845492 0.08252792379621245 0.13749472647493377
4 0.7502695053517908 0.7756567342292308 0.060739471565634556 0.11092655227229314
4 0.7294530222843411 0.6351576007395641 0.055931779257942245 0.1108985819366633
4 0.7048070073010854 0.5331409834631577 0.05348597760065187 0.10367305830731019
4 0.6994686799715802 0.41779133099807947 0.05106814627899052 0.10125522698564911
4 0.6807483693660509 0.3301628277252132 0.05829366990834418 0.10370102864293976
4 0.6775831329214478 0.2544626516307815 0.05108213144680544 0.10365907313949532
4 0.652867192099118 0.1644652651236061 0.04866430012514437 0.1012412418178344
4 0.6509877897383268 0.07433501952219015 0.04387059298526698 0.10361711763605096
11 0.17237686333103383 0.3259091522565042 0.07313630186586476 0.1759003242652131
8 0.15868720636308428 0.40651491683333174 0.08047370683773636 0.19757689515327298
9 0.16443889749827537 0.24422733111308673 0.06321324355855464 0.12295976820933856
9 0.15668113613681042 0.544743063263393 0.08254190896402744 0.13989857262877992
7 0.17944935146957375 0.14318188164465948 0.06333911006888779 0.14459438359395393
7 0.13915495466914754 0.6650332671304042 0.07296847985208718 0.14705417041905924
12 0.18819146445168297 0.08664254894192308 0.058377580915232756 0.11812410556601668
12 0.1346960902016757 0.8116888602667418 0.08255589413184222 0.1423024187826261
10 0.26031384165097504 0.08502107083055611 0.05106814627899066 0.10125522698564918
10 0.26827278523545567 0.16309712274320434 0.051096116614620296 0.10606291929334148
10 0.2557430958409848 0.25090743319766295 0.053499962768466455 0.10607690446115633
10 0.2564485454604827 0.33623697907529393 0.055889823754497754 0.10368704347512483
10 0.25827899973392215 0.43478068621517146 0.058335625411788335 0.11091256710447822
10 0.24050028389044348 0.8050638974982753 0.06554716387332679 0.11095452260792243
10 0.24491719285447092 0.6656198428234763 0.06318527322292507 0.11815207590164625
10 0.4330675031578589 0.5527501535800761 0.05595974959357182 0.1157062742443556