6 0.8394670255349699 0.7911238626792956 0.07851744001860056 0.13791431180531405
2 0.764546421497834 0.30821567087349167 0.0768967897713275 0.20519403283062887
6 0.7321800963986718 0.09386777958670872 0.056687025657341704 0.12083564718699268
5 0.5131059004553873 0.4291047344292975 0.06216602874209675 0.17858389744405562
3 0.628181147603221 0.6636484041888772 0.06423421950741161 0.14976571488027937
3 0.5922518522621699 0.3422734164911851 0.05691079591636266 0.1400664164177619
4 0.7336838091245503 0.7910950493316038 0.05906290052881037 0.11845977231552414
4 0.5995036635166466 0.5455103016206955 0.054115351809230106 0.10638459898153813
4 0.5343192624737104 0.672172908791535 0.054171294373985344 0.11119229128923044
4 0.6810682891837784 0.3541256616314643 0.05171150565538395 0.10635662769916052
4 0.5113462358615402 0.2704089313518849 0.054115351809230106 0.10638459898153813
4 0.5736932358737773 0.1809779682832831 0.054115351809230106 0.10638459898153813
1 0.6505192553738467 0.08690714060125468 0.05447897848013902 0.13763459898153813
1 0.3518515671057376 0.5474369518434942 0.05937058463496406 0.14490208000783183
7 0.18213203997944152 0.15358211079419465 0.06171848822405504 0.1401223589825171
12 0.19606646152622437 0.09243787592419458 0.054255208221118206 0.1184038297507689
8 0.15754645430398856 0.4069361384835654 0.07681287592419456 0.1979824943690904
11 0.34204375177496593 0.15063450876461323 0.0645698748959429 0.1786118687264332
9 0.34591356405769436 0.33459866773978797 0.061662545659299864 0.1353146666748247
9 0.1559101342848985 0.5475611384835655 0.07368177642853063 0.1354545230867128
7 0.13533674350000416 0.6627219836091599 0.0713898154041949 0.1450419364197198
10 0.2422099978578363 0.672380167213425 0.05660311181020912 0.11362410872545435
10 0.25329471686335936 0.442910759009439 0.06375870770699234 0.10890033026489476
10 0.2544695107232189 0.3419492205479005 0.05176744822013919 0.11116432000685282
10 0.2708365917715395 0.17504974054985845 0.054171294373985344 0.11119229128923044
10 0.41245457229594457 0.09134952210741 0.0493076595015378 0.10632865641678292
10 0.41660409740244914 0.25127521954412324 0.05171150565538395 0.10635662769916052