6 0.14635112486500973 0.7768191058681577 0.0801380628101813 0.13988458746096527
2 0.23246842865872855 0.2907247315820872 0.08054363267681036 0.20959612592250368
6 0.2708802176777658 0.07534974554391231 0.05840555125086233 0.12293179787370898
5 0.4832236277207276 0.4190779664370407 0.06354888758610965 0.18065207590164625
3 0.36198403515260896 0.6529642869186723 0.06818875788002451 0.15183389239112197
3 0.40577610700459577 0.3293812610378834 0.05850344742556583 0.13975872095063208
4 0.25334325646288575 0.7798025351311685 0.0607954122368937 0.12054193688767775
4 0.39374369242269963 0.5337851025377879 0.053499962768466386 0.10607690446115633
4 0.45699889148469863 0.6632291804822956 0.055931779257942245 0.1108985819366633
4 0.31688274739963984 0.33831217378549244 0.05351394793628117 0.1084807506150025
4 0.48950515252258203 0.25918024170282705 0.05591779409012732 0.10849473578281728
4 0.42887056971555854 0.16698179397512009 0.05351394793628117 0.10848075061500242
1 0.3525830165729054 0.07006655753051692 0.05609960127171968 0.13974473578281724
1 0.6437996330939588 0.5419460297004337 0.06094924908285648 0.14698424457998532
7 0.8242053658485472 0.14785431079266298 0.06572897105491922 0.14220452260792257
12 0.8130244437930548 0.08541724404782955 0.053583873775355235 0.12049998138423319
8 0.8437236323746693 0.40375903741866737 0.08050167717336593 0.20238458746096513
11 0.6631057180374106 0.14157977857471588 0.06595273373995579 0.18066606106946104
9 0.6545671913437653 0.3267318730921289 0.06328316939762857 0.13497899897856933
9 0.8421519037058035 0.5468018687403284 0.07772023148852042 0.1374667561393042
7 0.8608590304986673 0.6632835184432557 0.07538631117374806 0.1494720017407203
10 0.7515259860021116 0.6711313820403675 0.05836359574741797 0.11572025941217053
10 0.7465706480772145 0.43918120594593585 0.06554716387332658 0.11095452260792257
10 0.7471782015220089 0.33701075182356693 0.053541918271910745 0.1132884429226948
10 0.7353679469148505 0.16640060815565658 0.055931779257941974 0.11089858193666344
10 0.5942254957057032 0.0782764327805145 0.05111010178243502 0.10846676544718764
10 0.5867560329947403 0.24058499625248167 0.05349996276846652 0.10607690446115627