6 0.8451235322540105 0.8018187568225306 0.08013806281018149 0.13988458746096527
2 0.7662737075930892 0.3061509534245198 0.07813978652296427 0.2095821407546889
6 0.7314886655565433 0.08719117590729784 0.058419536418677115 0.1253356440275551
5 0.5095228783142896 0.4320653792060901 0.06356287275392457 0.1830559220554924
3 0.6283236618090251 0.6719473299045222 0.06579889689399301 0.1542237533771535
3 0.5893742451842675 0.3423826589747476 0.058517432593380755 0.14216256710447822
4 0.736943462747026 0.8023913473477878 0.05839156608304755 0.12052795171986283
4 0.5989748432766879 0.5515802076145296 0.053499962768466386 0.10607690446115633
4 0.5321068824000122 0.6822052308842381 0.053541918271910745 0.1132884429226948
4 0.6806504731913474 0.35493332612094064 0.05352793310409609 0.11088459676884864
4 0.5056591848340961 0.26977779348584513 0.05352793310409609 0.11088459676884864
4 0.5698995368718888 0.17760032350986033 0.05351394793628117 0.1084807506150025
1 0.6485909361683881 0.08069907223307198 0.0536957551178738 0.13973075061500245
1 0.344139180633366 0.5549054721338534 0.058559388096825114 0.14937410556601668
7 0.16859708085772906 0.15122633894632775 0.06333911006888779 0.14459438359395393
12 0.18097992599014454 0.08879626478540176 0.053583873775355235 0.12049998138423322
8 0.1430482211952695 0.4107018718835644 0.07809783101951985 0.20237060229315035
11 0.3320865896548971 0.1473696380500416 0.06356287275392457 0.1830559220554924
9 0.3369913767821436 0.3373084471234247 0.06329715456544335 0.13738284513241547
9 0.14220211854247433 0.5561345641912567 0.07773421665633513 0.13987060229315035
7 0.12348799916570313 0.6738181369711073 0.07298246501990197 0.1494580165729054
10 0.23280705849444397 0.6840698467220652 0.05836359574741797 0.11572025941217053
10 0.24259805906266296 0.4473399486555708 0.06314331771948065 0.11094053744010779
10 0.24319242869479177 0.3451764871171093 0.05354191827191088 0.1132884429226948
10 0.25861544511662665 0.17338539812399803 0.05352793310409602 0.11088459676884857
10 0.40335667297263594 0.0864841235775012 0.05112408695024994 0.11087061160103379
10 0.40841529694584516 0.24998062495857665 0.05349996276846652 0.10607690446115633