6 0.8521634615384616 0.7762922580096545 0.07692307692307693 0.13746675613930448
2 0.7716346153846154 0.29118383805452724 0.07692307692307693 0.20717829460084272
6 0.7367788461538461 0.07744431529553411 0.055288461538461536 0.12291781270589416
5 0.5204326923076923 0.41764528809117346 0.06009615384615385 0.17823424457998532
3 0.6394230769230769 0.6513280222843411 0.0625 0.14940207590164625
3 0.5985576923076923 0.32945038552180794 0.055288461538461536 0.13974473578281726
4 0.7463942307692307 0.7781095284704288 0.057692307692307696 0.12052795171986283
4 0.609375 0.5337143753435645 0.052884615384615384 0.10607690446115633
4 0.5444711538461539 0.6614958210284101 0.052884615384615384 0.11088459676884864
4 0.6875 0.3397502420049682 0.05048076923076923 0.10606291929334141
4 0.5168269230769231 0.2590124196890495 0.052884615384615384 0.1084807506150025
4 0.578125 0.16730964406361837 0.052884615384615384 0.10607690446115627
1 0.6550480769230769 0.0719101956166218 0.052884615384615384 0.13973075061500245
1 0.359375 0.5399765251039956 0.057692307692307696 0.14456641325832437
7 0.18509615384615385 0.14675968053979915 0.0625 0.13978669128626164
12 0.1971153846153846 0.08539167777764822 0.052884615384615384 0.12049998138423322
8 0.1622596153846154 0.40170023194173204 0.07692307692307693 0.19756290998545806
11 0.3449519230769231 0.14102197457242285 0.0625 0.1782482297478001
9 0.35096153846153844 0.3260831654990397 0.0625 0.13497899897856933
9 0.1622596153846154 0.543527155018655 0.07451923076923077 0.13504892481764338
7 0.14423076923076922 0.6590166591618816 0.06971153846153846 0.14463633909739843
10 0.2512019230769231 0.6668077807325846 0.055288461538461536 0.1157062742443556
10 0.25961538461538464 0.435989601876002 0.0625 0.11094053744010779
10 0.25961538461538464 0.33502806341446356 0.05048076923076923 0.11087061160103372
10 0.27283653846153844 0.16668191422225137 0.052884615384615384 0.11088459676884864
10 0.41466346153846156 0.07931832778271683 0.04807692307692308 0.1060489341255267
10 0.4206730769230769 0.24034105717087215 0.05048076923076923 0.10606291929334148