6 0.8511681105581628 0.7958441043574521 0.08013806281018122 0.13988458746096527
2 0.7723043007294267 0.30258014711328757 0.07812580135514935 0.20717829460084267
6 0.7375122661089736 0.08482229267298869 0.058419536418677115 0.1253356440275551
5 0.5167553945275503 0.4285015654787653 0.06354888758610978 0.18065207590164625
3 0.635563170606193 0.6671815931002743 0.06579889689399301 0.1542237533771535
3 0.5966067613975282 0.3388188452474228 0.05850344742556583 0.13975872095063208
4 0.7441899641281016 0.7964236874666167 0.05839156608304727 0.12052795171986283
4 0.605012428996933 0.5468074782263742 0.05349996276846652 0.10607690446115633
4 0.5393533837810878 0.676237571003067 0.05352793310409609 0.11088459676884864
4 0.6866810663276849 0.3513625198097084 0.05112408695024966 0.11087061160103372
4 0.5128917010473567 0.2662139797585203 0.05352793310409609 0.11088459676884857
4 0.5771320530851495 0.1740365097825355 0.05349996276846652 0.10607690446115627
1 0.6546145367208182 0.0783301889987628 0.0536957551178738 0.13973075061500245
1 0.35137868943053413 0.5501397353296056 0.058559388096824976 0.14937410556601668
7 0.17702452756400539 0.1488714408798334 0.06333911006888779 0.14459438359395393
12 0.19060929577334398 0.08644835930281478 0.053583873775355235 0.12049998138423319
8 0.1526845835623763 0.4071520433240544 0.07809783101951981 0.20237060229315035
11 0.34051403636117344 0.14501473998354725 0.06356287275392457 0.1830559220554924
9 0.34423088557931164 0.33254271031917687 0.06328316939762857 0.13497899897856933
9 0.1518454734934885 0.5513828125548236 0.07772023148852035 0.13746675613930434
7 0.13192943103979426 0.6690593927507668 0.07298246501990201 0.1494580165729054
10 0.24125548295244245 0.6781091794248015 0.05836359574741797 0.11572025941217053
10 0.2510324983528467 0.4437831275121533 0.06314331771948065 0.11094053744010779
10 0.25043193749195986 0.34041075031286133 0.05354191827191081 0.1132884429226948
10 0.26704988440681043 0.16982857698058057 0.05352793310409602 0.11088459676884857
10 0.41058918918589665 0.08292030985017636 0.05112408695024994 0.11087061160103379
10 0.41684973623602894 0.24642380381515921 0.05349996276846652 0.10607690446115627