6 0.14423076923076922 0.7891871076727281 0.07932692307692307 0.14034612924153797
2 0.22596153846153846 0.29785146868727413 0.07692307692307693 0.20762585026685265
6 0.2620192307692308 0.08108574560545619 0.055288461538461536 0.12564333949468495
5 0.4795673076923077 0.42110242147335963 0.06009615384615385 0.17858389744405562
3 0.3605769230769231 0.6592658461048975 0.06490384615384616 0.15219753231650301
3 0.40024038461538464 0.333083166099513 0.057692307692307696 0.14009438770013952
4 0.2512019230769231 0.7891443086838478 0.057692307692307696 0.1208636184693703
4 0.390625 0.5399258204597926 0.052884615384615384 0.10638459898153813
4 0.45552884615384615 0.6677763650663665 0.052884615384615384 0.11119229128923044
4 0.3112980769230769 0.3449354112397922 0.05048076923076923 0.10876047385300666
4 0.484375 0.25998878660091207 0.052884615384615384 0.11119229128923044
4 0.421875 0.16936988609657605 0.052884615384615384 0.10638459898153813
1 0.34375 0.07412510662000214 0.052884615384615384 0.14003844513538427
1 0.6430288461538461 0.5417965281178362 0.057692307692307696 0.14730592616167798
7 0.8197115384615384 0.1407021773246205 0.0625 0.14255417641874088
12 0.8064903846153846 0.07955794245462043 0.052884615384615384 0.12080767590461505
8 0.8425480769230769 0.39764798860357164 0.07692307692307693 0.20281815795916033
11 0.6574519230769231 0.1377825465774167 0.0625 0.18341956103412546
9 0.6514423076923077 0.3253524747833607 0.0625 0.13534263795720244
9 0.8425480769230769 0.5418787578343409 0.07451923076923077 0.13788634052293658
7 0.8605769230769231 0.6582555116780473 0.07211538461538461 0.1474737538559437
10 0.7524038461538461 0.6679276809235013 0.055288461538461536 0.1160279548793005
10 0.7439903846153846 0.43485250348874593 0.0625 0.11130417641874092
10 0.7439903846153846 0.33268904195028437 0.052884615384615384 0.11119229128923044
10 0.7295673076923077 0.1621837927214731 0.052884615384615384 0.11119229128923044
10 0.5877403846153846 0.07729563684329038 0.04807692307692308 0.10873250257062908
10 0.5805288461538461 0.23963916607503857 0.052884615384615384 0.10638459898153813