6 0.13701923076923078 0.7856529237962128 0.07932692307692307 0.13988458746096527
2 0.21754807692307693 0.29453488845646986 0.07692307692307693 0.20717829460084267
6 0.2548076923076923 0.07720358163452229 0.057692307692307696 0.1253356440275551
5 0.4735576923076923 0.42222623190566877 0.0625 0.18065207590164625
3 0.35336538461538464 0.6595077427456981 0.06490384615384616 0.1542237533771535
3 0.3942307692307692 0.3328224136754728 0.057692307692307696 0.13975872095063208
4 0.2439903846153846 0.7886791099178172 0.057692307692307696 0.12052795171986283
4 0.38341346153846156 0.5394902496510755 0.052884615384615384 0.10607690446115633
4 0.4495192307692308 0.6696825340736746 0.052884615384615384 0.11088459676884864
4 0.30408653846153844 0.3431152775747256 0.05048076923076923 0.11087061160103386
4 0.47836538461538464 0.26119650993360605 0.052884615384615384 0.11088459676884864
4 0.41466346153846156 0.168277826063437 0.052884615384615384 0.10607690446115633
1 0.33653846153846156 0.07287138503253304 0.057692307692307696 0.1421625671044782
1 0.6370192307692307 0.5457733771632287 0.057692307692307696 0.14937410556601668
7 0.8149038461538461 0.1465678949661391 0.0625 0.14459438359395393
12 0.8016826923076923 0.08519289962008078 0.052884615384615384 0.12049998138423319
8 0.8377403846153846 0.40631613867576427 0.07692307692307693 0.20237060229315035
11 0.6514423076923077 0.14201113432396367 0.0625 0.1830559220554924
9 0.6454326923076923 0.3294761714044267 0.0625 0.13497899897856933
9 0.8377403846153846 0.5493449848296105 0.07692307692307693 0.1374667561393042
7 0.8569711538461539 0.6672453277105904 0.07211538461538461 0.1494580165729054
10 0.7475961538461539 0.6750224641134787 0.057692307692307696 0.11572025941217053
10 0.7391826923076923 0.4405985160261269 0.0625 0.11094053744010779
10 0.7391826923076923 0.3384350544876653 0.052884615384615384 0.1132884429226948
10 0.7247596153846154 0.16767806655769962 0.052884615384615384 0.11088459676884857
10 0.5817307692307693 0.0791055644573346 0.05048076923076923 0.11087061160103379
10 0.5745192307692307 0.24252514741542866 0.052884615384615384 0.10607690446115633