6 0.14732580626006506 0.7832560702262739 0.0809492574548243 0.13988458746096527
2 0.22335043388580236 0.2933469505473616 0.07932860720755112 0.20717829460084267
6 0.25689071077951 0.07721057421842968 0.05674296822209708 0.1253216588597403
5 0.47842469544139593 0.4210243088287457 0.06216602874209688 0.17823424457998532
3 0.3609875590632826 0.657103896591852 0.06666603694363551 0.15181990722330732
3 0.3980628349165014 0.3316204905985497 0.05931464207020895 0.13975872095063208
4 0.2543109457474077 0.7850803332709554 0.059090871811188064 0.12052795171986283
4 0.3908389949444023 0.5370933960811366 0.054115351809230106 0.10607690446115633
4 0.4572532903466392 0.6672786879198285 0.054171294373985344 0.11088459676884864
4 0.30924639799489295 0.34192034708170993 0.05173947693776157 0.10846676544718771
4 0.48135831182978855 0.259994586856683 0.054171294373985344 0.11088459676884864
4 0.4165794943813277 0.16707590298651392 0.054115351809230106 0.10607690446115633
1 0.33855155180433527 0.07167645453951738 0.054506949762516646 0.13973075061500245
1 0.6432987836630036 0.5433695310093826 0.05939855591734181 0.1469702594121705
7 0.8153522287372019 0.14656090238223168 0.06415030566027888 0.1421905374401078
12 0.8014038215492303 0.0839839839592503 0.05428317950349582 0.12049998138423319
8 0.8411816944131444 0.4039052999380107 0.07927266464279589 0.20237060229315035
11 0.6518347477109082 0.14080221866313322 0.06462581746069801 0.1830559220554924
9 0.6492088154286692 0.3282742483275036 0.06406639181314616 0.13497899897856933
9 0.8416440626376889 0.5469271535079495 0.07611359386475441 0.13745277097148956
7 0.8622454247049608 0.6648274963889295 0.07382163284041846 0.14705417041905924
10 0.7541702472702057 0.672611625375725 0.056631083092586736 0.1157062742443556
10 0.7418416482641932 0.439382607781389 0.06378667898936996 0.11094053744010779
10 0.7418547918400679 0.3372261388268348 0.054171294373985344 0.11088459676884864
10 0.7254457538681808 0.16646915089686914 0.054171294373985344 0.11088459676884864
10 0.5814099415487408 0.0790985718734272 0.04933563078391542 0.10845278027937286
10 0.5772883877246139 0.24132322433850556 0.054115351809230106 0.10607690446115633