6 0.14800115505471834 0.7989649812331626 0.08255589413184222 0.1423024187826261
2 0.2229765064882288 0.3077979978060681 0.08054363267681036 0.20959612592250373
6 0.256694087252391 0.09043872064849091 0.058419536418677115 0.1253356440275551
5 0.4794817939751201 0.43068864153148206 0.06354888758610978 0.18065207590164625
3 0.3615037313160094 0.6691930532001569 0.06818875788002451 0.15183389239112197
3 0.399463406446514 0.34247975379430173 0.06092127874722691 0.142176552272293
4 0.2549653163169648 0.8007892442778441 0.0607954122368937 0.12054193688767775
4 0.39224407404591877 0.550377483182457 0.05351394793628117 0.1084807506150025
4 0.45881055245942687 0.6781729140351177 0.0559457644257569 0.11330242809050944
4 0.3092422572543019 0.3551764638474007 0.05351394793628117 0.1084807506150025
4 0.4828226463725577 0.2696449343916046 0.055931779257942245 0.11089858193666337
4 0.41724132093484323 0.1791161115074669 0.05351394793628117 0.10848075061500242
1 0.3396687350635276 0.08370967047656294 0.05609960127171968 0.13974473578281724
1 0.6446479201997648 0.5518459258030107 0.06094924908285621 0.14698424457998518
7 0.8152596665779741 0.1501806567808157 0.06572897105491922 0.14220452260792257
12 0.8023881419271901 0.09000758451168049 0.05598771992920139 0.12051396655204802
8 0.8414074843910216 0.4075530246722244 0.08050167717336593 0.20238458746096527
11 0.6530000511933587 0.14923665795331698 0.06837056506161687 0.18308389239112197
9 0.6495123545338658 0.3355207497085791 0.06329715456544321 0.13738284513241547
9 0.84297222047598 0.5517977790708084 0.07773421665633506 0.13987060229315035
7 0.8627266321446546 0.6685031914587726 0.07538631117374806 0.1494720017407203
10 0.7556925450433342 0.6786981591833219 0.05836359574741797 0.11572025941217053
10 0.7426330219821999 0.44423924817643307 0.06554716387332686 0.11095452260792257
10 0.7432273916143288 0.3420757866379715 0.053541918271910745 0.1132884429226948
10 0.7261775072075184 0.1737016671101298 0.055931779257942245 0.11089858193666337
10 0.5824432114341744 0.08752601857970355 0.05111010178243502 0.10846676544718764
10 0.5778934433759064 0.24976465621259675 0.05351394793628117 0.1084807506150025