6 0.8485576923076923 0.78125 0.07692307692307693 0.13701923076923078
2 0.7692307692307693 0.2956730769230769 0.07692307692307693 0.20673076923076922
6 0.7331730769230769 0.08173076923076923 0.055288461538461536 0.12259615384615384
5 0.5168269230769231 0.4206730769230769 0.06009615384615385 0.1778846153846154
3 0.6358173076923077 0.6550480769230769 0.0625 0.14903846153846154
3 0.5949519230769231 0.3329326923076923 0.055288461538461536 0.13942307692307693
4 0.7427884615384616 0.7824519230769231 0.057692307692307696 0.1201923076923077
4 0.6057692307692307 0.5372596153846154 0.052884615384615384 0.10576923076923077
4 0.5408653846153846 0.6646634615384616 0.052884615384615384 0.11057692307692307
4 0.6838942307692307 0.34375 0.05048076923076923 0.10576923076923077
4 0.5132211538461539 0.2620192307692308 0.052884615384615384 0.10817307692307693
4 0.5745192307692307 0.17067307692307693 0.052884615384615384 0.10576923076923077
1 0.6514423076923077 0.07572115384615384 0.052884615384615384 0.13942307692307693
1 0.3557692307692308 0.5420673076923077 0.057692307692307696 0.14423076923076922
7 0.1814903846153846 0.14783653846153846 0.0625 0.13942307692307693
12 0.1935096153846154 0.08653846153846154 0.052884615384615384 0.1201923076923077
8 0.15865384615384615 0.4026442307692308 0.07692307692307693 0.1971153846153846
11 0.3425480769230769 0.14302884615384615 0.0625 0.1778846153846154
9 0.3473557692307692 0.328125 0.0625 0.1346153846153846
9 0.15865384615384615 0.5444711538461539 0.07451923076923077 0.1346153846153846
7 0.140625 0.6598557692307693 0.06971153846153846 0.14423076923076922
10 0.24759615384615385 0.6682692307692307 0.055288461538461536 0.11538461538461539
10 0.25600961538461536 0.4375 0.0625 0.11057692307692307
10 0.25600961538461536 0.33653846153846156 0.05048076923076923 0.11057692307692307
10 0.2692307692307692 0.16826923076923078 0.052884615384615384 0.11057692307692307
10 0.4110576923076923 0.08173076923076923 0.04807692307692308 0.10576923076923077
10 0.4182692307692308 0.24278846153846154 0.05048076923076923 0.10576923076923077