12 0.3524259743063449 0.7791732025795027 0.07535834083811849 0.14466430943302774
6 0.15166985754065412 0.7863505794766537 0.07773421665633513 0.13987060229315035
2 0.2715063448088339 0.6402256213621289 0.08776915630616368 0.21204192757979412
5 0.39833840179257235 0.3245945464819133 0.07315028703367961 0.17830417041905924
4 0.31340044061375555 0.25658140455472317 0.05109611661462023 0.10606291929334155
4 0.375389180633366 0.550681951453785 0.05836359574741797 0.11572025941217053
4 0.48121515342900534 0.33372744280768746 0.05108213144680544 0.10365907313949527
6 0.7312423224094856 0.5341890696941181 0.06814680237658002 0.1446223539295835
8 0.6418602832861613 0.4037038981025577 0.08047370683773636 0.19757689515327298
12 0.8194869744213522 0.2404163728835547 0.07045275235572254 0.12780941602047521
10 0.5653427762297134 0.3344398850110926 0.05352793310409609 0.11088459676884864
10 0.6347684201061979 0.17658938465144788 0.05112408695024994 0.11087061160103379
10 0.7230821966019894 0.07752123371851548 0.051096116614620365 0.10606291929334148
10 0.7425133467006249 0.6627249130858134 0.06314331771948044 0.11094053744010779