12 0.640625 0.7725937301694444 0.07451923076923077 0.14269403283062915
6 0.8401442307692307 0.7762817291167187 0.07692307692307693 0.13791431180531405
2 0.7223557692307693 0.632219629645529 0.08653846153846154 0.2125454277040553
5 0.5973557692307693 0.3211741363291646 0.07211538461538461 0.17872375385594358
4 0.6814903846153846 0.25048360298440986 0.04807692307692308 0.1063286564167829
4 0.6189903846153846 0.5444800870954585 0.057692307692307696 0.11605592616167798
4 0.5144230769230769 0.33175453018657663 0.05048076923076923 0.10395278154531436
6 0.2644230769230769 0.5353846974000016 0.06490384615384616 0.1425821477011184
8 0.3545673076923077 0.40332615892622603 0.07932692307692307 0.19803843693384565
12 0.17908653846153846 0.24431037023209903 0.06971153846153846 0.12821501334279678
10 0.43149038461538464 0.33271953942860405 0.052884615384615384 0.10878844513538428
10 0.36177884615384615 0.17728070661755468 0.05048076923076923 0.10876047385300666
10 0.27524038461538464 0.08093190355237935 0.05048076923076923 0.10635662769916052
10 0.25240384615384615 0.6629283999657358 0.0625 0.11130417641874092