12 0.35308189409577895 0.7776442307692307 0.07535834083811849 0.14423076923076922
6 0.15355567074264082 0.7764423076923077 0.07773421665633513 0.13942307692307693
2 0.27653561534855214 0.6358173076923077 0.08776915630616368 0.21153846153846154
5 0.4105488363927511 0.32572115384615385 0.07315028703367961 0.1778846153846154
4 0.32839151954363055 0.25240384615384615 0.05109611661462023 0.10576923076923077
4 0.38180138007645026 0.5492788461538461 0.05836359574741797 0.11538461538461539
4 0.49234953146259425 0.33774038461538464 0.05108213144680544 0.10336538461538461
6 0.7375566256778663 0.546875 0.06814680237658002 0.14423076923076922
8 0.6514439104026065 0.41346153846153844 0.08047370683773636 0.1971153846153846
12 0.8344360978477829 0.25841346153846156 0.07045275235572254 0.12740384615384615
10 0.5765051245989319 0.34134615384615385 0.05352793310409609 0.11057692307692307
10 0.6513242351210314 0.18629807692307693 0.05112408695024966 0.11057692307692307
10 0.7409160517615777 0.09134615384615384 0.051096116614620365 0.10576923076923077
10 0.7467322788622343 0.6778846153846154 0.06314331771948044 0.11057692307692307