12 0.3545673076923077 0.7788461538461539 0.07211538461538461 0.14182692307692307
6 0.15264423076923078 0.78125 0.07692307692307693 0.13701923076923078
2 0.27403846153846156 0.6370192307692307 0.08173076923076923 0.21153846153846154
5 0.40625 0.3233173076923077 0.07211538461538461 0.1778846153846154
4 0.32211538461538464 0.2512019230769231 0.04807692307692308 0.10576923076923077
4 0.3798076923076923 0.5480769230769231 0.055288461538461536 0.11538461538461539
4 0.4891826923076923 0.33413461538461536 0.04807692307692308 0.10336538461538461
6 0.7379807692307693 0.5408653846153846 0.0625 0.14423076923076922
8 0.6490384615384616 0.4074519230769231 0.07692307692307693 0.1971153846153846
12 0.8305288461538461 0.24879807692307693 0.0673076923076923 0.12740384615384615
10 0.5733173076923077 0.33653846153846156 0.05048076923076923 0.11057692307692307
10 0.6466346153846154 0.17908653846153846 0.04807692307692308 0.11057692307692307
10 0.734375 0.08173076923076923 0.04807692307692308 0.10576923076923077
10 0.7487980769230769 0.6706730769230769 0.06009615384615385 0.11057692307692307