12 0.3515828011310441 0.7724563999534987 0.07379366155804098 0.14506990770209754
6 0.1484857724134217 0.7772238194682527 0.07854541130097811 0.1403181579591602
2 0.2693896636757303 0.6303645917593024 0.08659608823384482 0.21251745642167783
5 0.39911091594034764 0.31150449327965285 0.07421323079370513 0.18112760000978972
4 0.3141231764432153 0.23916618047056135 0.0493076595015378 0.1063286564167829
4 0.37531189443272395 0.538975638924268 0.05906290052881037 0.11845977231552414
4 0.48337140209566226 0.32134280608874427 0.05171150565538395 0.10635662769916052
6 0.7370068267394372 0.5275544224648997 0.06658212309650252 0.1449859938549647
8 0.6464981272339835 0.3939739752974865 0.07921672207804065 0.19801046565146804
12 0.8273163590069915 0.23079046552909604 0.06881814155608322 0.13059088821426532
10 0.5687359118395784 0.32275367171818536 0.05176744822013919 0.11116432000685282
10 0.6402071148949641 0.16324670145182216 0.04936360206629304 0.1111363487244752
10 0.7292045230867128 0.0636400860549696 0.05171150565538395 0.10635662769916053
10 0.7493485693213244 0.6584381670788158 0.06378667898936996 0.11130417641874092