12 0.6583773482181479 0.7788461538461539 0.07295449468427233 0.14423076923076922
6 0.8615163333859628 0.78125 0.07773421665633534 0.13942307692307693
2 0.738081069470921 0.6370192307692307 0.08536531015231738 0.21153846153846154
5 0.6040304814417369 0.32091346153846156 0.07315028703367947 0.1778846153846154
4 0.6877455417919085 0.24879807692307693 0.04869227046077421 0.10576923076923077
4 0.6317873949086354 0.546875 0.05595974959357182 0.11538461538461539
4 0.5211607223892112 0.3317307692307692 0.048692270460774074 0.10576923076923077
6 0.272370439405191 0.5396634615384616 0.06333911006888779 0.14423076923076922
8 0.359327654622947 0.4050480769230769 0.0780698606838902 0.1971153846153846
12 0.17690725634787846 0.24519230769230768 0.0680628913696913 0.12980769230769232
10 0.43583816909548756 0.33413461538461536 0.05112408695024994 0.11057692307692307
10 0.3616048329113106 0.17668269230769232 0.04872024079640379 0.11057692307692307
10 0.2720891333385963 0.078125 0.048692270460774144 0.10576923076923077
10 0.2611134002818667 0.6706730769230769 0.06314331771948065 0.11057692307692307