12 0.6360378649567467 0.7884615384615384 0.07295449468427233 0.14423076923076922
6 0.8391488797889319 0.7908653846153846 0.07773421665633506 0.13942307692307693
2 0.7173988285955732 0.6454326923076923 0.08536531015231738 0.21153846153846154
5 0.5870263397016806 0.3293269230769231 0.07315028703367947 0.1778846153846154
4 0.6715805101207398 0.25721153846153844 0.04869227046077421 0.10576923076923077
4 0.61214704903549 0.5564903846153846 0.05595974959357182 0.11538461538461539
4 0.5028217984779911 0.34134615384615385 0.04869227046077421 0.10576923076923077
6 0.2516120814620113 0.5492788461538461 0.06333911006888784 0.14423076923076922
8 0.34133755855194764 0.41466346153846156 0.0780698606838902 0.1971153846153846
12 0.16077718759624696 0.2548076923076923 0.0680628913696913 0.12980769230769232
10 0.4186801905094685 0.3425480769230769 0.05112408695024994 0.11057692307692307
10 0.3462789113090299 0.18509615384615385 0.04872024079640379 0.11057692307692307
10 0.2579030029132215 0.08774038461538461 0.048692270460774144 0.10576923076923077
10 0.24003258212379722 0.6802884615384616 0.06314331771948065 0.11057692307692307