12 0.6394230769230769 0.78125 0.07451923076923077 0.14423076923076922
6 0.8401442307692307 0.7872596153846154 0.07692307692307693 0.13942307692307693
2 0.7211538461538461 0.6418269230769231 0.08653846153846154 0.21153846153846154
5 0.5961538461538461 0.3269230769230769 0.07211538461538461 0.1778846153846154
4 0.6802884615384616 0.25841346153846156 0.05048076923076923 0.10576923076923077
4 0.6177884615384616 0.5528846153846154 0.057692307692307696 0.11538461538461539
4 0.5120192307692307 0.33653846153846156 0.05048076923076923 0.10336538461538461
6 0.2620192307692308 0.5384615384615384 0.0673076923076923 0.14423076923076922
8 0.35096153846153844 0.4074519230769231 0.07932692307692307 0.1971153846153846
12 0.17548076923076922 0.24519230769230768 0.06971153846153846 0.12740384615384615
10 0.42908653846153844 0.33774038461538464 0.052884615384615384 0.11057692307692307
10 0.359375 0.18028846153846154 0.05048076923076923 0.11057692307692307
10 0.27283653846153844 0.08173076923076923 0.05048076923076923 0.10576923076923077
10 0.24879807692307693 0.6670673076923077 0.0625 0.11057692307692307