12 0.36249800831167345 0.7807439907212609 0.0737656902756635 0.1426660615482514
6 0.16060290267097413 0.7854974245948261 0.07851744001860056 0.13791431180531405
2 0.2815207795744715 0.6398401199627989 0.08419224207999867 0.21248948513930033
5 0.4088661569676203 0.3234118389193732 0.07418525951132765 0.1787237538559437
4 0.32390638875286554 0.25347737226412786 0.0493076595015378 0.1063286564167829
4 0.3850531498188078 0.5496810614870653 0.056631083092586736 0.11602795487930023
4 0.4919387056872007 0.3344660604465765 0.04927968821916032 0.10392481026293673
6 0.7431423128947519 0.5383018019512633 0.06417827694265636 0.14495802257258708
8 0.65384952210741 0.4059092922195845 0.07921672207804092 0.19801046565146804
12 0.8322918790089494 0.24515759988741778 0.06879017027370574 0.12818704206041917
10 0.5760873067130048 0.3346889886402833 0.05176744822013919 0.11116432000685282
10 0.6475864810507681 0.17758586452776626 0.04936360206629304 0.1111363487244752
10 0.7353959518067826 0.07919515784902556 0.0493076595015378 0.10632865641678292
10 0.7554700698354503 0.6679836234882564 0.06138283283552381 0.11127620513636316