12 0.6472698636953099 0.7813572928240593 0.07619750771188741 0.14466430943302774
6 0.8516667149781768 0.7885556474729323 0.08097722873720195 0.14228843361481142
2 0.7285522503427233 0.6400128580367467 0.09143175182391489 0.2144597589014552
5 0.5986301467095785 0.31956709826493135 0.07664504822992892 0.18312584789456648
4 0.6831555179821662 0.2503520332608182 0.05173947693776171 0.10846676544718764
4 0.6229360195612552 0.5492602724675723 0.05906290052881065 0.11812410556601668
4 0.5146074164544735 0.3286930020067981 0.054115351809230106 0.10607690446115633
6 0.2621772831488778 0.5315374972953527 0.06901394053272636 0.14702620008342968
8 0.35078309338734026 0.39985040262686916 0.08164853951426455 0.199980741307119
12 0.1697945077241244 0.2353469691631284 0.07122198770992924 0.1302132621743214
10 0.4292848636341239 0.3293984516262959 0.054171294373985344 0.11088459676884864
10 0.35652529745874023 0.17033204302191327 0.05176744822013919 0.11087061160103379
10 0.2664221815477618 0.0700549764281504 0.054115351809230106 0.10607690446115631
10 0.24929262675656927 0.6636651247500024 0.06381465027174758 0.11334438359395395