6 0.5978304389658745 0.06598230678588432 0.0567149969397196 0.12291781270589416
6 0.8363507537458088 0.7440984787945932 0.08097722873720195 0.14228843361481142
2 0.7949852543088836 0.3736404529138045 0.0840803569504882 0.20239857262877992
5 0.6024266625251067 0.2907838776739441 0.07656113438279619 0.17591430943302794
4 0.6738584348528681 0.14335290907903472 0.04927968821916004 0.10364508797168054
4 0.6836967476619595 0.2275504577188167 0.049335630783915556 0.10845278027937286
4 0.7008856132791633 0.4031431082921043 0.056631083092586736 0.1157062742443556
4 0.6203419394188143 0.5072489054465237 0.054171294373985344 0.11088459676884864
4 0.5205979938060158 0.29872184350670256 0.05654716924545388 0.10849473578281728
4 0.5282028143514689 0.058365198457716774 0.049251716936782555 0.1012412418178344
3 0.6006809835724484 0.13090713069145268 0.052047161043915116 0.13490907313949532
3 0.4389922532806318 0.3908014173079838 0.07616953642950965 0.1422604632791817
11 0.3632579558586032 0.2881904303994488 0.07653316310041856 0.1735104632791818
12 0.2169606799931472 0.05174642691800831 0.06607864001370564 0.10133913799253796
12 0.24501858554084377 0.7394562044352303 0.07373771899328588 0.13984263195752078
8 0.16658926969594626 0.35195448537638896 0.08405238566811064 0.19999472647493377
7 0.14950976301231067 0.4768635817855928 0.0809772287372019 0.14228843361481142
9 0.37284621125692424 0.1872778400252621 0.06409436309552365 0.13738284513241547
9 0.15651067479070305 0.5983067606421754 0.08343701745580329 0.14711011109031838
10 0.4401250902169249 0.29344564807721457 0.05414332309160773 0.1084807506150025
10 0.295099665634336 0.050999021795066116 0.054031437962097244 0.09886536599961783
10 0.289689748690211 0.20602612096642087 0.05176744822013919 0.11087061160103379
10 0.25495648196888493 0.6084955371379667 0.06392653540125792 0.12295976820933856
10 0.436194282977557 0.7345584098918914 0.0663024102727266 0.12056990722330706