6 0.5797185077757374 0.07067811775105826 0.05600170509701618 0.12291781270589416
6 0.8479944984317906 0.7344761015953013 0.07773421665633534 0.13987060229315063
2 0.7893853608924645 0.3699647578439612 0.08289153815939716 0.19999472647493377
5 0.595435212721683 0.2931177979887163 0.0731223166980499 0.173496478111367
4 0.6582770479779961 0.14565186647426992 0.046260453971298215 0.10122725665001961
4 0.671973697529853 0.22745955412802055 0.048706255628588865 0.10845278027937286
4 0.6994229373048261 0.4006903140509064 0.05594576442575717 0.11330242809050958
4 0.6243171308425233 0.506019012033971 0.05351394793628117 0.1084807506150025
4 0.5149762924069108 0.3046685256361513 0.05591779409012732 0.10849473578281728
4 0.5099929841463842 0.06786870173058301 0.048664300125144506 0.1012412418178344
3 0.5849107921983366 0.1368118573174571 0.0512639386283978 0.13490907313949532
3 0.4373967139516879 0.3979640076821705 0.07292652434864276 0.13984263195752078
11 0.35870531465518857 0.30015372049742034 0.07551217768408126 0.17110661712533565
12 0.1998758525485081 0.06245884585170503 0.06075345673344927 0.11333039842613914
12 0.26397875697360107 0.751510398123998 0.07291253918082798 0.13743878580367463
8 0.16680319221412537 0.3687464455337751 0.08287755299158252 0.19759088032108763
7 0.1579150363251102 0.49369050486251587 0.07773421665633513 0.13987060229315035
9 0.3629326224985669 0.20042207544843457 0.06329715456544349 0.13738284513241547
9 0.1706265329011734 0.6127508153169745 0.08258386446747187 0.14711011109031838
10 0.43323853059223416 0.3029911068535252 0.053499962768466386 0.10607690446115633
10 0.2767919368876776 0.06170444814485544 0.04867828529295929 0.10364508797168054
10 0.2813207271942234 0.22037927205042382 0.05112408695024987 0.11087061160103386
10 0.2680172650514796 0.6193268299980891 0.06080939740470848 0.12294578304152391
10 0.4525967690436354 0.7381851568743827 0.06318527322292493 0.11815207590164625