6 0.5877403846153846 0.06693513238747885 0.055288461538461536 0.12083564718699268
6 0.8461538461538461 0.747826660627687 0.07692307692307693 0.14272200411300637
2 0.7956730769230769 0.37464310985160343 0.08173076923076923 0.20287410052391558
5 0.5985576923076923 0.29182061854279345 0.07211538461538461 0.1763199077020974
4 0.6658653846153846 0.14236342983398187 0.04567307692307692 0.10389683898055911
4 0.6790865384615384 0.22785381034859717 0.04807692307692308 0.1111363487244752
4 0.7019230769230769 0.40360030676195363 0.052884615384615384 0.11599998359692275
4 0.6225961538461539 0.5096484082896464 0.052884615384615384 0.11119229128923044
4 0.515625 0.3016729169930737 0.055288461538461536 0.11122026257160805
4 0.5168269230769231 0.06010036417272405 0.04807692307692308 0.1015209641090906
3 0.5913461538461539 0.13067901238796834 0.05048076923076923 0.13520278154531434
3 0.43509615384615385 0.395687802110347 0.07211538461538461 0.1426660615482514
11 0.35697115384615385 0.29261527389461317 0.07211538461538461 0.17391606154825126
12 0.20192307692307693 0.05403228002741133 0.0625 0.1040926379572024
12 0.24879807692307693 0.7504911815722364 0.07211538461538461 0.14026221539440525
8 0.15865384615384615 0.35881725848307594 0.08173076923076923 0.20287410052391558
7 0.1466346153846154 0.48608124822503407 0.07692307692307693 0.14031815795916033
9 0.36177884615384615 0.19170967799782992 0.0625 0.1401503302648947
9 0.15625 0.6075873641237752 0.07932692307692307 0.14755766770307643
10 0.4338942307692308 0.2971161241614658 0.05048076923076923 0.10876047385300666
10 0.27884615384615385 0.05252351490964861 0.04807692307692308 0.09671327180139831
10 0.2800480769230769 0.2099894236277605 0.04807692307692308 0.1111363487244752
10 0.25600961538461536 0.6171616338809075 0.06009615384615385 0.1256992820594401
10 0.4423076923076923 0.741925562111326 0.0625 0.12091956103412553