6 0.4026442307692308 0.0708521309935938 0.057692307692307696 0.12773949018140127
6 0.15384615384615385 0.7593085122786085 0.07932692307692307 0.1446922797686576
2 0.19831730769230768 0.3833653148062592 0.08413461538461539 0.20722025010428716
5 0.3954326923076923 0.3003774831824571 0.07451923076923077 0.17831815558687403
4 0.3245192307692308 0.15092645919345907 0.04807692307692308 0.1060489341255267
4 0.3125 0.23739499489284663 0.04807692307692308 0.11085662643321907
4 0.2932692307692308 0.4139658058580205 0.055288461538461536 0.1157062742443556
4 0.3737980769230769 0.52140546282597 0.052884615384615384 0.11088459676884864
4 0.47716346153846156 0.3104683635035448 0.057692307692307696 0.11091256710447822
4 0.4735576923076923 0.06765892421336107 0.04807692307692308 0.10364508797168054
3 0.40024038461538464 0.13934776121039438 0.052884615384615384 0.1373269044611563
3 0.5612980769230769 0.40470784437706264 0.07451923076923077 0.14466430943302802
11 0.6382211538461539 0.3029919082086746 0.07692307692307693 0.17592829460084272
12 0.7920673076923077 0.05989657433343698 0.06490384615384616 0.11095452260792257
12 0.7548076923076923 0.7616028811553845 0.07451923076923077 0.14226046327918185
8 0.8377403846153846 0.3690565232911489 0.08413461538461539 0.204816403950441
7 0.8521634615384616 0.49654428045188376 0.07932692307692307 0.1446922797686576
9 0.6310096153846154 0.19958456808984562 0.06490384615384616 0.13980067645407643
9 0.8449519230769231 0.6190984787945932 0.08413461538461539 0.14952794241197948
10 0.5600961538461539 0.307345082562386 0.052884615384615384 0.1084807506150025
10 0.7127403846153846 0.057031217641702554 0.05048076923076923 0.1060629192933415
10 0.7139423076923077 0.21929782561022532 0.05048076923076923 0.11327445775487995
10 0.7439903846153846 0.6269245632848334 0.0625 0.12536361436318472
10 0.5600961538461539 0.7532585441008475 0.06490384615384616 0.1229737533771532