6 0.4058312728296499 0.07202085338831915 0.05674296822209708 0.12564333949468498
6 0.16858280933258277 0.7518600902781108 0.08097722873720195 0.14274997539538412
2 0.20751649133328437 0.379767419514754 0.08651217438671197 0.20530591796013936
5 0.4012630205527953 0.29910040107964786 0.07656113438279605 0.17634787898447504
4 0.32981726258384525 0.14925077235223572 0.04927968821916018 0.10392481026293673
4 0.32000692105713135 0.235663363119998 0.04936360206629304 0.1111363487244752
4 0.3028180554399275 0.4109203620917464 0.056631083092586736 0.11602795487930023
4 0.3833757149414653 0.5176126451794383 0.054171294373985344 0.11119229128923044
4 0.483105674913075 0.30966680929587115 0.058978986681677656 0.11124823385398568
4 0.4766887918033562 0.06803831391076626 0.04927968821916018 0.10392481026293678
3 0.4042106225823768 0.13930057441363386 0.05207513232629287 0.13760662769916054
3 0.5671152615923052 0.40317989546097555 0.07619750771188713 0.14509787898447504
11 0.6416476359374107 0.3018975293174086 0.07656113438279605 0.17634787898447504
12 0.792696661545804 0.06330307600496009 0.06616255386083864 0.10892830154727232
12 0.7635207467683169 0.7575810595896457 0.07616953642950965 0.14269403283062887
8 0.8407201682539138 0.36910900626740734 0.08648420310433434 0.20290207180629322
7 0.8566117375018152 0.49547875703859606 0.08097722873720195 0.14274997539538412
9 0.6344632266929359 0.20086606264992612 0.06412233437790113 0.1401503302648947
9 0.8508127488003457 0.6167890739606942 0.08346498873818084 0.14998948513930033
10 0.5659824246560121 0.3058241262302063 0.05414332309160759 0.10878844513538428
10 0.7133557528276919 0.061178100609575965 0.05171150565538395 0.10635662769916053
10 0.716417766182726 0.221047855481534 0.051767448220138915 0.11116432000685282
10 0.7511510329040522 0.6240417272804848 0.06392653540125792 0.12332340718797169
10 0.5699272175365688 0.7481178328967099 0.0663024102727266 0.12094753231650329