6 0.5980970082137758 0.07065278674775852 0.05674296822209722 0.12564333949468495
6 0.8511912031777575 0.7525923960118129 0.08097722873720195 0.14274997539538412
2 0.8024124718454522 0.3818826195955195 0.0840803569504882 0.20287410052391558
5 0.6079378472188094 0.29669823905642984 0.07656113438279605 0.17634787898447504
4 0.675929151814125 0.14967286778384195 0.04927968821916004 0.10392481026293678
4 0.6877394400308376 0.23513527701607964 0.049335630783915556 0.10873250257062904
4 0.7089981272339835 0.40963789342894663 0.056631083092586736 0.11602795487930037
4 0.6309019405816751 0.5144840718797163 0.054171294373985344 0.11119229128923044
4 0.5263189631175506 0.30536260007097576 0.05654716924545374 0.10881641641776191
4 0.5283295271874822 0.06503392725111558 0.049251716936782555 0.10152096410909062
3 0.6012700646330061 0.13678652726090534 0.05204716104391539 0.13520278154531434
3 0.4456650882583192 0.39695965339321404 0.07616953642950965 0.14269403283062887
11 0.3687551549111171 0.2939150964598579 0.07653316310041856 0.17394403283062887
12 0.21575959898153813 0.05538804515741125 0.06613458257846087 0.10652445539342617
12 0.25862914061349185 0.7444955518288096 0.07373771899328588 0.14026221539440525
8 0.17238100927873906 0.3553233743818171 0.08405238566811064 0.20047025437006943
7 0.1594264246804865 0.4813574697644745 0.0809772287372019 0.14274997539538412
9 0.37599382258971914 0.19305145748664104 0.06409436309552365 0.13774648411104853
9 0.16805051290209416 0.6028356143808382 0.08343701745580329 0.1475856389854539
10 0.4445322513220261 0.2996038841624448 0.05414332309160773 0.10878844513538428
10 0.29505855077608356 0.05390725132202613 0.051655563090628714 0.10154893539146823
10 0.2932849005410476 0.2113172174753828 0.05176744822013919 0.11116432000685282
10 0.2667200903392969 0.6135978215737047 0.06392653540125799 0.12332340718797169
10 0.4508529190740514 0.7395217159574798 0.0663024102727266 0.12094753231650329