6 0.5789353383781088 0.06393726686432635 0.05600170509701618 0.12291781270589415
6 0.8395055015682094 0.7246585137893141 0.07773421665633534 0.13987060229315063
2 0.7851338698767663 0.3608044729252695 0.08289153815939716 0.1999947264749339
5 0.592064787278317 0.2862091250882068 0.07312231669805004 0.173496478111367
4 0.65662679817585 0.13800197967957623 0.046260453971298215 0.10122725665001961
4 0.6693724563163008 0.2196558304873641 0.048706255628588865 0.10845278027937286
4 0.6948078319259431 0.3925789167183244 0.05594576442575717 0.11330242809050958
4 0.6184713306959383 0.49878868027372125 0.05351394793628117 0.1084807506150025
4 0.5114660152853969 0.29869685897923326 0.05591779409012732 0.10849473578281721
4 0.5092377850843851 0.06193899057710929 0.048664300125144506 0.1012412418178344
3 0.5833584385708941 0.13001506575946598 0.0512639386283978 0.13490907313949532
3 0.4327955937406198 0.3929013769332141 0.07292652434864276 0.13984263195752078
11 0.35523699303711914 0.2960001256564258 0.07551217768408126 0.17110661712533565
12 0.19916260898995344 0.060137307994448816 0.06075345673344927 0.11333039842613914
12 0.25525201225716815 0.748489601876002 0.07291253918082798 0.13743878580367463
8 0.1625237308627977 0.36683047754314796 0.08287755299158252 0.19759088032108763
7 0.15218111752104366 0.4918864182144072 0.07773421665633513 0.13987060229315035
9 0.3606250698091254 0.19621253993618082 0.06329715456544349 0.13738284513241547
9 0.163508082483442 0.6108068769907178 0.0825838644674718 0.14711011109031852
10 0.42974223863853506 0.29797043160801323 0.053499962768466386 0.10607690446115627
10 0.27609267849693775 0.058487859547452246 0.04867828529295929 0.10364508797168054
10 0.27877542665193045 0.21712072794957618 0.05112408695024987 0.11087061160103386
10 0.26082888879467425 0.6162500930788339 0.06080939740470848 0.12294578304152391
10 0.44403784634098 0.7329686892794635 0.06318527322292493 0.11815207590164625