6 0.5829326923076923 0.0740907282842621 0.052884615384615384 0.12561536821230737
6 0.8389423076923077 0.7513485160113235 0.07692307692307693 0.1403181579591602
2 0.7884615384615384 0.38177073446600907 0.07932692307692307 0.20284612924153797
5 0.59375 0.3001781375164998 0.07211538461538461 0.17391606154825132
4 0.6610576923076923 0.15192287188461126 0.04567307692307692 0.101492992826713
4 0.6730769230769231 0.23619734368111464 0.04807692307692308 0.10873250257062904
4 0.6959134615384616 0.4119438400944712 0.052884615384615384 0.11599998359692275
4 0.6177884615384616 0.5168040041864297 0.05048076923076923 0.11116432000685296
4 0.5120192307692307 0.31004442160796886 0.052884615384615384 0.10878844513538428
4 0.5132211538461539 0.07087571494146533 0.04807692307692308 0.1015209641090906
3 0.5865384615384616 0.14144037751552083 0.04807692307692308 0.13517481026293673
3 0.43149038461538464 0.40285738364831897 0.07211538461538461 0.14026221539440525
11 0.3545673076923077 0.30220268722762017 0.07211538461538461 0.17391606154825132
12 0.19951923076923078 0.05881200105272603 0.06009615384615385 0.11368005129020942
12 0.24759615384615385 0.7540829651618167 0.07211538461538461 0.14026221539440525
8 0.15865384615384615 0.36723072002153745 0.07932692307692307 0.19803843693384565
7 0.1466346153846154 0.4932927866865725 0.07692307692307693 0.14031815795916033
9 0.3605769230769231 0.20010915389510264 0.0625 0.13774648411104853
9 0.15625 0.6135969795083906 0.07932692307692307 0.14515382154923026
10 0.43028846153846156 0.305487628776361 0.05048076923076923 0.10635662769916052
10 0.2764423076923077 0.05850515901188639 0.04567307692307692 0.10389683898055915
10 0.27884615384615385 0.2195908226019563 0.04807692307692308 0.1111363487244752
10 0.25600961538461536 0.6219693261885998 0.06009615384615385 0.12329543590559393
10 0.43990384615384615 0.7467052831366405 0.0625 0.12091956103412553