6 0.5973557692307693 0.06597531420197693 0.052884615384615384 0.12530767369192553
6 0.8569711538461539 0.7489760969413596 0.07692307692307693 0.14227444844699677
2 0.8052884615384616 0.3760792619871876 0.08173076923076923 0.20239857262877992
5 0.6081730769230769 0.2944036320725281 0.07211538461538461 0.17590032426521315
4 0.6766826923076923 0.1445618247398652 0.04567307692307692 0.10363110280386575
4 0.6887019230769231 0.22996828904047767 0.04807692307692308 0.110856626433219
4 0.7115384615384616 0.40558191736548743 0.052884615384615384 0.11569228907654096
4 0.6334134615384616 0.5120985532576604 0.052884615384615384 0.11088459676884864
4 0.5264423076923077 0.30474544405913273 0.055288461538461536 0.11089858193666344
4 0.5276442307692307 0.06316589818150167 0.04807692307692308 0.10124124181783441
3 0.6009615384615384 0.13330398426139142 0.05048076923076923 0.13490907313949532
3 0.44471153846153844 0.3992218714303527 0.07211538461538461 0.14224647811136693
11 0.36658653846153844 0.2966038919379103 0.07211538461538461 0.17349647811136693
12 0.21033653846153846 0.05531024064533316 0.06009615384615385 0.10852270611844683
12 0.25841346153846156 0.7551091747708599 0.07211538461538461 0.13984263195752078
8 0.16947115384615385 0.3639667235617124 0.08173076923076923 0.20239857262877992
7 0.15625 0.4912936512925772 0.07692307692307693 0.13987060229315035
9 0.37259615384615385 0.19567731639590885 0.0625 0.13978669128626164
9 0.1658653846153846 0.612743822733067 0.07932692307692307 0.14709612592250373
10 0.44350961538461536 0.300657186538753 0.05048076923076923 0.10846676544718771
10 0.28846153846153844 0.05336091244546789 0.04807692307692308 0.10364508797168054
10 0.28966346153846156 0.21442559733706762 0.04807692307692308 0.110856626433219
10 0.2668269230769231 0.6217446613197501 0.06009615384615385 0.12534962919537007
10 0.453125 0.7454246656715507 0.0625 0.1205559220554924