6 0.4078225300240152 0.06607240902153108 0.058419536418677115 0.1253356440275551
6 0.16423312675680052 0.7533338598135302 0.08016603314581086 0.1446922797686576
2 0.20651560183993875 0.3773906623411808 0.08533733981668795 0.20722025010428716
5 0.40193958250488243 0.2943958381334713 0.07555413318752577 0.17831815558687408
4 0.3301520479779961 0.1437428910675502 0.048692270460774074 0.1060489341255267
4 0.3198451989109285 0.2314203424277682 0.04872024079640379 0.110856626433219
4 0.3016423395145468 0.4079911533929422 0.05595974959357175 0.11570627424435574
4 0.3827935256361514 0.5154308103608917 0.05352793310409609 0.11088459676884864
4 0.48492821548383386 0.30449371103846634 0.0583356254117884 0.11091256710447822
4 0.4787080212268471 0.06167727916437527 0.04867828529295929 0.10364508797168054
3 0.4058102685689834 0.13336611616140862 0.053681769950058876 0.1373269044611563
3 0.5684063293363033 0.39872619932807685 0.07535834083811863 0.14466430943302802
11 0.6447350366272514 0.2970102631596888 0.07794399417355727 0.17592829460084272
12 0.7971826736919255 0.057520698515220424 0.06551919353769729 0.10614683030023028
12 0.7639857495575085 0.7556212361063988 0.07534435567030383 0.14226046327918185
8 0.8446318669274816 0.36307487824216306 0.08532335464887317 0.204816403950441
7 0.860998080821666 0.4905696279868054 0.08016603314581079 0.1446922797686576
9 0.6369221359496766 0.19360292304085983 0.0657149858871043 0.13980067645407643
9 0.8544997859186819 0.6131238263295149 0.08500169578913294 0.14952794241197948
10 0.5678329374558966 0.30016850702038456 0.05351394793628117 0.10848075061500242
10 0.7178417654471876 0.054655341823485984 0.05106814627899052 0.10125522698564919
10 0.7199667095998874 0.21331618056123955 0.05113807211806486 0.11327445775487995
10 0.7535871955444953 0.620949910819755 0.06322722872636942 0.12536361436318472
10 0.5692322555925257 0.7472768990518617 0.0656170897124008 0.1229737533771532