2 0.2217745834113058 0.30649038461538464 0.0876992304670896 0.19951923076923078
6 0.7363592911194023 0.07211538461538461 0.06080939740470862 0.12259615384615384
8 0.8347273823064453 0.3112980769230769 0.08536531015231766 0.21153846153846154
12 0.5605141061702988 0.34134615384615385 0.053625829278799594 0.12740384615384615
7 0.5551679849017369 0.4338942307692308 0.06572897105491922 0.14182692307692307
10 0.6385474012243534 0.5637019230769231 0.0607534567334492 0.11298076923076923
10 0.7309851995152107 0.16947115384615385 0.05352793310409609 0.11057692307692307
10 0.7396006446318373 0.34134615384615385 0.0559457644257569 0.11298076923076923
4 0.6500569747234934 0.44471153846153844 0.05591779409012732 0.10817307692307693
4 0.4078698754010681 0.34134615384615385 0.04872024079640379 0.11057692307692307
4 0.4492581010992088 0.6646634615384616 0.055973734761386604 0.11778846153846154