2 0.7938410199393385 0.30564535168685814 0.09011706178875055 0.20295801437104843
6 0.28329722437456883 0.059829584598252536 0.06321324355855464 0.11965916919650507
8 0.17255167792871878 0.29484708202762344 0.08778314147397846 0.21494927385790158
12 0.4475543146912519 0.33250975481077205 0.053625829278799594 0.12801921436615352
7 0.449412739300321 0.4262317835283944 0.06574295622273386 0.1449859938549647
10 0.3585133094690912 0.557088398925247 0.0607534567334492 0.11368005129020944
10 0.2839257555710853 0.15654117226902275 0.053541918271910745 0.11359613744307659
10 0.26609190041149683 0.32981389432258906 0.05595974959357175 0.11602795487930037
4 0.353209945059123 0.4357640963619603 0.0583356254117884 0.11124823385398568
4 0.6037693517717149 0.33670123684084297 0.04872024079640379 0.1111363487244752
4 0.5477738379034567 0.6654555906943391 0.05598771992920139 0.12083564718699281