2 0.2133261589533072 0.3099965702272041 0.08528139914542866 0.1980943794986009
6 0.7291827155774008 0.059625108670386805 0.05840555125086247 0.11925021734077361
8 0.8323584990721363 0.2955824265534318 0.0829614639984715 0.2124894851393002
12 0.5569083369395297 0.3348428306933601 0.053625829278799594 0.12801921436615352
7 0.5527641387478908 0.4274328645400035 0.06333911006888772 0.14495802257258708
10 0.6397423317173689 0.5574215281178362 0.0583356254117884 0.11124823385398568
10 0.7249965618823175 0.15741805733734718 0.05352793310409609 0.11119229128923044
10 0.7372177762297134 0.32913921528427037 0.05355590343972567 0.11599998359692275
4 0.6476531285696473 0.4371453065783957 0.055931779257942245 0.11122026257160805
4 0.4018532674325454 0.3378489014836389 0.04631639464255763 0.11110837744209771
4 0.4492231381796718 0.665400490194898 0.05356988860754031 0.1184038297507689