2 0.22418542214905932 0.30660306731305237 0.08528139914542866 0.19760486548890255
6 0.7364222243745687 0.06558453085831205 0.05840555125086247 0.12293179787370898
8 0.8396050004532116 0.3041736548890249 0.08296146399847124 0.21201395724416466
12 0.5653637539814356 0.3374351149889074 0.05120799795713866 0.12529368852411066
7 0.5612195557897967 0.4299622141602621 0.06333911006888784 0.14459438359395393
10 0.6469958256823518 0.5614752955862101 0.058335625411788126 0.11091256710447822
10 0.732243063263393 0.16412124541428216 0.05112408695024966 0.11087061160103379
10 0.7444642776107889 0.33607316383726354 0.053541918271911015 0.1132884429226948
4 0.6561085456115532 0.44133193598125425 0.05351394793628117 0.1084807506150025
4 0.4115036149674669 0.3389439104026065 0.04631639464255763 0.11084264126540429
4 0.4576855478054851 0.6649447676050563 0.05356988860754045 0.1180961352303871