2 0.7818661487390005 0.31703818695590147 0.08528139914542866 0.19760486548890255
6 0.27204018525124446 0.07129186242461047 0.05839156608304755 0.12052795171986282
8 0.17005233966561734 0.30746934636242035 0.08296146399847129 0.2120139572441646
12 0.4430916630604704 0.34391243214016903 0.05120799795713866 0.12529368852411066
7 0.4472358612521092 0.4364814868149681 0.06332512490107306 0.1421905374401078
10 0.3614456061917393 0.5645837900044046 0.0583356254117884 0.11091256710447822
10 0.27621934636242035 0.16987053248402498 0.05112408695024987 0.11087061160103379
10 0.2639911394311171 0.34046669098412047 0.05354191827191081 0.1132884429226948
4 0.35233987884644535 0.44554445730166825 0.05351394793628117 0.1084807506150025
4 0.595749878997516 0.3472043364502548 0.04631639464255763 0.11084264126540415
4 0.5495609535755903 0.6714438638631895 0.05355590343972567 0.11569228907654096