2 0.7746452136281063 0.31341143997341003 0.08528139914542866 0.19760486548890255
6 0.2664493235459236 0.06645619978128857 0.05839156608304755 0.12052795171986282
8 0.1616994073168741 0.30383560679602156 0.08296146399847129 0.2120139572441646
12 0.43433316084509804 0.34027869257377014 0.05120799795713866 0.12529368852411066
7 0.43740749369890497 0.4316458241716462 0.06332512490107306 0.1421905374401078
10 0.35011383309844446 0.5609500504380058 0.0583356254117884 0.11091256710447822
10 0.26948170089628615 0.16503486984070306 0.05112408695024987 0.11087061160103379
10 0.25526760013528177 0.3356310283407986 0.05354191827191081 0.1132884429226948
4 0.3423926373668153 0.4419107177352694 0.05351394793628117 0.1084807506150025
4 0.5869703990304214 0.34236867380693287 0.04631639464255763 0.11084264126540415
4 0.5370054782985008 0.6666082012198676 0.05355590343972567 0.11569228907654096