2 0.7770165009278638 0.30528846153846156 0.08528139914542866 0.1971153846153846
6 0.26477969870235424 0.06129807692307692 0.05840555125086233 0.12259615384615384
8 0.1615969226237114 0.29927884615384615 0.08296146399847129 0.21153846153846154
12 0.43583816909548745 0.33413461538461536 0.05120799795713866 0.125
7 0.43998236728712636 0.4266826923076923 0.06333911006888784 0.14423076923076922
10 0.3542060973945713 0.5576923076923077 0.0583356254117884 0.11057692307692307
10 0.2689588598135301 0.15985576923076922 0.05112408695024987 0.11057692307692307
10 0.2567376454661342 0.3317307692307692 0.05354191827191081 0.11298076923076923
4 0.3450933774653699 0.4375 0.05351394793628117 0.10817307692307693
4 0.5896983081094562 0.33653846153846156 0.04631639464255763 0.11057692307692307
4 0.543516375271438 0.6622596153846154 0.05356988860754045 0.11778846153846154