2 0.7908653846153846 0.300893601943921 0.08653846153846154 0.20052619693482468
6 0.2800480769230769 0.058655632803707065 0.06490384615384616 0.11731126560741413
8 0.171875 0.2900673610023088 0.08413461538461539 0.21492130257552397
12 0.44711538461538464 0.32652811070853427 0.052884615384615384 0.12801921436615352
7 0.4495192307692308 0.4202501394261567 0.06490384615384616 0.14498599385496455
10 0.359375 0.5511067548230092 0.06009615384615385 0.11368005129020944
10 0.2824519230769231 0.15176145124370805 0.052884615384615384 0.11359613744307659
10 0.265625 0.32383225022035134 0.055288461538461536 0.11602795487930037
4 0.35336538461538464 0.42978245225972245 0.057692307692307696 0.11124823385398568
4 0.6009615384615384 0.3295456409440597 0.04807692307692308 0.1111363487244752
4 0.546875 0.6582999947975559 0.055288461538461536 0.11843180103314666