2 0.7903191617154582 0.2958726564357938 0.08769923046708947 0.20002269681056348
6 0.2749047405878295 0.05697556784179937 0.05836359574741797 0.11395113568359874
8 0.16776496337274868 0.2922832764382876 0.08296146399847129 0.21201395724416466
12 0.4451994166247575 0.3267256818633709 0.053625829278799594 0.12771151984577173
7 0.4482597643107497 0.4204547041116487 0.06333911006888772 0.14459438359395393
10 0.35975718804945866 0.5519747781215042 0.05834961057960319 0.11331641325832437
10 0.27795809568991425 0.1510219513027144 0.05352793310409602 0.11088459676884857
10 0.26373000976109506 0.3241757928026188 0.0535559034397256 0.11569228907654096
4 0.35204997748564426 0.43062949543962514 0.055931779257942245 0.1108985819366633
4 0.600240500963927 0.32702556161623964 0.04872024079640379 0.11085662643321893
4 0.5490456868194538 0.656639180633366 0.053583873775355235 0.12049998138423326