2 0.21573699769106075 0.31256373461031595 0.0876992304670896 0.20002269681056334
6 0.7256119092661686 0.06431967452622239 0.06319925839073985 0.12055592205549238
8 0.8312195092503797 0.29931701449398085 0.0853792953201323 0.21443178856582554
12 0.5581522155198971 0.33739315948546295 0.053625829278799594 0.12771151984577173
7 0.5552099404051813 0.42992725124072506 0.065742956222734 0.14460836876176872
10 0.6434040416193975 0.5590504716806418 0.06075345673344948 0.11333039842613915
10 0.7214397407389002 0.16165446600526945 0.05352793310409582 0.11088459676884864
10 0.7372667243170651 0.333627362179973 0.05594576442575717 0.11330242809050944
4 0.6501129153947526 0.4388931269078711 0.05591779409012732 0.10849473578281714
4 0.40427809133811365 0.34130580105300834 0.04872024079640379 0.11085662643321907
4 0.45526771648382414 0.6673346285910877 0.055973734761386604 0.11811012039820176