5 0.4016076091906312 0.2933165761462837 0.07893700925426472 0.17352444844699658
2 0.2072868266170652 0.3641539206169133 0.09369574156587288 0.20245451330003922
6 0.14545476913287164 0.7202587954136992 0.08114505643146758 0.15671151053788834
6 0.41879984306909124 0.05595155497694024 0.05660311181020898 0.11190310995388048
3 0.4119371035719589 0.1286041665204704 0.06644226668461456 0.13258913799253796
3 0.5531190030235689 0.3897842872208134 0.07136184412181734 0.14223249294355214
4 0.3348881558781827 0.13986899958285154 0.04927968821916018 0.10364508797168054
4 0.32190391586692446 0.22287161772961786 0.04933563078391542 0.10845278027937286
4 0.29344767584342907 0.39610237765250367 0.05428317950349569 0.12049998138423326
4 0.36556221839349956 0.49904121464953705 0.05900695796405513 0.11331641325832437
4 0.4808785897027991 0.2976627579160877 0.054115351809230106 0.10607690446115633
4 0.4836337610169934 0.06088391176224158 0.05173947693776157 0.10846676544718765
11 0.6371705466263654 0.2931479527773567 0.07893700925426445 0.17352444844699658
7 0.7383130563580443 0.3802939677606125 0.07147372925132782 0.15184787755893675
12 0.6371993599740572 0.18738571459203335 0.06412233437790113 0.13978669128626164
12 0.8246540347892346 0.6033342088591573 0.0811450564314674 0.1567115105378882
8 0.8297990666160863 0.36774330061441945 0.08656811695146735 0.2096240962581333
12 0.8009973958894409 0.054256254056970876 0.06856640001468478 0.10851250811394175
12 0.7340893927190256 0.7432747369913818 0.08100520001957943 0.1446922797686576
10 0.7228723958894409 0.05468469525697702 0.0516835343730062 0.10365907313949532
10 0.725970471710843 0.6147249084318717 0.0614667466826568 0.11813809073383133
10 0.7125708727904908 0.2169932587289442 0.059034929246432895 0.11572025941217053
10 0.5625953732923795 0.29838918528730773 0.05414332309160773 0.1084807506150025
10 0.5394757537458088 0.7359940740459187 0.06152268924741177 0.12294578304152391