5 0.4073145928609772 0.3004264312698089 0.07412931694657242 0.173496478111367
2 0.21704796210153615 0.37142999504391716 0.0888880492581805 0.20242654296440962
6 0.16949103394454093 0.7256966216282067 0.07871323899524377 0.15429367921622728
6 0.4165786523160136 0.06371751095503672 0.054171294373985344 0.11088459676884861
3 0.41142216104391527 0.13699985572780743 0.06401044924839078 0.130171306670877
3 0.5622516267198576 0.39507148200995584 0.06895799796797118 0.14221850777573736
4 0.33584086360964943 0.14857855371087209 0.0468478707829364 0.10122725665001961
4 0.3259885651593692 0.23144831276339783 0.0493076595015378 0.1060489341255267
4 0.3051519733878296 0.40319045366915723 0.051851362067271985 0.11808215006257232
4 0.38084599801691993 0.5045855323329544 0.058978986681677656 0.11091256710447822
4 0.4878853959383897 0.3045007036223738 0.054115351809230106 0.10607690446115627
4 0.4803365179576919 0.06889581020982113 0.0493076595015378 0.1060489341255267
11 0.6416476359374107 0.2981842159009823 0.07407337438181717 0.1686887858036747
7 0.7460060010772005 0.38412211657855705 0.06906988309748166 0.15183389239112197
12 0.6380270390001387 0.19360292304085983 0.06169051694167749 0.1373688599646007
12 0.8423293590559404 0.6058213842771802 0.07871323899524404 0.15429367921622728
8 0.8360103754345432 0.3726273296023811 0.08413629951524343 0.20720626493647223
12 0.7963164164177619 0.059917552085159184 0.06859437129706226 0.11096850777573739
12 0.7574272175365688 0.7459429182358476 0.07860135386573355 0.14467829460084267
10 0.7182193877001395 0.06186688028502445 0.049251716936782555 0.10124124181783441
10 0.7439255088013249 0.6184691462429275 0.059034929246432895 0.11572025941217053
10 0.7140838482348237 0.22288960967317978 0.05900695796405513 0.11331641325832437
10 0.5684142420922359 0.3049692067441695 0.054115351809230106 0.10607690446115627
10 0.5626597365102751 0.7400024273351568 0.05911884309356562 0.12293179787370899