5 0.4050480769230769 0.28966346153846156 0.07451923076923077 0.17548076923076922
2 0.21033653846153846 0.3641826923076923 0.0889423076923077 0.20432692307692307
6 0.15745192307692307 0.7259615384615384 0.07692307692307693 0.15625
6 0.4170673076923077 0.052884615384615384 0.052884615384615384 0.10576923076923077
3 0.4110576923076923 0.12259615384615384 0.06490384615384616 0.1346153846153846
3 0.5625 0.3870192307692308 0.0673076923076923 0.14423076923076922
4 0.3329326923076923 0.1346153846153846 0.04807692307692308 0.10336538461538461
4 0.32211538461538464 0.21995192307692307 0.04807692307692308 0.10817307692307693
4 0.29927884615384615 0.39663461538461536 0.05048076923076923 0.1201923076923077
4 0.375 0.4987980769230769 0.057692307692307696 0.11298076923076923
4 0.48677884615384615 0.2932692307692308 0.052884615384615384 0.10576923076923077
4 0.4807692307692308 0.055288461538461536 0.052884615384615384 0.11057692307692307
11 0.6442307692307693 0.28725961538461536 0.07692307692307693 0.17307692307692307
7 0.75 0.3737980769230769 0.0673076923076923 0.15384615384615385
12 0.6418269230769231 0.18028846153846154 0.0625 0.13942307692307693
12 0.8461538461538461 0.5997596153846154 0.07692307692307693 0.15865384615384615
8 0.8425480769230769 0.3605769230769231 0.08173076923076923 0.2091346153846154
12 0.8052884615384616 0.04927884615384615 0.0673076923076923 0.0985576923076923
12 0.7572115384615384 0.7427884615384616 0.07692307692307693 0.14423076923076922
10 0.7259615384615384 0.04927884615384615 0.052884615384615384 0.0985576923076923
10 0.7451923076923077 0.6129807692307693 0.057692307692307696 0.1201923076923077
10 0.7199519230769231 0.2091346153846154 0.057692307692307696 0.11538461538461539
10 0.5685096153846154 0.2932692307692308 0.052884615384615384 0.11057692307692307
10 0.5576923076923077 0.7379807692307693 0.057692307692307696 0.125