5 0.39903846153846156 0.30392207902852897 0.07451923076923077 0.17634787898447504
2 0.20432692307692307 0.37497371284825043 0.0889423076923077 0.2053618605248946
6 0.15144230769230768 0.7373391138667125 0.07692307692307693 0.1571450810360833
6 0.4110576923076923 0.06247539697887854 0.052884615384615384 0.11359613744307659
3 0.4050480769230769 0.1369246995421653 0.06490384615384616 0.13537060923958
3 0.5564903846153846 0.4019080441781085 0.0673076923076923 0.1450139651373423
4 0.3269230769230769 0.14803486363412383 0.04807692307692308 0.10392481026293673
4 0.3161057692307692 0.23324553132496303 0.04807692307692308 0.10873250257062904
4 0.2932692307692308 0.408460573373145 0.05048076923076923 0.12077970462223743
4 0.36899038461538464 0.5127070533834243 0.057692307692307696 0.11365208000783183
4 0.4807692307692308 0.3084788718601369 0.052884615384615384 0.10638459898153813
4 0.47596153846153844 0.06803831391076626 0.05048076923076923 0.11116432000685282
11 0.6382211538461539 0.30430137547125474 0.07692307692307693 0.1739720041130065
7 0.7439903846153846 0.3920705734343311 0.0673076923076923 0.15462934975272694
12 0.6358173076923077 0.19730225034272328 0.0625 0.14015033026489476
12 0.8389423076923077 0.619136977549785 0.07692307692307693 0.15954892718992944
8 0.8365384615384616 0.37992631395971505 0.08173076923076923 0.21008563898545404
12 0.7992788461538461 0.06338698985209291 0.0673076923076923 0.10655242667580377
12 0.7512019230769231 0.7599429488199255 0.07692307692307693 0.1451258502668525
10 0.7199519230769231 0.06246393753363187 0.05048076923076923 0.10395278154531437
10 0.7391826923076923 0.6311973231772682 0.057692307692307696 0.1208636184693703
10 0.7127403846153846 0.22704348522496057 0.057692307692307696 0.11605592616167798
10 0.5625 0.30942989546097555 0.052884615384615384 0.11119229128923044
10 0.5516826923076923 0.7540155631518147 0.057692307692307696 0.1256713107770626