5 0.5954631830573126 0.3013800605934228 0.07793000900574235 0.1739720041130065
2 0.789378368308557 0.37334328728635874 0.0925209079425967 0.20298598565342593
6 0.8491404808374546 0.7297838288326521 0.08023595898488486 0.15717305231846104
6 0.5796555745205707 0.06323146366838799 0.0559457644257569 0.1136241087254542
3 0.5860917375235375 0.1366186995666397 0.06567303038366007 0.13296676308573385
3 0.44338535158458103 0.39695965339321404 0.07053666336261152 0.14263809026587365
4 0.663077747701781 0.14833108829503083 0.04867828529295929 0.10392481026293678
4 0.6755794667606222 0.23140363701461114 0.048706255628588865 0.10873250257062904
4 0.7030287065355953 0.4047882441976879 0.053583873775354965 0.12080767590461505
4 0.6303127610593239 0.5073005047005555 0.05834961057960305 0.11365208000783183
4 0.514962307239096 0.3052507149414653 0.053499962768466386 0.10638459898153813
4 0.5147866912862616 0.06848585442880797 0.05111010178243502 0.10876047385300668
11 0.35989325256429683 0.2998407979973404 0.07793000900574235 0.1739720041130065
7 0.2582402496510754 0.3863924031116767 0.07059260403387067 0.15225347488125826
12 0.3604798282573689 0.19408555286929846 0.06331113973325814 0.1401503302648947
12 0.17059856256554382 0.6089151579713975 0.08023595898488486 0.15717305231846104
8 0.1668241699658476 0.37331026361209685 0.08535132498450267 0.21011361026783165
12 0.19745802122684714 0.06118787592419457 0.07034087101320424 0.10898424411202753
12 0.2603520099911097 0.7493731723424459 0.08016603314581086 0.14515382154923026
10 0.27557602864293973 0.06089501952454374 0.05108213144680544 0.10395278154531437
10 0.2692191881284027 0.6208792882411872 0.060781427069078915 0.11848774359790162
10 0.28493348900890003 0.22325253439748077 0.05836359574741797 0.11605592616167798
10 0.43444045366915723 0.3055156000587385 0.05351394793628117 0.10878844513538428
10 0.4550146003652964 0.7432253846765706 0.06080939740470848 0.12329543590559393