5 0.40917909130205043 0.29924548594460804 0.07793000900574235 0.1735244484469965
2 0.2172769688609872 0.3678382109809627 0.0925209079425967 0.20245451330003922
6 0.16045254292834635 0.723264805138731 0.08023595898488486 0.15671151053788834
6 0.4234195596883855 0.061355620304634956 0.0559457644257569 0.11330242809050955
3 0.4166345688451984 0.13463097249349826 0.06567303038366007 0.13258913799253796
3 0.5635916444447034 0.3974963059155242 0.07053666336261152 0.14223249294355228
4 0.33977442517728806 0.14500075481573246 0.04867828529295929 0.10364508797168054
4 0.3282376826976678 0.22786352128435078 0.048706255628588865 0.10845278027937286
4 0.3040042301649485 0.4007936000992185 0.053583873775355235 0.12049998138423326
4 0.3779229000732925 0.5045855323329544 0.05834961057960305 0.11331641325832437
4 0.4897359077915262 0.304521681374096 0.053499962768466386 0.10607690446115633
4 0.48835836876176875 0.06774283522024985 0.05111010178243502 0.10846676544718765
11 0.6447630069628809 0.3018179554673811 0.07793000900574235 0.17352444844699658
7 0.7486388502035056 0.390159702298802 0.07059260403387067 0.15184787755893675
12 0.6429457365021067 0.19604173211424297 0.06331113973325814 0.13978669128626164
12 0.8388817785025894 0.6142348458156418 0.08023595898488486 0.15671151053788834
8 0.8387201477175699 0.3798668383995492 0.08535132498450274 0.2096240962581333
12 0.8056380907338314 0.06478118506411067 0.07035485618101917 0.11098249294355217
12 0.7507506105435399 0.7531404715295712 0.08016603314581079 0.1446922797686576
10 0.7275130907338314 0.06432666711012978 0.05108213144680544 0.10365907313949532
10 0.7391850963731407 0.6244717690436355 0.060781427069078776 0.11813809073383161
10 0.7188417049459457 0.22653034182348597 0.05836359574741797 0.11572025941217053
10 0.5702717465292798 0.3061921075728148 0.05351394793628117 0.1084807506150025
10 0.554795193501634 0.7447891418911268 0.06080939740470848 0.12294578304152391