5 0.40211898562102644 0.2992245081928858 0.07312231669805004 0.173496478111367
2 0.20938474569498286 0.37142300246000975 0.08771321563490446 0.20242654296440962
6 0.15562525596679327 0.7280934751981456 0.07781812766322392 0.15429367921622755
6 0.41552274800392214 0.06131366480119056 0.05352793310409609 0.11088459676884861
3 0.40908658500095546 0.13459600957396128 0.063255199061999 0.130171306670877
3 0.556614648415419 0.39507847459386325 0.06813281720876538 0.14221850777573736
4 0.33209358223880453 0.14616771497311853 0.04626045397129835 0.10122725665001961
4 0.32078679367297896 0.23023939710256736 0.04869227046077421 0.1060489341255267
4 0.29694332312877514 0.4031834610852499 0.051180027621509014 0.12048599621641848
4 0.3708681842658771 0.50578046282597 0.0583356254117884 0.11091256710447822
4 0.4826268540231504 0.30329878054545073 0.053499962768466386 0.10607690446115627
4 0.4791967007452156 0.06649196405597498 0.048706255628588865 0.10845278027937286
11 0.6377098938657644 0.2981912084848897 0.07551217768408126 0.17110661712533565
7 0.7417807281006468 0.3841361017463718 0.06818875788002451 0.15183389239112197
12 0.6347194720188463 0.19240099996393673 0.060907293579411985 0.13977270611844686
12 0.8342371000777781 0.6070372925219181 0.07781812766322378 0.15429367921622728
8 0.8320018772928589 0.3714393916932728 0.08293349366284165 0.20720626493647223
12 0.7965603337241671 0.058722621592143504 0.0679370248593581 0.10856466162189123
12 0.745678583145228 0.747151833896678 0.07776218699196463 0.14467829460084294
10 0.7184283411402598 0.059470026715085694 0.04866430012514437 0.1012412418178344
10 0.7344005662701812 0.6196780619037578 0.05836359574741797 0.11572025941217053
10 0.7114747269281454 0.22169467918016408 0.05836359574741797 0.11572025941217053
10 0.5631557001769966 0.30376728366724637 0.05351394793628117 0.10848075061500242
10 0.5497930919423959 0.7412043504120798 0.05840555125086233 0.12293179787370899