5 0.3947699995467883 0.303852150822585 0.07795797934137191 0.1787796964206988
2 0.20050598645532336 0.37850955387307567 0.09254887827822642 0.20779367796111836
6 0.15694466987228067 0.7409588687386702 0.0826537903065458 0.15960486975468496
6 0.40057602864293973 0.062349526208179316 0.0559457644257569 0.1136241087254542
3 0.3974037996144292 0.13682680005384368 0.06809086170532087 0.13539858052195763
3 0.5527673441684885 0.3994342698183182 0.07295449468427233 0.14506990770209754
4 0.31936271062131805 0.15034081029964835 0.04867828529295929 0.10392481026293673
4 0.3102368068794512 0.23436354055475334 0.048706255628588865 0.10873250257062904
4 0.29203394748306954 0.41082246260342475 0.053597858943170026 0.12321152205846121
4 0.3695513940382753 0.5138810051779698 0.0607534567334492 0.11368005129020932
4 0.47650776136146494 0.30600509750034666 0.05591779409012732 0.10881641641776191
4 0.4667027756254311 0.06672450570433276 0.05352793310409609 0.11119229128923044
11 0.6339107363510362 0.2994237549576184 0.08034784032740315 0.17640382154923026
7 0.7413783636546152 0.38600501548496047 0.07060658920168532 0.1546573210351044
12 0.6272787809986624 0.19238267290552058 0.06572897105491922 0.14258214770111846
12 0.8424385996460069 0.6107235160113235 0.08265379030654593 0.15960486975468482
8 0.8326406064938804 0.3726448472922325 0.0877691563061638 0.2125454277040553
12 0.7899641426464796 0.060871258568736326 0.07031290067757467 0.10417655180433523
12 0.7579411712533562 0.7539613047176876 0.0825838644674716 0.14758563898545418
10 0.708226380831803 0.0587183118909746 0.05587583858668283 0.10160487795622344
10 0.7415749573591719 0.6263756452283871 0.06079541223689343 0.12089158975174777
10 0.7067665335054556 0.22094995599321238 0.060767441901264124 0.1160838974440556
10 0.5582315380083268 0.30575419802426224 0.055931779257942245 0.11122026257160805
10 0.558414947900218 0.750437765203423 0.060823382572523274 0.1256992820594401