5 0.6028191617154581 0.3075155467487375 0.07554014801971097 0.17634787898447504
2 0.798299083051661 0.3843144370317433 0.09254887827822628 0.20779367796111822
6 0.8490649455123348 0.7491124975517428 0.07784609799885363 0.15954892718992944
6 0.5922054403116144 0.065789151875311 0.05355590343972553 0.11599998359692275
3 0.5965795924170479 0.14036432520929695 0.06568701555147473 0.13537060923958
3 0.4435989162651127 0.4030252113425847 0.06814680237658002 0.1450139651373423
4 0.6758365896548971 0.15330660829698878 0.04869227046077421 0.10632865641678292
4 0.6861574238897794 0.23876901752922647 0.048706255628588865 0.10873250257062904
4 0.7079660525169305 0.4157174370195061 0.053583873775355235 0.12080767590461505
4 0.6316435364547404 0.518201726239996 0.05836359574741797 0.11605592616167798
4 0.5210674147329667 0.3101702923786681 0.05351394793628117 0.10878844513538428
4 0.5260786933291229 0.068625710840696 0.05112408695024994 0.11116432000685283
11 0.3624485314986576 0.3023145723571306 0.07793000900574235 0.1739720041130065
7 0.25496691902726365 0.3888102349067116 0.0682027430478393 0.15462934975272694
12 0.3654747176202621 0.19537138979335436 0.06331113973325814 0.1401503302648947
12 0.15869339759184228 0.6148688307912578 0.07784609799885349 0.15954892718992958
8 0.16249576052716808 0.37451218668902 0.08296146399847129 0.2124894851393002
12 0.201608410647244 0.05643612618125748 0.06793702485935817 0.10895627282964994
12 0.24560166472224648 0.7589186287518864 0.07777617215977956 0.14752969642069866
10 0.28213725680109014 0.057373164140907325 0.051096116614620296 0.10635662769916052
10 0.25957801763039934 0.6292647784972711 0.05839156608304755 0.1208636184693703
10 0.28718189560648455 0.22330847696223594 0.05836359574741797 0.11605592616167798
10 0.43812772984136694 0.3104072062135637 0.05352793310409609 0.11119229128923044
10 0.44635078890402996 0.7564465385227245 0.058419536418677115 0.12567131077706234