5 0.38974222047447726 0.2824519230769231 0.07421323079370513 0.18028846153846154
2 0.17714000814035263 0.47716346153846156 0.08897196310531336 0.2091346153846154
6 0.141737114772592 0.7307692307692307 0.0834649887381809 0.14903846153846154
4 0.28862599789454796 0.39903846153846156 0.05422723693874058 0.11538461538461539
4 0.31235845945748386 0.21875 0.05405940924447487 0.10096153846153846
4 0.326558608186854 0.1346153846153846 0.049251716936782555 0.10096153846153846
4 0.47171242973608424 0.055288461538461536 0.0468478707829364 0.10096153846153846
4 0.4737369794472046 0.29447115384615385 0.05422723693874058 0.11538461538461539
4 0.3619704348039192 0.5 0.061494717965034286 0.1201923076923077
3 0.5483672532806317 0.38822115384615385 0.06652618053174741 0.13942307692307693
12 0.7902779876854549 0.05048076923076923 0.06367479385985948 0.10096153846153846
12 0.7329294265656691 0.7439903846153846 0.06893002668559343 0.13942307692307693
8 0.7253436440532889 0.3629807692307692 0.07927266464279589 0.20192307692307693
9 0.48289252203398686 0.12740384615384615 0.0569667384811179 0.14423076923076922
9 0.8247379486363673 0.6009615384615384 0.07862932514811077 0.1466346153846154
7 0.5458917947902135 0.6009615384615384 0.06412233437790126 0.13942307692307693
11 0.6289109271409808 0.28365384615384615 0.06459784617832053 0.18028846153846154
10 0.5554677486779739 0.29447115384615385 0.054115351809230106 0.10576923076923077
10 0.7109510646085317 0.05048076923076923 0.05646325539832102 0.10096153846153846
10 0.7079170225358754 0.20793269230769232 0.05414332309160786 0.10817307692307693
10 0.7284302604294444 0.6141826923076923 0.06143877540027905 0.11538461538461539
10 0.5382878163100746 0.7379807692307693 0.06387059283650268 0.11778846153846154