5 0.6038626594279594 0.2955705922299142 0.07556811835534041 0.18072200174072017
2 0.8105312967587113 0.49267978561654086 0.08775517113834862 0.2096380814259481
6 0.8396439701484959 0.7452444612002572 0.08500169578913294 0.14952794241197948
4 0.7006947862208232 0.4127165374040445 0.053541918271910745 0.1132884429226948
4 0.681631037648682 0.23472703326081817 0.05587583858668283 0.10128319732127881
4 0.6703242490828565 0.1505294846210362 0.05106814627899052 0.10125522698564918
4 0.5280288228841377 0.06917551356611706 0.048650314957329716 0.09883739566398825
4 0.5209859077915262 0.30470348855568835 0.05355590343972567 0.11569228907654089
4 0.6267489473319989 0.5108406895094781 0.0607954122368937 0.12054193688767748
3 0.44459426724541157 0.39560211703176873 0.0657149858871043 0.13980067645407643
12 0.21305505089121754 0.055324225813147956 0.06553317870551201 0.10855067645407643
12 0.25311250119394163 0.7430340033303698 0.06811883204095051 0.1398146616218912
8 0.27016158424560266 0.3681458846728883 0.080501677173366 0.20238458746096513
9 0.5152202314885203 0.14001205668159722 0.05853141776119541 0.14456641325832437
9 0.1669438452474228 0.5995086837190985 0.08018001831362565 0.14709612592250373
7 0.442212200198437 0.605917677741585 0.0657149858871043 0.13980067645407643
11 0.36706283552239094 0.29058728396938754 0.06835657989380195 0.18068004623727582
10 0.44045706163768006 0.30423498543389266 0.053499962768466386 0.10607690446115627
10 0.29118005089121757 0.05577874376712884 0.058321640243973544 0.10850872095063205
10 0.290901148890071 0.21442559733706756 0.05351394793628124 0.1084807506150025
10 0.2607777562543116 0.6144771821869525 0.060767441901264124 0.11573424457998545
10 0.4478100544876653 0.7417629557695222 0.06558911937677109 0.1181660610694609