5 0.6016661867258869 0.29908809956908716 0.07556811835534055 0.18115557129216733
2 0.8060552417028272 0.4973931057508341 0.08775517113834862 0.2101415815502093
6 0.8322310298515041 0.7501186216520227 0.08500169578913294 0.15001745642167755
4 0.6971417522407154 0.41679348932572985 0.053541918271910745 0.11359613744307659
4 0.6801478085051641 0.2386990893232825 0.05587583858668283 0.10160487795622344
4 0.6698199816863742 0.15443860316796784 0.05106814627899052 0.1015489353914682
4 0.5284615617312469 0.07225945135384285 0.048650314957329716 0.09911711795524446
4 0.5186775537469354 0.30773847494244433 0.05355590343972567 0.11599998359692275
4 0.6220491295910779 0.5144840718797163 0.0607954122368937 0.12089158975174791
3 0.44122304044689614 0.39818954775251475 0.0657149858871043 0.14017830154727223
12 0.21482956449339785 0.05658996823433433 0.06553317870551201 0.10892830154727233
12 0.24568557572913527 0.7444955518288096 0.06811883204095051 0.14020627282964973
8 0.26709803113901276 0.3697193220878305 0.08050167717336593 0.20284612924153797
9 0.5148278454345566 0.14301907083922755 0.05853141776119541 0.1449020800078318
9 0.1611811547525772 0.6004737251505584 0.08018001831362571 0.14755766770307643
7 0.43639356903233223 0.6084841292904868 0.0657149858871043 0.14017830154727237
11 0.3649083183237629 0.2927271590241236 0.06835657989380195 0.18107165744503456
10 0.43694678451616614 0.3067874513416057 0.053499962768466386 0.10638459898153813
10 0.29295456449339785 0.05749903491160656 0.058321640243973544 0.1088443877001395
10 0.28962769726377513 0.2161249097830751 0.05351394793628124 0.10878844513538428
10 0.254840251161781 0.6171896051632851 0.060767441901264124 0.11608389744405546
10 0.4392091762815654 0.7443433939063608 0.06558911937677109 0.11854368616265686