5 0.5909257974565605 0.27884615384615385 0.07317825736930918 0.18269230769230768
2 0.8025193983111318 0.47596153846153844 0.08776915630616354 0.21153846153846154
6 0.8334888935996865 0.7307692307692307 0.08261183480310144 0.15144230769230768
4 0.6912020626951739 0.39663461538461536 0.05355590343972567 0.11538461538461539
4 0.66942839698756 0.21394230769230768 0.05587583858668283 0.10096153846153846
4 0.6579056396757544 0.12860576923076922 0.04866430012514437 0.10096153846153846
4 0.51172554224512 0.05048076923076923 0.048664300125144506 0.10096153846153846
4 0.5055193331559481 0.29086538461538464 0.05355590343972567 0.11538461538461539
4 0.6148935318007986 0.49759615384615385 0.0607954122368937 0.1201923076923077
3 0.42805083468809413 0.38461538461538464 0.06811883204095046 0.13942307692307693
12 0.19082606587447332 0.04807692307692308 0.06305940671259186 0.09615384615384616
12 0.23605620594593588 0.7439903846153846 0.06811883204095051 0.13942307692307693
8 0.25031306356553407 0.359375 0.07811181618733457 0.20432692307692307
9 0.49929374902535284 0.12139423076923077 0.05614155677516418 0.1466346153846154
9 0.1455491621686698 0.5997596153846154 0.07779015732759431 0.14903846153846154
7 0.42800108524559294 0.5997596153846154 0.06332512490107306 0.14182692307692307
11 0.34933925899502205 0.27884615384615385 0.06596671890777071 0.18269230769230768
10 0.4225866408482558 0.29086538461538464 0.05349996276846652 0.10576923076923077
10 0.27135491202831946 0.04807692307692308 0.05825171440489955 0.09615384615384616
10 0.27045286870426505 0.203125 0.05351394793628124 0.10817307692307693
10 0.24282801297645765 0.6129807692307693 0.060781427069078915 0.11778846153846154
10 0.43200463040393444 0.7379807692307693 0.06319925839073985 0.1201923076923077