5 0.411940471833215 0.2824519230769231 0.07424120207608276 0.18269230769230768
2 0.20266768416733966 0.47716346153846156 0.08899993438769098 0.21153846153846154
6 0.17318071702244298 0.7319711538461539 0.0834649887381809 0.14903846153846154
4 0.3135374636439136 0.39903846153846156 0.05422723693874058 0.11538461538461539
4 0.33306024720901967 0.21754807692307693 0.05405940924447487 0.10096153846153846
4 0.34530240617195723 0.13341346153846154 0.049251716936782555 0.10096153846153846
4 0.48981204616118845 0.054086538461538464 0.0468478707829364 0.10096153846153846
4 0.4974028810654527 0.2932692307692308 0.05422723693874058 0.11538461538461539
4 0.38923148827300386 0.5 0.061494717965034286 0.1201923076923077
3 0.5742149149243333 0.3870192307692308 0.06652618053174741 0.13942307692307693
12 0.8094816276991605 0.05048076923076923 0.06607864001370564 0.10096153846153846
12 0.7682864821524429 0.7451923076923077 0.06893002668559343 0.13942307692307693
8 0.7518198174851727 0.3629807692307692 0.07927266464279589 0.20192307692307693
9 0.5026704154017475 0.12620192307692307 0.05699470976349566 0.1466346153846154
9 0.8579543590559404 0.6009615384615384 0.07862932514811077 0.1466346153846154
7 0.5767043590559402 0.6009615384615384 0.06415030566027888 0.14182692307692307
11 0.6523250872178304 0.2824519230769231 0.06702966361454415 0.18269230769230768
10 0.5791476359374108 0.29447115384615385 0.054115351809230106 0.10576923076923077
10 0.7301407189810487 0.04927884615384615 0.056435284115943535 0.0985576923076923
10 0.7307709148998588 0.20673076923076922 0.05414332309160786 0.10817307692307693
10 0.760752431878248 0.6141826923076923 0.06143877540027905 0.11538461538461539
10 0.5723030924080373 0.7391826923076923 0.06387059283650268 0.11778846153846154