5 0.5993112886593924 0.290646666748248 0.07558210352315534 0.1835594174460135
2 0.804888281545441 0.49136950472503 0.09017300246000996 0.21257339898643307
6 0.8322520076032264 0.7465128524212534 0.08501568095694759 0.1524213025755237
4 0.6959747920833294 0.41076988829992567 0.05355590343972567 0.11599998359692275
4 0.6790018260995002 0.22906971906670906 0.0558758385866831 0.10160487795622344
4 0.6674790687876947 0.14359332419328255 0.05108213144680544 0.10395278154531436
4 0.5249187257556442 0.06140018673796875 0.04866430012514464 0.10152096410909062
4 0.5151137400196105 0.30048497955733944 0.05355590343972567 0.11599998359692275
4 0.6196802463567688 0.5084464852127234 0.06319925839073985 0.12091956103412553
3 0.4364573036426482 0.39092206672622104 0.06811883204095046 0.14020627282964987
12 0.20884791944441206 0.05171234772069799 0.06788108418809895 0.09934088821426532
12 0.24089886117316517 0.7408338400332852 0.07052267819479667 0.14023424411202748
8 0.2611373638417492 0.36123593234342494 0.08051566234118078 0.20524997539538412
9 0.5112850094589539 0.13215980622335344 0.05854540292901033 0.14730592616167798
9 0.15399758662666835 0.5955821189957333 0.08259784963528659 0.1499894851393002
7 0.4328157701371926 0.603634480059228 0.06572897105491922 0.1425821477011184
11 0.3601495741034224 0.2842577549209068 0.06835657989380195 0.18107165744503448
10 0.4333899633727487 0.29833203287957766 0.05349996276846652 0.10638459898153813
10 0.28817484252133513 0.05263540003915904 0.06307339188040664 0.0992849456495101
10 0.2836670299665115 0.20764152003866954 0.05351394793628131 0.10878844513538428
10 0.24886559869670266 0.6111100615727256 0.06318527322292507 0.11851571488027937
10 0.43562438480251847 0.7406956677520251 0.06558911937677109 0.11854368616265713