5 0.6030881979875506 0.28954699167748404 0.07421323079370513 0.1807080165729054
2 0.8168923333985985 0.4854892249067246 0.08897196310531322 0.20963808142594795
6 0.851093303689436 0.7392768013190861 0.08346498873818084 0.14951395724416455
4 0.7042044205674801 0.40671391460333656 0.05422723693874058 0.11569228907654096
4 0.680471959004544 0.22629958655454185 0.05405940924447487 0.10126921215346403
4 0.6662718102751739 0.14208805274694508 0.049251716936782555 0.1012412418178344
4 0.5211179887259436 0.06192201960113421 0.0468478707829364 0.10122725665001958
4 0.5190934390148233 0.3010767415731969 0.05422723693874058 0.11569228907654089
4 0.632047921093843 0.5060469823696006 0.061494717965034286 0.12054193688767748
3 0.44444917954020735 0.3931842857101078 0.06652618053174728 0.13980067645407643
12 0.20374036821230737 0.05406636206496569 0.06613458257846087 0.10614683030023028
12 0.25990099189635896 0.7490576038828001 0.06893002668559357 0.1398146616218915
8 0.26748677440873897 0.3681179143372587 0.07927266464279595 0.20237060229315035
9 0.5099378964280412 0.13396747837744485 0.0569667384811179 0.14455242809050955
9 0.16807848418447174 0.604302390858976 0.07862932514811097 0.1470821407546888
7 0.44692463803062554 0.6059246703254924 0.06412233437790113 0.13978669128626164
11 0.3639055056798583 0.2881554674799118 0.06459784617832053 0.18065207590164625
10 0.43736266978405414 0.30060124586749387 0.054115351809230106 0.10607690446115627
10 0.2818513825711185 0.053318956942023495 0.05649122668069864 0.10368704347512493
10 0.2849133959261525 0.21318171875670014 0.05414332309160773 0.1084807506150025
10 0.26440015803258354 0.6192848744946448 0.06143877540027898 0.11573424457998545
10 0.45454260215195347 0.7441807870911833 0.06387059283650268 0.11815207590164625