5 0.394521941499792 0.28254122395742043 0.07418525951132765 0.17830417041905924
2 0.18191972916566732 0.47847646460275356 0.08654014566908966 0.20722025010428716
6 0.14774673015720735 0.729860194861269 0.0834649887381809 0.14951395724416455
4 0.2934057189198626 0.399708146883273 0.05179541950251681 0.11327445775487988
4 0.3171381804827986 0.21929381883447824 0.05405940924447487 0.10126921215346403
4 0.3301224204940568 0.13629120068771192 0.049251716936782555 0.1012412418178344
4 0.47526225640209824 0.057327090618824135 0.0468478707829364 0.10122725665001958
4 0.4773147773955963 0.2940779664370407 0.05422723693874058 0.11569228907654089
4 0.36556221839349956 0.49904121464953705 0.061494717965034286 0.12054193688767748
3 0.5519590368702123 0.38618551057395156 0.06652618053174728 0.13980067645407643
12 0.7914519394800004 0.05067495886987754 0.06613458257846087 0.10134991773975507
12 0.7353332727195152 0.7396619751767051 0.06893002668559343 0.1398146616218912
8 0.7277195189247576 0.36112613178500985 0.07927266464279589 0.20237060229315035
9 0.48645633434118957 0.1281706263182117 0.0569667384811179 0.14455242809050955
9 0.8271417947902134 0.5961086852298041 0.07860135386573355 0.14467829460084267
7 0.5482956409440597 0.5977309646963204 0.06412233437790126 0.13978669128626164
11 0.6312868020124494 0.28236560800458604 0.06459784617832053 0.18065207590164625
10 0.5590455466263655 0.2936024707313376 0.05171150565538395 0.10606291929334148
10 0.7133409251211892 0.049682813310176405 0.05408738052685235 0.09936562662035281
10 0.7102789117661552 0.20739185928137438 0.05171150565538395 0.10606291929334148
10 0.7308341065832905 0.6098892457885497 0.06143877540027905 0.11573424457998531
10 0.5418935855408438 0.7347781658011809 0.0638426215541252 0.1157482297478001