5 0.3983547910258353 0.2956730769230769 0.07558210352315534 0.18269230769230768
2 0.19158986023067856 0.4963942307692308 0.09017300246000975 0.21153846153846154
6 0.1654280572498162 0.7512019230769231 0.08741952711079375 0.15144230769230768
4 0.30169128760189856 0.41466346153846156 0.05355590343972567 0.11538461538461539
4 0.318671246169635 0.234375 0.05587583858668296 0.10096153846153846
4 0.33018701089753305 0.14783653846153846 0.05108213144680544 0.10336538461538461
4 0.4727473539295835 0.0673076923076923 0.048664300125144506 0.10096153846153846
4 0.48375426274254035 0.30649038461538464 0.05356988860754031 0.11778846153846154
4 0.37799282591236644 0.5144230769230769 0.0632132435585545 0.12259615384615384
3 0.5624176917034102 0.39903846153846156 0.06813281720876538 0.14182692307692307
12 0.793590889628971 0.055288461538461536 0.06795101002717274 0.11057692307692307
12 0.7603869729106467 0.7524038461538461 0.07053666336261152 0.14182692307692307
8 0.7389395545812322 0.3713942307692308 0.08051566234118085 0.20432692307692307
9 0.487582993303197 0.13822115384615385 0.05854540292901033 0.1466346153846154
9 0.8472812548732361 0.6069711538461539 0.0825978496352868 0.14903846153846154
7 0.5672611482857888 0.6117788461538461 0.06572897105491922 0.14182692307692307
11 0.6387184286587286 0.2920673076923077 0.06837056506161687 0.18269230769230768
10 0.5654780393894023 0.30528846153846156 0.05349996276846652 0.10576923076923077
10 0.7142639665520479 0.055288461538461536 0.058335625411788126 0.11057692307692307
10 0.7164028958725625 0.21634615384615385 0.05351394793628117 0.10817307692307693
10 0.7512183123101861 0.6225961538461539 0.06318527322292493 0.11778846153846154
10 0.5644595262043703 0.75 0.06558911937677109 0.11778846153846154