5 0.40673328964475997 0.2849503004578347 0.07315028703367961 0.17872375385594363
2 0.19748759427277557 0.4748977876658753 0.08774118597053403 0.207737735396363
6 0.16407928991083778 0.7241014481834275 0.08500169578913273 0.15001745642167755
4 0.30762398456353257 0.39788995483035156 0.05354191827191081 0.11359613744307659
4 0.3306275436836991 0.2197256266219601 0.05587583858668296 0.10160487795622344
4 0.3445821174849804 0.1390289527738483 0.048664300125144506 0.10152096410909059
4 0.48717043085266043 0.06164350762622682 0.048650314957329716 0.09911711795524444
4 0.4897359077915262 0.296004521985038 0.05355590343972567 0.11599998359692275
4 0.3791178305663081 0.4968244173848276 0.060781427069078776 0.11848774359790162
3 0.564800560105534 0.38888741223133216 0.06570100071928951 0.1377744553934261
12 0.8008373910100466 0.054425818409407994 0.06556114904114178 0.10885163681881599
12 0.7435390720820015 0.7401969075919628 0.06810484687313553 0.13780242667580359
8 0.7377446240882164 0.364036941438606 0.080487692005551 0.2004422830876918
9 0.49840030099550464 0.13243109839398912 0.05853141776119541 0.1449020800078318
9 0.8352760092718202 0.5996969362973478 0.08018001831362571 0.14755766770307643
7 0.560007654320806 0.5980919558218916 0.06331113973325814 0.14015033026489476
11 0.6423311904734051 0.2858148840155984 0.06593874857214115 0.17863984000881084
10 0.5702787391131872 0.29747133017923433 0.05349996276846652 0.10638459898153813
10 0.7227123910100466 0.053650457388743425 0.05591779409012732 0.10730091477748685
10 0.7200366354389612 0.21279043272294154 0.05349996276846652 0.10638459898153813
10 0.7403870194500637 0.611619109643571 0.060767441901264124 0.1160838974440556
10 0.5535792852568961 0.732791254284409 0.06557513420895643 0.11613984000881071