5 0.20504555650908626 0.28966346153846156 0.07060658920168546 0.15384615384615385
2 0.19621253993618082 0.36177884615384615 0.07801392001263106 0.1875
1 0.22476580661337336 0.20552884615384615 0.05601569026483096 0.125
1 0.18343811010495104 0.49158653846153844 0.06328316939762857 0.1346153846153846
3 0.24205424022818472 0.12620192307692307 0.0583635957474179 0.11538461538461539
3 0.15873535309528666 0.6057692307692307 0.07765030564944635 0.125
6 0.24727449498641352 0.055288461538461536 0.04867828529295936 0.10336538461538461
6 0.14114623837245718 0.7367788461538461 0.07287058367738361 0.12980769230769232
4 0.3326320111996742 0.051682692307692304 0.04382863748182263 0.09615384615384616
4 0.3261538926932631 0.13221153846153846 0.04142479132797647 0.09615384615384616
4 0.31363818846660707 0.21754807692307693 0.04382863748182263 0.09615384615384616
4 0.3023383924846889 0.3004807692307692 0.043856607817452195 0.10096153846153846
4 0.28975276241895886 0.39783653846153844 0.051040175943361084 0.09615384615384616
4 0.27592325377286137 0.5024038461538461 0.048706255628588865 0.10817307692307693
4 0.2620587822072269 0.6129807692307693 0.05109611661462023 0.10576923076923077
4 0.24692246172559534 0.7355769230769231 0.05588982375449782 0.10336538461538461
11 0.8097317381278197 0.2692307692307692 0.0659107782365113 0.17307692307692307
8 0.8236443564256566 0.35697115384615385 0.06842650573287602 0.19230769230769232
7 0.8361173037937187 0.4855769230769231 0.05850344742556611 0.13942307692307693
7 0.8053505934384787 0.19591346153846154 0.0536537996144293 0.13221153846153846
9 0.7986005655148285 0.11658653846153846 0.05598771992920139 0.1201923076923077
9 0.8401418267037825 0.6201923076923077 0.07048072269135239 0.13221153846153846
10 0.7396829529284272 0.7403846153846154 0.05830765507615883 0.10576923076923077
10 0.7332056357771657 0.6141826923076923 0.06311534738385113 0.10576923076923077
10 0.7302012287624328 0.5108173076923077 0.05347199243283667 0.10096153846153846
10 0.7187903527931455 0.40625 0.053485977600651595 0.10336538461538461
10 0.7193917150091818 0.30288461538461536 0.05347199243283667 0.10096153846153846
10 0.71027979643513 0.21634615384615385 0.04382863748182276 0.09615384615384616
10 0.7107902550603699 0.12860576923076922 0.046204513300039066 0.09134615384615384
10 0.7112517655982582 0.04927884615384615 0.04624646880348356 0.0985576923076923
12 0.7893837581821656 0.04807692307692308 0.04863632978951507 0.09615384615384616
12 0.8526427444074743 0.7439903846153846 0.06814680237658002 0.14423076923076922