5 0.21634615384615385 0.2969885692601385 0.07211538461538461 0.1570891384713282
2 0.20673076923076922 0.36899206874601265 0.07932692307692307 0.1908268984723072
1 0.23677884615384615 0.21309170977573277 0.055288461538461536 0.12804718564853113
1 0.19110576923076922 0.49741602464132745 0.0625 0.13534263795720244
3 0.2548076923076923 0.13517649439356483 0.06009615384615385 0.11608389744405558
3 0.1658653846153846 0.6101030954071318 0.07692307692307693 0.12589508103608343
6 0.2608173076923077 0.06433296106104733 0.05048076923076923 0.10395278154531437
6 0.14783653846153846 0.739701003096992 0.07451923076923077 0.13067480206139812
4 0.3449519230769231 0.06531195594426359 0.04326923076923077 0.09665732923664308
4 0.33774038461538464 0.14455496517405383 0.04326923076923077 0.09906117539048925
4 0.3245192307692308 0.2273338154286693 0.04326923076923077 0.09906117539048925
4 0.3125 0.31012665132447353 0.04567307692307692 0.1014929928267131
4 0.29927884615384615 0.40612665542524284 0.052884615384615384 0.09676921436615352
4 0.28365384615384615 0.5105121497820961 0.04807692307692308 0.10873250257062904
4 0.26802884615384615 0.6209072595235647 0.052884615384615384 0.10398075282769198
4 0.2536057692307692 0.7409317395216068 0.057692307692307696 0.10403669539244721
11 0.8161057692307693 0.2943520195979669 0.0673076923076923 0.1738601189834961
8 0.8305288461538461 0.38226023190761715 0.07211538461538461 0.19314683077902062
7 0.8413461538461539 0.5097899488321626 0.06009615384615385 0.13771851282867084
7 0.8137019230769231 0.22100674062328166 0.052884615384615384 0.13282690667384583
9 0.8076923076923077 0.14160988934041455 0.057692307692307696 0.12086361846937026
9 0.84375 0.6444333047299248 0.07211538461538461 0.1330506769328668
10 0.7415865384615384 0.7610329867673381 0.06009615384615385 0.10646851282867086
10 0.7367788461538461 0.6347751211256598 0.06490384615384616 0.10652445539342609
10 0.7367788461538461 0.5314097365102751 0.055288461538461536 0.10160487795622344
10 0.7247596153846154 0.42670257240607934 0.052884615384615384 0.10398075282769198
10 0.7271634615384616 0.3245670821499954 0.055288461538461536 0.10160487795622344
10 0.7199519230769231 0.23914662984132418 0.04567307692307692 0.09668530051902066
10 0.7199519230769231 0.15140624522593957 0.04807692307692308 0.09190557949370597
10 0.7211538461538461 0.07209330779020529 0.04567307692307692 0.101492992826713
12 0.7992788461538461 0.06699275908286215 0.05048076923076923 0.10635662769916053
12 0.8545673076923077 0.7671553293467779 0.07211538461538461 0.1426660615482514