5 0.21325863717968152 0.2956730769230769 0.0730244205233464 0.15625
2 0.20647364633649434 0.36899038461538464 0.080431751334292 0.18990384615384615
1 0.23079800246000978 0.21153846153846154 0.058433521586491906 0.12740384615384615
1 0.19640454512227823 0.49759615384615385 0.06328316939762857 0.1346153846153846
3 0.24596149192212147 0.13221153846153846 0.060767441901264124 0.11538461538461539
3 0.17544121779277308 0.6129807692307693 0.07765030564944635 0.125
6 0.24915469870235424 0.06129807692307692 0.05108213144680544 0.10336538461538461
6 0.1617803325156026 0.7439903846153846 0.07527442983122977 0.12980769230769232
4 0.3344632668282631 0.056490384615384616 0.04623248363566878 0.09615384615384616
4 0.32891516198153603 0.13581730769230768 0.04384262264963741 0.0985576923076923
4 0.318601320330561 0.22235576923076922 0.04624646880348356 0.0985576923076923
4 0.31067034708170993 0.30528846153846156 0.04626045397129835 0.10096153846153846
4 0.30162136176282456 0.4026442307692308 0.053444022097207236 0.09615384615384616
4 0.2902104857935374 0.5072115384615384 0.048706255628588865 0.10817307692307693
4 0.2788345727437873 0.6177884615384616 0.053499962768466455 0.10576923076923077
4 0.2675285855331112 0.7403846153846154 0.058293669908343906 0.10336538461538461
11 0.8164422146134738 0.2644230769230769 0.06831462439035746 0.17307692307692307
8 0.8337795963156369 0.35216346153846156 0.07323419804056833 0.19230769230769232
7 0.8501528027937285 0.4807692307692308 0.060907293579411985 0.13942307692307693
7 0.8112079746874302 0.19110576923076922 0.05605764576827546 0.13221153846153846
9 0.8011380721180645 0.11298076923076923 0.05839156608304727 0.1201923076923077
9 0.858154503236803 0.6165865384615384 0.07288456884519853 0.13221153846153846
10 0.7602960693198505 0.7367788461538461 0.060725486397819634 0.10817307692307693
10 0.7511483864711123 0.6105769230769231 0.06551919353769729 0.10576923076923077
10 0.7445374088704605 0.5072115384615384 0.0558758385866831 0.10096153846153846
10 0.7307148928082705 0.40384615384615385 0.053485977600651595 0.10336538461538461
10 0.7265077613614649 0.3004807692307692 0.05587583858668283 0.10096153846153846
10 0.7163889107047476 0.21394230769230768 0.04623248363566891 0.09615384615384616
10 0.7146765290025845 0.12620192307692307 0.048608359453885225 0.09134615384615384
10 0.7130270805555879 0.04927884615384615 0.051054161111175875 0.0985576923076923
12 0.7911380953877731 0.046875 0.05343003692939245 0.09375
12 0.8744927467953576 0.7391826923076923 0.07295449468427233 0.14423076923076922