5 0.21562752041399064 0.2909081414739785 0.07060658920168546 0.15425172371278292
2 0.20764060649388044 0.36417650107893434 0.07801392001263106 0.18794752537007342
1 0.23436880877124203 0.20688540743188144 0.05601569026483096 0.12532165885974036
1 0.1951746517097256 0.4939072749636452 0.06328316939762857 0.13497899897856933
3 0.2507412138941842 0.12885830360658498 0.0583635957474179 0.11572025941217048
3 0.17300240871938996 0.607957108177097 0.07765030564944635 0.12544752537007342
6 0.2551293511674326 0.05677088932682996 0.04867828529295936 0.10364508797168054
6 0.1569306847044659 0.7376669043100856 0.07287058367738361 0.13022724734213617
4 0.34045190446115625 0.05486351663040909 0.04382863748182263 0.09640557917451248
4 0.3349107921983366 0.13535739986471823 0.04142479132797647 0.09639159400669772
4 0.3233810423026237 0.21942208941025962 0.04382863748182263 0.09640557917451244
4 0.31305321548383386 0.30349377153970847 0.043856607817452195 0.10121327148220474
4 0.301593391427195 0.3995776918544806 0.051040175943361084 0.09644753467795694
4 0.2889875849648922 0.50527000420073 0.048706255628588865 0.10845278027937291
4 0.276409748838219 0.6157700088546717 0.05109611661462023 0.10606291929334141
4 0.2626999154736967 0.7382822516939368 0.055889823754497754 0.10368704347512483
11 0.8188810236868569 0.2751876493647231 0.06591077823651158 0.17345452260792257
8 0.8350164823120969 0.3630189375709039 0.06842650573287602 0.1926992770065066
7 0.8489788500524351 0.4904997021477315 0.05850344742556611 0.13975872095063208
7 0.814841714253829 0.20064744084377015 0.0536537996144293 0.13251921215346396
9 0.8071756578383097 0.12248048534032577 0.05598771992920139 0.12051396655204798
9 0.8545767043416633 0.6263449801756688 0.07048072269135239 0.1326171083281674
10 0.7555093547638805 0.7447549803267393 0.05830765507615883 0.1061048747967859
10 0.7475705875759726 0.6197130248232949 0.06311534738385113 0.10613284513241548
10 0.7433564635452595 0.515124739379265 0.05347199243283667 0.10126921215346403
10 0.7307288779760852 0.41048750584788335 0.053485977600651595 0.10367305830731019
10 0.7289325852670333 0.3083170517255144 0.05347199243283667 0.10126921215346403
10 0.7200156576872392 0.22172964209970109 0.04382863748182276 0.0964055791745125
10 0.719505199061999 0.13398925748431648 0.046204513300039066 0.09161187203463499
10 0.7190436885241106 0.05466233440739339 0.04866430012514437 0.1012412418178344
12 0.797154703356296 0.05271300620752812 0.04863632978951507 0.0964335495101421
12 0.8685180943302793 0.750219975521727 0.06814680237658002 0.1446223539295835