5 0.7853670292111588 0.30358979190125385 0.0730244205233464 0.1570891384713282
2 0.7930051152910486 0.3769910134406943 0.08284958265595294 0.19325871590853097
1 0.7668487021837946 0.21924539189880637 0.05843352158649177 0.12807515693090876
1 0.8045776220453552 0.5069245765190858 0.06328316939762857 0.13534263795720244
3 0.7507621916459063 0.13973665548642888 0.060781427069078776 0.11848774359790176
3 0.8268905180689881 0.6237628565220228 0.07766429081726099 0.12829892718992944
6 0.7467368673806932 0.06757931394747786 0.053485977600651595 0.10398075282769198
6 0.8408738635610485 0.754926313959715 0.07527442983122977 0.1306748020613984
4 0.6613723585835252 0.061778641115380485 0.04623248363566891 0.09668530051902069
4 0.6666485540130132 0.14236342983398187 0.04384262264963741 0.09906117539048925
4 0.6779693277466536 0.22902776214314263 0.04624646880348356 0.0990891466728668
4 0.688074193235556 0.3132742626572685 0.046260453971298215 0.1014929928267131
4 0.6982559771474399 0.41074191701754814 0.053444022097207375 0.09676921436615352
4 0.7108835627166143 0.5154490811217438 0.048706255628588865 0.10873250257062904
4 0.7235531037892332 0.6273677836874779 0.05349996276846652 0.10638459898153813
4 0.7362855781170186 0.75010379394552 0.05830765507615883 0.10644054154629337
11 0.17822106076731992 0.26647896617783107 0.06831462439035765 0.1738601189834961
8 0.16310651939256 0.35403753745776123 0.07324818320838311 0.19555067693286665
7 0.14702780279372854 0.4824475077118872 0.060907293579412054 0.14012235898251715
7 0.18259521287275354 0.19201567797335553 0.056071630936090175 0.1352587241100696
9 0.19295101002717294 0.11281462566713166 0.05839156608304755 0.1208636184693703
9 0.14060642631372608 0.6181809015570621 0.07289855401301318 0.13545452308671294
10 0.24107229267298866 0.7407359405449635 0.0607254863978197 0.108872358982517
10 0.2487515329011734 0.6146319169563621 0.06551919353769715 0.10652445539342609
10 0.25415279348584513 0.5101345374699984 0.05587583858668296 0.10160487795622344
10 0.26677258511596275 0.4069229949076906 0.053485977600651595 0.10398075282769198
10 0.2697769921306957 0.30359956721587245 0.05587583858668296 0.10160487795622344
10 0.27888891070474764 0.21717299080692135 0.04623248363566878 0.09668530051902066
10 0.2795733825725233 0.12824466875580245 0.04860835945388536 0.09190557949370597
10 0.28273162643321903 0.05136354875629194 0.051040175943361084 0.0967412430837759
12 0.20459963384931162 0.04925255900209662 0.058237729237084764 0.09442131077706259
12 0.1257016624561881 0.7417971651446845 0.0729544946842724 0.14506990770209754