5 0.7783488790335793 0.3011439888238413 0.07301043535553148 0.1546852923174821
2 0.7863427855375968 0.37335727292754756 0.08041776616647721 0.18842305231846104
1 0.7571967519385742 0.2179595549747505 0.05601569026483096 0.12564333949468498
1 0.8012265716434126 0.5009429324168481 0.06326918422981392 0.1329387918033563
3 0.7408173542317247 0.14084067907503034 0.05836359574741797 0.11605592616167795
3 0.8258236385393165 0.6118135539587362 0.07765030564944635 0.1258950810360833
6 0.7352133087137384 0.07105921240754785 0.0510681462789908 0.10154893539146823
6 0.8419023551381479 0.7406151221661486 0.07526044466341485 0.12827095590755194
4 0.6510856859130304 0.06887829444740852 0.043814652314007836 0.09425348308279695
4 0.6578357138366807 0.14828913137146443 0.04382863748182276 0.09665732923664311
4 0.6705813719771313 0.2301737426553105 0.04382863748182276 0.09665732923664311
4 0.6821181144567515 0.31324629137489085 0.04624646880348356 0.0990891466728668
4 0.694786854174221 0.40835205650489076 0.0510261907755463 0.09433739692992987
4 0.7086085688812616 0.511885268814541 0.04869227046077421 0.1063286564167829
4 0.7248061594065189 0.6202541447142612 0.053485977600651595 0.10398075282769198
4 0.738529977938856 0.7406142801008346 0.055889823754497754 0.10400872411006973
11 0.18344590404400785 0.2858076348969219 0.06830063922254287 0.17145627282965
8 0.16851936107959825 0.37217826874111787 0.07081636671890738 0.19071501334279672
7 0.15696783207701376 0.4982543210473417 0.05848946225775112 0.13769054154629337
7 0.1862693052322979 0.21372022156391493 0.05363981444661438 0.13042306051999966
9 0.1927404311548016 0.13446322669293587 0.055973734761386604 0.11843180103314652
9 0.1537948016933538 0.6304378882265026 0.07046673752353746 0.13061885949664287
10 0.25407805951587464 0.7481992205479006 0.05830765507615869 0.10644054154629337
10 0.25961298054993637 0.6232551631126557 0.06550520836988237 0.10412060923957994
10 0.2614092732589883 0.521105687215383 0.05586185341886818 0.09920103180237728
10 0.2728209505834248 0.41906809644762066 0.05347199243283681 0.10157690667384582
10 0.2722133971386306 0.3168906492679703 0.05586185341886818 0.09920103180237728
10 0.2799144164736869 0.23283994773048777 0.04621849846785399 0.0942814543651745
10 0.2792159594380965 0.14628750055083742 0.04859437428607057 0.08950173333985981
10 0.27847554689906173 0.06694659183272553 0.04624646880348356 0.09908914667286685
12 0.20158743289552178 0.060041895412026716 0.05109611661462023 0.10635662769916053
12 0.14346617351941454 0.7529221569431459 0.07053666336261145 0.14263809026587365