5 0.7848557692307693 0.2920673076923077 0.06971153846153846 0.15384615384615385
2 0.7932692307692307 0.36538461538461536 0.07692307692307693 0.1875
1 0.765625 0.2091346153846154 0.052884615384615384 0.125
1 0.8052884615384616 0.49399038461538464 0.06009615384615385 0.1346153846153846
3 0.7487980769230769 0.12980769230769232 0.057692307692307696 0.11538461538461539
3 0.8293269230769231 0.6069711538461539 0.07692307692307693 0.125
6 0.7439903846153846 0.05889423076923077 0.04807692307692308 0.10096153846153846
6 0.8449519230769231 0.7367788461538461 0.07211538461538461 0.12740384615384615
4 0.6586538461538461 0.056490384615384616 0.04326923076923077 0.09615384615384616
4 0.6658653846153846 0.13701923076923078 0.040865384615384616 0.09615384615384616
4 0.6778846153846154 0.22115384615384615 0.04326923076923077 0.09615384615384616
4 0.6875 0.30408653846153844 0.04326923076923077 0.10096153846153846
4 0.6995192307692307 0.40024038461538464 0.05048076923076923 0.09615384615384616
4 0.7127403846153846 0.5048076923076923 0.04807692307692308 0.10576923076923077
4 0.7259615384615384 0.6141826923076923 0.05048076923076923 0.10336538461538461
4 0.7403846153846154 0.7367788461538461 0.055288461538461536 0.10336538461538461
11 0.18389423076923078 0.27283653846153844 0.0625 0.17307692307692307
8 0.16826923076923078 0.3605769230769231 0.0673076923076923 0.19230769230769232
7 0.15504807692307693 0.4879807692307692 0.057692307692307696 0.13701923076923078
7 0.1875 0.19951923076923078 0.052884615384615384 0.13221153846153846
9 0.19471153846153846 0.12139423076923077 0.055288461538461536 0.1201923076923077
9 0.1502403846153846 0.6225961538461539 0.06971153846153846 0.13221153846153846
10 0.25 0.7403846153846154 0.057692307692307696 0.10576923076923077
10 0.25721153846153844 0.6153846153846154 0.0625 0.10576923076923077
10 0.2608173076923077 0.5120192307692307 0.052884615384615384 0.10096153846153846
10 0.27283653846153844 0.40865384615384615 0.05048076923076923 0.10096153846153846
10 0.27403846153846156 0.30649038461538464 0.052884615384615384 0.10096153846153846
10 0.2824519230769231 0.21995192307692307 0.04326923076923077 0.09615384615384616
10 0.2824519230769231 0.13341346153846154 0.04567307692307692 0.09134615384615384
10 0.2824519230769231 0.052884615384615384 0.04326923076923077 0.10096153846153846
12 0.20552884615384615 0.05048076923076923 0.05048076923076923 0.10096153846153846
12 0.13701923076923078 0.7451923076923077 0.0673076923076923 0.14182692307692307