5 0.20340218662783396 0.2860576923076923 0.07152967181608293 0.15625
2 0.19533752405377847 0.359375 0.07913280823090793 0.18990384615384615
1 0.22481387381874252 0.20192307692307693 0.0567709395044747 0.12740384615384615
1 0.1806059209592338 0.4891826923076923 0.06406639181314602 0.1346153846153846
3 0.24256384921412663 0.12259615384615384 0.059034929246432895 0.11538461538461539
3 0.1552388235078359 0.6033653846153846 0.07837758360671246 0.125
6 0.24819669435195837 0.051682692307692304 0.05168353437300633 0.10336538461538461
6 0.13808938861825634 0.734375 0.07362583386377543 0.12980769230769232
4 0.33357518973706324 0.04807692307692308 0.04438808206433501 0.09615384615384616
4 0.32662853639279804 0.12860576923076922 0.042012207192866476 0.0985576923076923
4 0.31363031074035097 0.2127403846153846 0.04441605334671263 0.0985576923076923
4 0.30183400816482703 0.296875 0.04444402462909032 0.10096153846153846
4 0.2886819404593032 0.3942307692307692 0.051599620525873476 0.09615384615384616
4 0.2742300501885346 0.5 0.04933563078391542 0.10817307692307693
4 0.25852029427608775 0.6105769230769231 0.05171150565538395 0.10576923076923077
4 0.2438586193874871 0.734375 0.05651919796307626 0.10576923076923077
11 0.8118130194511205 0.265625 0.06691777848503368 0.17307692307692307
8 0.8252011589262259 0.3545673076923077 0.07194924105174695 0.19230769230769232
7 0.838127772242101 0.4831730769230769 0.05931464207020882 0.13942307692307693
7 0.8090603743328685 0.19230769230769232 0.05445100719776154 0.1346153846153846
9 0.8015699651128679 0.11298076923076923 0.056687025657341704 0.1201923076923077
9 0.8413550870954583 0.6189903846153846 0.07127793027468463 0.1346153846153846
10 0.7390089701562285 0.7379807692307693 0.05892304411692241 0.10576923076923077
10 0.7332659240195144 0.6117788461538461 0.06373073642461471 0.10576923076923077
10 0.7308629199309823 0.5084134615384616 0.05405940924447487 0.10096153846153846
10 0.720074425586366 0.4026442307692308 0.05408738052685235 0.10336538461538461
10 0.7200752676516802 0.29927884615384615 0.05405940924447487 0.10096153846153846
10 0.7126687722788124 0.2127403846153846 0.04438808206433501 0.09615384615384616
10 0.7136897240855951 0.125 0.046735985653426196 0.09134615384615384
10 0.7133828820447555 0.04807692307692308 0.049195774372027316 0.09615384615384616
12 0.7927377764040562 0.04567307692307692 0.049139831807272355 0.09134615384615384
12 0.8531357198991655 0.7427884615384616 0.07138981540419483 0.14423076923076922