5 0.7836538461538461 0.2956730769230769 0.0673076923076923 0.15384615384615385
2 0.7908653846153846 0.36899038461538464 0.07692307692307693 0.1875
1 0.7644230769230769 0.2127403846153846 0.052884615384615384 0.125
1 0.8040865384615384 0.4963942307692308 0.06009615384615385 0.13221153846153846
3 0.7475961538461539 0.1346153846153846 0.057692307692307696 0.11538461538461539
3 0.8269230769230769 0.609375 0.07451923076923077 0.12259615384615384
6 0.7427884615384616 0.06370192307692307 0.04807692307692308 0.10096153846153846
6 0.84375 0.7379807692307693 0.07211538461538461 0.12740384615384615
4 0.6574519230769231 0.06129807692307692 0.04326923076923077 0.09375
4 0.6646634615384616 0.140625 0.040865384615384616 0.09615384615384616
4 0.6766826923076923 0.2247596153846154 0.04326923076923077 0.09615384615384616
4 0.6862980769230769 0.3076923076923077 0.04326923076923077 0.10096153846153846
4 0.6983173076923077 0.40384615384615385 0.04807692307692308 0.09615384615384616
4 0.7115384615384616 0.5072115384615384 0.04807692307692308 0.10576923076923077
4 0.7247596153846154 0.6165865384615384 0.05048076923076923 0.10336538461538461
4 0.7391826923076923 0.7379807692307693 0.052884615384615384 0.10096153846153846
11 0.18509615384615385 0.2764423076923077 0.0625 0.17067307692307693
8 0.17067307692307693 0.3629807692307692 0.0673076923076923 0.18990384615384615
7 0.15745192307692307 0.49038461538461536 0.057692307692307696 0.13701923076923078
7 0.18870192307692307 0.203125 0.052884615384615384 0.12980769230769232
9 0.1971153846153846 0.12620192307692307 0.052884615384615384 0.1201923076923077
9 0.15264423076923078 0.6237980769230769 0.0673076923076923 0.12980769230769232
10 0.2512019230769231 0.7415865384615384 0.057692307692307696 0.10576923076923077
10 0.25841346153846156 0.6177884615384616 0.0625 0.10336538461538461
10 0.2620192307692308 0.515625 0.052884615384615384 0.0985576923076923
10 0.27403846153846156 0.4110576923076923 0.05048076923076923 0.10096153846153846
10 0.27524038461538464 0.31009615384615385 0.052884615384615384 0.0985576923076923
10 0.28365384615384615 0.2247596153846154 0.04326923076923077 0.09615384615384616
10 0.28365384615384615 0.13701923076923078 0.04567307692307692 0.0889423076923077
10 0.28365384615384615 0.057692307692307696 0.04326923076923077 0.0985576923076923
12 0.20673076923076922 0.051682692307692304 0.04807692307692308 0.10336538461538461
12 0.13942307692307693 0.7463942307692307 0.0673076923076923 0.14182692307692307