5 0.793773498165713 0.2886611179742553 0.07544225184500747 0.1590873863561048
2 0.8038154303994488 0.36192248499530383 0.08284958265595294 0.1927831880133953
1 0.7728513249845027 0.20464537651606568 0.05843352158649177 0.1277394901814013
1 0.8201956294614478 0.49163927371219995 0.06328316939762857 0.13497899897856933
3 0.7543539757088609 0.12422141912083054 0.060781427069078776 0.11813809073383147
3 0.8473092252088658 0.6068700522508526 0.08006813697110715 0.12786535669173452
6 0.7479248052898017 0.05258972482778053 0.05349996276846652 0.10517944965556106
6 0.8673021860855413 0.7377677862929496 0.07528841499904469 0.13264507866379696
4 0.6613863437513401 0.05264446346631558 0.04623248363566891 0.09641956434232729
4 0.6702613158276899 0.13192243845588686 0.04384262264963741 0.09880942532835867
4 0.683978943131269 0.21718205849444397 0.04624646880348356 0.09882341049617345
4 0.6964946473579251 0.30244867111690843 0.046260453971298215 0.10122725665001966
4 0.710282200500578 0.39972752192469624 0.053444022097207375 0.09646151984577173
4 0.7265225478844292 0.5054058491031308 0.05111010178243502 0.10846676544718757
4 0.7427978581878172 0.6170937916661808 0.05349996276846652 0.10607690446115633
4 0.7603380248232949 0.7395920493376311 0.05830765507615883 0.1061048747967859
11 0.1843425574944537 0.2825909733999217 0.06832860955817245 0.1758723539295835
8 0.17043693178052421 0.37161719209911814 0.07324818320838311 0.19513109349598232
7 0.16037482315021553 0.501487817661977 0.0633111397332582 0.13978669128626164
7 0.18631286344604112 0.20805775746287603 0.056071630936090106 0.13493704347512497
9 0.19185397570886084 0.1274939483894929 0.05840555125086233 0.12293179787370895
9 0.15876113897790536 0.6373191105220996 0.07289855401301318 0.13503493964982846
10 0.26282578198402984 0.7569100559983709 0.0607254863978197 0.10852270611844698
10 0.26688526781363053 0.628276316431972 0.06551919353769715 0.10614683030023041
10 0.26747883609060996 0.5237020161557571 0.05587583858668296 0.10128319732127868
10 0.2776807963990666 0.4178698521313597 0.053499962768466455 0.10607690446115633
10 0.27587751110610725 0.3145114600998824 0.05587583858668296 0.10128319732127868
10 0.28257859094240567 0.2267291199810534 0.04623248363566878 0.09641956434232722
10 0.2808592166563351 0.13779380487265314 0.04860835945388536 0.09162585720244977
10 0.27918879045761635 0.057271951302714376 0.048664300125144506 0.10124124181783441
12 0.2010498052898016 0.05532262310284911 0.053485977600651595 0.10367305830731013
12 0.14867106001196714 0.7623820437772661 0.0729544946842724 0.1446503242652131