2 0.24519230769230768 0.6069711538461539 0.0889423076923077 0.20432692307692307
6 0.125 0.7512019230769231 0.07451923076923077 0.14423076923076922
12 0.3317307692307692 0.7367788461538461 0.06971153846153846 0.14423076923076922
9 0.4699519230769231 0.1310096153846154 0.055288461538461536 0.14182692307692307
5 0.37740384615384615 0.29447115384615385 0.07451923076923077 0.18269230769230768
4 0.296875 0.22716346153846154 0.04807692307692308 0.10576923076923077
4 0.27163461538461536 0.4098557692307692 0.057692307692307696 0.10817307692307693
4 0.34975961538461536 0.5120192307692307 0.055288461538461536 0.11298076923076923
4 0.46033653846153844 0.30288461538461536 0.05048076923076923 0.11298076923076923
3 0.5372596153846154 0.39903846153846156 0.0673076923076923 0.13942307692307693
10 0.5432692307692307 0.3016826923076923 0.052884615384615384 0.10336538461538461
11 0.6201923076923077 0.2932692307692308 0.07451923076923077 0.1778846153846154
8 0.7175480769230769 0.36658653846153844 0.07692307692307693 0.20192307692307693
12 0.7764423076923077 0.055288461538461536 0.06490384615384616 0.10096153846153846
10 0.6995192307692307 0.051682692307692304 0.052884615384615384 0.09615384615384616
10 0.6971153846153846 0.21153846153846154 0.052884615384615384 0.10817307692307693
10 0.7223557692307693 0.6201923076923077 0.0625 0.11538461538461539