2 0.7309879486363673 0.592374354771613 0.08886007797580274 0.20052619693482454
6 0.8459101957964383 0.7340465937301452 0.07136184412181734 0.14263809026587365
12 0.6429949804142704 0.718381320937207 0.06893002668559343 0.14020627282964973
9 0.5237579066493715 0.12129212095433894 0.052103103608670355 0.14001047385300666
5 0.6108121527811906 0.28251679889098286 0.07418525951132765 0.17872375385594358
4 0.6908943004823092 0.21668990041867564 0.04687584206531416 0.10389683898055911
4 0.7104170840474151 0.3979285434926618 0.05651919796307626 0.10641257026391575
4 0.6311452614699332 0.49739530247762637 0.054171294373985344 0.11119229128923044
4 0.5289834840620997 0.291881284030283 0.04936360206629304 0.1111363487244752
3 0.44978158969056187 0.3853384276306322 0.06409436309552365 0.13774648411104862
10 0.44729467175489696 0.28922653840035245 0.049251716936782555 0.10152096410909059
11 0.3704974656025193 0.2793043117441282 0.07412931694657242 0.17391606154825126
8 0.27350448097734487 0.3525385476546171 0.07440902977034841 0.1979545230867128
12 0.22418620409587445 0.04815999485874186 0.06605066873132802 0.09631998971748372
10 0.2987473917886716 0.0440717210069589 0.04913983180727215 0.0881434420139178
10 0.2981311815110502 0.198426666625876 0.054115351809230106 0.10638459898153813
10 0.2609800829946891 0.6026504327841274 0.059034929246432825 0.11605592616167798