2 0.7449316329016047 0.6016492157499118 0.08886007797580302 0.20002269681056348
6 0.8631824626646107 0.7453563425427755 0.07136184412181734 0.14223249294355228
12 0.6610496011237017 0.7261527422924865 0.06893002668559343 0.1398146616218912
9 0.5266669200166426 0.1256519130136869 0.052103103608670494 0.13971676544718767
5 0.6175112749106275 0.2896309026843728 0.07418525951132765 0.17830417041905924
4 0.6972848964402784 0.22519555965232235 0.04687584206531389 0.10363110280386575
4 0.7198154349262912 0.40560289511720965 0.05651919796307626 0.10609088962897112
4 0.642851243144962 0.5049079925478441 0.054171294373985344 0.11088459676884864
4 0.5358644195269912 0.2963669454402082 0.04936360206629304 0.110856626433219
3 0.4588302995397179 0.3896624274862273 0.06409436309552365 0.13738284513241547
10 0.45410567901384435 0.29348760358065895 0.049251716936782555 0.1012412418178344
11 0.37825865439699125 0.28222976310218517 0.07412931694657242 0.17349647811136693
8 0.2829439467144733 0.35378574100497795 0.07440902977034841 0.19753493964982846
12 0.22530505539097873 0.048182613190683475 0.0635908800127267 0.09411361436318472
10 0.30099823795475494 0.04621929982300341 0.04911186052489453 0.08922201104860362
10 0.3027884000269218 0.20006545366915726 0.054115351809230106 0.10607690446115627
10 0.27503565238943684 0.6037228077498114 0.059034929246432895 0.11572025941217053