2 0.7450968155830524 0.6119945252288764 0.08769923046708974 0.20052619693482468
6 0.858909702298802 0.7563380216544702 0.07294050951645768 0.1426660615482514
12 0.658062681942315 0.7323678041913246 0.07053666336261152 0.14263809026587365
9 0.538007821862707 0.13485735084216446 0.05369575511787353 0.14003844513538427
5 0.6254972748125748 0.2993258554692968 0.07315028703367961 0.17872375385594358
4 0.7056555140193287 0.23656097035202356 0.04867828529295929 0.10392481026293673
4 0.7247262551753771 0.41585729343139405 0.05830765507615883 0.10644054154629337
4 0.6459727239788607 0.5134919334206254 0.05352793310409582 0.11119229128923044
4 0.5438014685013424 0.3043844472530735 0.05112408695024994 0.11116432000685282
3 0.4649989892174743 0.3936056257038433 0.06570100071928965 0.1377744553934261
10 0.4620357363510363 0.2974238082676195 0.0510681462789908 0.1015489353914682
11 0.38625164924971583 0.28572540518041717 0.07554014801971085 0.17634787898447504
8 0.29050337296249873 0.3543180923468513 0.07566601453004405 0.1979824943690904
12 0.2418662418178344 0.05088803695587262 0.065463252866438 0.09690907077804156
10 0.31636449483534296 0.048149377478809215 0.050998220439916725 0.08952970462223743
10 0.31365377634472075 0.20195357440139666 0.05349996276846652 0.10638459898153813
10 0.27752776090825326 0.6029483415756627 0.0607534567334492 0.11368005129020932