2 0.7381715158155283 0.5990299825927976 0.09129189541202666 0.2024405281322244
6 0.849474008103641 0.7426034489362715 0.0737656902756635 0.14224647811136693
12 0.6478026727219626 0.7221435876480989 0.07136184412181734 0.14223249294355228
9 0.5370350030602805 0.11946347625563944 0.05453492104489426 0.14213459676884857
5 0.6216434461146871 0.2848253948296914 0.07664504822992878 0.1831258478945664
4 0.7041294399696517 0.21944605297014214 0.0493076595015378 0.1060489341255267
4 0.7200464543039886 0.40083154882691574 0.05895101539930017 0.10850872095063206
4 0.6395587230083948 0.5010526747494194 0.0565751405278315 0.11089858193666344
4 0.5398427486779739 0.29131050592000984 0.05176744822013919 0.11087061160103379
3 0.45825099379377865 0.3831251628879594 0.06652618053174741 0.13980067645407643
10 0.4569799845762256 0.28578337882500493 0.05168353437300633 0.10365907313949527
11 0.381384701500771 0.27540660391886335 0.07656113438279605 0.17591430943302788
8 0.28200185636293923 0.3468934573377315 0.07924469336041841 0.1999667561393042
12 0.23866522358370654 0.0438697916301176 0.06593878360181768 0.0877395832602352
10 0.31321242563531493 0.0412281976234199 0.051459764113985514 0.0824563952468398
10 0.3090463886916795 0.19169853615259924 0.05414332309160773 0.10848075061500242
10 0.26465578043140237 0.5981792914215434 0.06143877540027905 0.11573424457998531