2 0.7414910463522831 0.6076588311345271 0.08769923046708974 0.20002269681056348
6 0.8553179182358476 0.7537488263295149 0.07294050951645768 0.14224647811136693
12 0.6544708978793606 0.730946449432364 0.07053666336261152 0.14223249294355228
9 0.5344020526319379 0.13171047648565407 0.05369575511787353 0.13973075061500245
5 0.6218984981657129 0.29687740406544827 0.07315028703367961 0.17830417041905924
4 0.7020637299563742 0.23484590718724396 0.04867828529295929 0.10364508797168054
4 0.7211344711124229 0.41403733440739343 0.05830765507615883 0.1061048747967859
4 0.6423739473319989 0.5109315931002743 0.05352793310409609 0.11088459676884864
4 0.5402096844383879 0.30361344682128366 0.05112408695024994 0.11087061160103386
3 0.46140021257061237 0.392094243975703 0.06570100071928965 0.13739683030023025
10 0.4596458753650049 0.2971353283148726 0.0510681462789908 0.10125522698564925
11 0.383854795679777 0.28467556475947575 0.07554014801971085 0.17591430943302794
8 0.2869115888995443 0.355022627001438 0.07566601453004412 0.19754892481764325
12 0.23946938824789563 0.05067037035141841 0.0702849303419451 0.0989632621743214
10 0.3139676412654042 0.04749814132290787 0.051012205607731516 0.09163984237026458
10 0.3100619922817663 0.2025182479103552 0.053499962768466386 0.10607690446115627
10 0.27273405376837573 0.6037298003337187 0.06075345673344927 0.11333039842613915