2 0.26545258946776334 0.5916686140610435 0.09011706178875062 0.2024405281322244
6 0.1472873297534517 0.7328032713311342 0.07294050951645761 0.14224647811136693
12 0.3503284187465629 0.7195619410884077 0.07053666336261152 0.14223249294355228
9 0.48506027322292505 0.12060647285314305 0.05370974028568845 0.1421345967688486
5 0.3934492025434395 0.28112573619996567 0.07558210352315534 0.18312584789456635
4 0.31373768735160945 0.21455845643130816 0.04869227046077421 0.10604893412552677
4 0.2907551059831651 0.3959089893685448 0.058321640243973474 0.10850872095063206
4 0.36706363687754046 0.49731106061624936 0.055931779257942245 0.11089858193666344
4 0.47524290502937533 0.2924185395979765 0.05112408695024994 0.11087061160103386
3 0.5539133265741524 0.38662305755195736 0.0657149858871043 0.13980067645407643
10 0.5569596890923297 0.2904901891498334 0.05108213144680544 0.10365907313949539
11 0.6338268253441475 0.2813223299045223 0.07554014801971111 0.17591430943302788
8 0.7304072191163449 0.3551990443094218 0.07808384585170512 0.1999667561393042
12 0.7875463113248187 0.05385898861319201 0.0630174512091475 0.0893059220554924
10 0.7129991102199583 0.048617756103241004 0.048552418782626075 0.08201047258706516
10 0.7090794760685056 0.2012340165368422 0.05351394793628117 0.1084807506150025
10 0.7378782845376066 0.6064359303058819 0.060767441901264124 0.11573424457998517