2 0.7391826923076923 0.6021634615384616 0.08653846153846154 0.19951923076923078
6 0.8509615384615384 0.7451923076923077 0.07211538461538461 0.13942307692307693
12 0.6514423076923077 0.7235576923076923 0.06971153846153846 0.13942307692307693
9 0.5360576923076923 0.12980769230769232 0.052884615384615384 0.13942307692307693
5 0.6213942307692307 0.2932692307692308 0.07211538461538461 0.1778846153846154
4 0.7019230769230769 0.23076923076923078 0.04807692307692308 0.10336538461538461
4 0.71875 0.40865384615384615 0.057692307692307696 0.10576923076923077
4 0.640625 0.5060096153846154 0.052884615384615384 0.10817307692307693
4 0.5408653846153846 0.29927884615384615 0.05048076923076923 0.10817307692307693
3 0.46153846153846156 0.3894230769230769 0.06490384615384616 0.13701923076923078
10 0.45913461538461536 0.2932692307692308 0.05048076923076923 0.10096153846153846
11 0.38461538461538464 0.2824519230769231 0.07211538461538461 0.17307692307692307
8 0.28725961538461536 0.35216346153846156 0.07451923076923077 0.1971153846153846
12 0.24278846153846154 0.04927884615384615 0.0673076923076923 0.0985576923076923
10 0.3161057692307692 0.04567307692307692 0.05048076923076923 0.09134615384615384
10 0.3125 0.20072115384615385 0.052884615384615384 0.10576923076923077
10 0.27403846153846156 0.5997596153846154 0.06009615384615385 0.11298076923076923