2 0.2513044077700858 0.6006810337500931 0.0876992304670896 0.20002269681056334
6 0.13388575182356693 0.7443881605429569 0.07053666336261145 0.14223249294355228
12 0.3371156405821779 0.7251775677087604 0.06811883204095046 0.1398146616218912
9 0.4667998704449853 0.1258856540907913 0.05129190896402737 0.13971676544718764
5 0.3769135639251789 0.2886627206845542 0.07315028703367961 0.17830417041905924
4 0.2979642403792553 0.2242203850685963 0.04627443913911314 0.10363110280386575
4 0.27527374482462275 0.4058366361943141 0.05590380892231254 0.10609088962897098
4 0.3528183603603087 0.5051417336249486 0.05352793310409609 0.11088459676884864
4 0.4585953850685963 0.29660068651731264 0.04872024079640379 0.11085662643321893
3 0.5373838791846498 0.3886872529025013 0.06329715456544349 0.13738284513241547
10 0.5403471320510878 0.2925194215808403 0.04866430012514464 0.1012412418178344
11 0.6173331422293311 0.28125458851845914 0.07312231669804976 0.17349647811136693
8 0.7130674333487335 0.3528105664212519 0.0732621683761979 0.19753493964982846
12 0.7677421502136428 0.04713561918622859 0.06307339188040664 0.09427123837245718
10 0.6932369046122269 0.04432660384332805 0.048608359453885225 0.0886532076866561
10 0.691125945627342 0.1990972716693386 0.05349996276846652 0.10607690446115633
10 0.7224302835883023 0.6027476331660853 0.05836359574741797 0.11572025941217053