2 0.2502187178671366 0.6009615384615384 0.08886007797580295 0.19951923076923078
6 0.13196788810413052 0.7439903846153846 0.07136184412181727 0.14182692307692307
12 0.33410074964503944 0.7259615384615384 0.06893002668559343 0.13942307692307693
9 0.46846944511090993 0.12740384615384615 0.052103103608670355 0.13942307692307693
5 0.3776390758581136 0.28966346153846156 0.07418525951132765 0.1778846153846154
4 0.299067377405386 0.2247596153846154 0.046875842065314026 0.10336538461538461
4 0.27532093020126125 0.40625 0.05651919796307626 0.10576923076923077
4 0.35229910762377936 0.5048076923076923 0.054171294373985344 0.11057692307692307
4 0.4592719456005613 0.2980769230769231 0.04936360206629304 0.11057692307692307
3 0.5363200512290234 0.390625 0.06409436309552365 0.13701923076923078
10 0.5410446717548969 0.29447115384615385 0.049251716936782555 0.10096153846153846
11 0.618093619448673 0.28365384615384615 0.07412931694657214 0.17307692307692307
8 0.7134083271311911 0.3557692307692308 0.0744090297703486 0.1971153846153846
12 0.7698592810189513 0.04927884615384615 0.06605066873132816 0.0985576923076923
10 0.6953820071732869 0.04567307692307692 0.049139831807272355 0.09134615384615384
10 0.6923619507418195 0.20192307692307693 0.054115351809230106 0.10576923076923077
10 0.7201146983793045 0.6057692307692307 0.059034929246432895 0.11538461538461539