6 0.6375579342530818 0.7875723518826532 0.0785733825833558 0.14272200411300637
6 0.8430168522009839 0.7959735119105541 0.08100520001957971 0.14515382154923026
2 0.7136575424766474 0.6526221539440514 0.09858734772069784 0.21025346667971961
5 0.5827203814939181 0.3349499929001362 0.06700169233216667 0.18104368616265687
4 0.6677081209910506 0.2626116800910448 0.05425520822111834 0.1184038297507689
4 0.6149328645400035 0.562519038033073 0.06152268924741177 0.12329543590559393
4 0.4984179384150371 0.34839407493999686 0.05176744822013919 0.11116432000685282
3 0.2531680040273461 0.55710743695832 0.07865729643048852 0.1499335425745451
8 0.24509103994272993 0.4247840133672712 0.0793006359251735 0.2052220041130065
10 0.24202818452238192 0.688005167213425 0.061410804117901424 0.11368005129020932
12 0.15683487073398764 0.2614754748934955 0.06870625642657267 0.12097550359888064
10 0.25251488921804255 0.09670097029083759 0.054115351809230106 0.10638459898153813
10 0.33800442766734384 0.18785216722566223 0.054171294373985344 0.11119229128923044
10 0.4178051784140582 0.35466857544188546 0.05419926565636283 0.11359613744307659