6 0.3473557692307692 0.7756764656881796 0.07692307692307693 0.14272200411300637
6 0.14302884615384615 0.7793085220706983 0.07932692307692307 0.14515382154923026
2 0.27283653846153844 0.6401939713190892 0.09375 0.207821649243496
5 0.4074519230769231 0.32926036313223517 0.06490384615384616 0.1786398400088107
4 0.3233173076923077 0.2549640605567113 0.05048076923076923 0.11597201231454513
4 0.37259615384615385 0.5548163179992984 0.057692307692307696 0.1208636184693703
4 0.49038461538461536 0.34464844929733957 0.05048076923076923 0.10876047385300666
3 0.7295673076923077 0.5565662072785269 0.07451923076923077 0.1475017251383212
8 0.7391826923076923 0.425668477023422 0.07451923076923077 0.20279018667678272
10 0.7391826923076923 0.6876877077926526 0.06009615384615385 0.11368005129020932
12 0.828125 0.2668476452406242 0.0673076923076923 0.12097550359888071
10 0.7355769230769231 0.09990536625370171 0.052884615384615384 0.10398075282769198
10 0.6502403846153846 0.1890566164985274 0.052884615384615384 0.10878844513538428
10 0.5697115384615384 0.35278304007733907 0.052884615384615384 0.11359613744307659