6 0.3512729993167737 0.7728365384615384 0.07292652434864276 0.13942307692307693
6 0.14689712815249883 0.78125 0.07774820182414992 0.14182692307692307
2 0.2739241761304949 0.6394230769230769 0.09254887827822635 0.20673076923076922
5 0.4055709180058329 0.3233173076923077 0.06353490241829499 0.1778846153846154
4 0.3206399494109236 0.2536057692307692 0.048748211132033356 0.11538461538461539
4 0.3729993196473347 0.5504807692307693 0.05839156608304755 0.1201923076923077
4 0.4884196993066365 0.33774038461538464 0.048706255628588865 0.10817307692307693
3 0.7312213446577635 0.5420673076923077 0.07295449468427233 0.14423076923076922
8 0.7391950747652083 0.4110576923076923 0.07329013871182746 0.20192307692307693
10 0.7424853763649952 0.671875 0.058335625411788126 0.11057692307692307
12 0.8254756120542456 0.24879807692307693 0.06560310454458601 0.1201923076923077
10 0.7314746803887286 0.08533653846153846 0.05108213144680544 0.10336538461538461
10 0.6455997129663203 0.1778846153846154 0.05111010178243502 0.10817307692307693
10 0.56771865204793 0.3425480769230769 0.05112408695024994 0.11057692307692307