6 0.6448813578441308 0.7666287266620677 0.0761415651471319 0.13985661712533543
6 0.8515142275865784 0.7738394637684567 0.07860135386573355 0.14467829460084267
2 0.7245727496572767 0.6315588240927021 0.09375168413062832 0.20726220560773137
5 0.5984852379058061 0.3126024846931627 0.06456987489594304 0.1782482297478001
4 0.684646929197484 0.24119254969727588 0.05182339078489443 0.1156783039087261
4 0.6258620573618217 0.5419949777877855 0.059090871811187856 0.12052795171986283
4 0.5129808717500021 0.32752203507366495 0.04936360206629304 0.11085662643321907
3 0.26538303377322014 0.5356792914215434 0.07382163284041866 0.14705417041905924
8 0.258507992765527 0.4035167010473567 0.07446497233510364 0.20234263195752078
10 0.25183936811440977 0.6667588326452327 0.05900695796405527 0.11331641325832437
12 0.17507350150566584 0.24055163604324353 0.06870625642657267 0.12058389239112198
10 0.2731573661435669 0.07412684471526704 0.05171150565538395 0.1060629192933415
10 0.3574030245923787 0.16738037125784175 0.054171294373985344 0.11088459676884864
10 0.4335980061083238 0.3327912379192455 0.05176744822013919 0.11087061160103372