6 0.3545673076923077 0.7781642256891588 0.07211538461538461 0.14026221539440525
6 0.1502403846153846 0.7854020513024467 0.07692307692307693 0.14272200411300637
2 0.2776442307692308 0.6438556831146136 0.09134615384615384 0.20779367796111822
5 0.40625 0.33044830056796953 0.0625 0.17861186872643323
4 0.32091346153846156 0.2585418585051029 0.04807692307692308 0.1159440410321675
4 0.3762019230769231 0.5572621210767109 0.057692307692307696 0.1208636184693703
4 0.49038461538461536 0.34464844929733957 0.04807692307692308 0.10873250257062904
3 0.7331730769230769 0.5530023949713241 0.07211538461538461 0.1450699077020974
8 0.7403846153846154 0.4220766934338415 0.07211538461538461 0.20276221539440525
10 0.7451923076923077 0.6829499436909044 0.057692307692307696 0.11124823385398568
12 0.8257211538461539 0.2608100585736312 0.06490384615384616 0.12094753231650301
10 0.7307692307692307 0.09624365445817726 0.05048076923076923 0.10395278154531436
10 0.6466346153846154 0.18661081342111485 0.05048076923076923 0.10876047385300666
10 0.5685096153846154 0.3515671313592272 0.05048076923076923 0.11116432000685282