6 0.6614181012502793 0.7682969684077755 0.07776218699196463 0.14467829460084267
6 0.8705247462992651 0.7743213703153552 0.08258386446747187 0.14711011109031838
2 0.739145325322707 0.6305233399316952 0.09738454092154843 0.21209786825105353
5 0.6027841987959212 0.3100076543208059 0.06835657989380195 0.18068004623727582
4 0.688547284875811 0.23718682008592354 0.05356988860754031 0.1180961352303871
4 0.6374993149933931 0.5409866626072587 0.06080939740470862 0.12294578304152363
4 0.5173567567435865 0.3251361808633806 0.05112408695024994 0.11087061160103372
3 0.2709267616996693 0.536450078361656 0.07779015732759434 0.14948598690853496
8 0.263289476974929 0.40298766873584274 0.07812580135514942 0.20717829460084267
10 0.2605421928544709 0.6686056761519352 0.06317128805511028 0.1157482297478001
12 0.17408924503319698 0.24020360955817244 0.06802093586624694 0.12298773854496813
10 0.2688251993641402 0.07127787725679567 0.053499962768466386 0.10607690446115631
10 0.356027155018655 0.16433641280511266 0.05352793310409609 0.11088459676884857
10 0.4379878781632191 0.33188620878703085 0.053541918271910745 0.1132884429226948