6 0.34828818695590147 0.7820479559205928 0.07776218699196463 0.14467829460084267
6 0.14039045756774615 0.7868478542892283 0.08258386446747183 0.14711011109031838
2 0.2717768711282116 0.6457901154421191 0.09738454092154822 0.21209786825105326
5 0.40694306716198186 0.3280776546229471 0.06595273373995579 0.18066606106946104
4 0.3211799810820921 0.25426387347321405 0.05356988860754045 0.1180961352303871
4 0.3722209583806026 0.5574351847980328 0.06080939740470848 0.12294578304152391
4 0.4899666630604704 0.3441851429125575 0.05112408695024994 0.11087061160103372
3 0.7351877424435571 0.557143098984221 0.07779015732759448 0.14948598690853496
8 0.7452428584899583 0.4261964168547721 0.07812580135514935 0.20717829460084267
10 0.7455793038726628 0.6906125011939417 0.0607534567334492 0.11333039842613929
12 0.8332341747708599 0.26325232960238115 0.06800695069843216 0.12058389239112198
10 0.7385052130238241 0.09443767728837328 0.05349996276846652 0.10607690446115627
10 0.6524981878623248 0.18528036509319445 0.05352793310409609 0.11088459676884864
10 0.5705374647177609 0.35186518449589166 0.05354191827191088 0.1132884429226948