6 0.35096153846153844 0.7695927808836551 0.07451923076923077 0.14226046327918185
6 0.14302884615384615 0.7804178825150196 0.07692307692307693 0.14467829460084267
2 0.27283653846153844 0.6354319142222514 0.09134615384615384 0.20966605176157754
5 0.40384615384615385 0.3137562610378834 0.0625 0.1782482297478001
4 0.3173076923076923 0.24334626554075456 0.05048076923076923 0.11808215006257225
4 0.37259615384615385 0.5447072989887065 0.057692307692307696 0.12293179787370899
4 0.4891826923076923 0.32768286450353507 0.04807692307692308 0.11085662643321907
3 0.7367788461538461 0.5341750845263034 0.07211538461538461 0.14705417041905924
8 0.7439903846153846 0.4007196674843974 0.07211538461538461 0.20474647811136693
10 0.7487980769230769 0.6651147740718447 0.057692307692307696 0.11331641325832437
12 0.8305288461538461 0.23675466298152628 0.0673076923076923 0.12058389239112198
10 0.734375 0.07024676200181044 0.05048076923076923 0.1060629192933415
10 0.6478365384615384 0.1645002280431431 0.052884615384615384 0.11088459676884857
10 0.5697115384615384 0.3320220536894317 0.05048076923076923 0.11327445775488001