6 0.334771218356788 0.7736344943821313 0.07616953642950965 0.14226046327918185
6 0.12553870348385102 0.7808312463207054 0.07860135386573336 0.14467829460084267
2 0.25702467273419977 0.6373556761519352 0.09380762669538328 0.2120698979154237
5 0.3917964255986034 0.31480056010553403 0.06459784617832053 0.18065207590164625
4 0.3060831168902812 0.2433836325257398 0.05185136206727205 0.11808215006257225
4 0.35904911992608735 0.5465968993540029 0.05911884309356562 0.12293179787370899
4 0.4781670594427992 0.3297271030699437 0.04936360206629304 0.11085662643321907
3 0.7245316347990243 0.5403091833233904 0.07625345027664238 0.1494720017407203
8 0.73329557943252 0.4069376772883733 0.07452091489985882 0.2071503242652131
10 0.7350124450374866 0.6725906476240028 0.06143877540027905 0.11573424457998545
12 0.8217500738138477 0.24277768179124443 0.06870625642657274 0.12058389239112198
10 0.7263383087083221 0.07514397480243748 0.054115351809230106 0.10607690446115631
10 0.638708967157134 0.1683905087611048 0.054171294373985344 0.11088459676884857
10 0.5586259773907014 0.33620522157635474 0.05419926565636297 0.1132884429226948