6 0.3382790880992357 0.7760062266195127 0.07860135386573329 0.1451258502668525
6 0.1289906306615434 0.7916608820325183 0.08343701745580329 0.14758563898545418
2 0.2581147106816124 0.6423418656049668 0.0986153190030756 0.2126573128335658
5 0.3868768481614006 0.3175700512290234 0.06940553848601283 0.18107165744503462
4 0.2999476307349666 0.24887946457426763 0.054255208221118206 0.1184038297507689
4 0.35893723479657685 0.5498349035401422 0.06152268924741177 0.12329543590559393
4 0.4744773763648972 0.3285683301914715 0.05176744822013919 0.11116432000685282
3 0.7232877547985349 0.5311741773368577 0.07865729643048852 0.14993354257454497
8 0.7308497763551074 0.39769078759245213 0.07932860720755112 0.20762585026685265
10 0.7373883199089553 0.6620019793860187 0.0638426215541252 0.11611186872643323
12 0.8157404584292323 0.2284565475811939 0.06873422770895023 0.12337934975272685
10 0.717896875887483 0.06495389426140309 0.054115351809230106 0.10638459898153813
10 0.631455471772029 0.16089879786273123 0.054171294373985344 0.11119229128923044
10 0.5549642655951769 0.3312370614625909 0.05419926565636283 0.11359613744307659