3 0.5626242638000344 0.38854040864044587 0.06811883204095046 0.1398146616218912
4 0.49247379526262863 0.0527229845995958 0.048706255628588865 0.1054459691991916
6 0.14958767024654832 0.7310761031060069 0.0897954029290103 0.14715206659376287
2 0.1907265669894709 0.4772395786062935 0.09254887827822635 0.2072622056077315
5 0.40580167327477706 0.2812833602092381 0.06838455022943166 0.18548773854496814
4 0.3029739162651127 0.39606042214905923 0.05351394793628117 0.1084807506150025
4 0.32924920329879226 0.21802896250238854 0.048692270460774074 0.1060489341255267
4 0.49105430072942685 0.29520996367488983 0.05349996276846652 0.10607690446115633
4 0.3768987774022146 0.49779034348526213 0.055931779257942245 0.11089858193666344
12 0.3539985043303602 0.7154642869186723 0.08018001831362571 0.14709612592250373
12 0.8073496710808452 0.05423178001329498 0.06312933255166578 0.10846356002658997
11 0.6473532488167785 0.2858874662284665 0.06353490241829499 0.1782482297478001
8 0.7406207605271681 0.36827473699138175 0.07809783101951978 0.20237060229315035
7 0.561407554200147 0.5976750240250612 0.06575694139054879 0.14701221491561503
9 0.5016766174274767 0.12207709992670754 0.056085616103904896 0.1373408896289711
9 0.6473594400455365 0.49140931979840524 0.07056463369824109 0.14704018525124446
10 0.5728060477119181 0.29112869873841746 0.05349996276846652 0.10607690446115627
10 0.7340673263080745 0.04902241480850199 0.05345800726502203 0.09804482961700398
10 0.7259327667707596 0.2073079482744856 0.05113807211806486 0.11327445775487995
10 0.7428070352247355 0.6122441438550441 0.0607954122368937 0.12054193688767748