3 0.5587909447209186 0.3986702586568177 0.06328316939762857 0.13497899897856933
4 0.4811538228841377 0.06890280279372854 0.04869227046077421 0.1060489341255267
6 0.16413523058209695 0.736506936736607 0.08495974028568838 0.14231640395044073
2 0.19754353494403476 0.4879116447468447 0.08771321563490439 0.20242654296440948
5 0.40193958250488243 0.2943958381334713 0.06356287275392457 0.1830559220554924
4 0.305248108745316 0.4080121311446644 0.05109611661462023 0.10606291929334141
4 0.32465988380252814 0.2326502358403209 0.0438845781530819 0.10602096378989713
4 0.4849491932355561 0.3080994802692356 0.048664300125144506 0.10124124181783446
4 0.3791458009019377 0.508198294147631 0.05351394793628117 0.1084807506150025
12 0.36354957259271675 0.7196388595113891 0.07295449468427233 0.1446503242652131
12 0.790006098149924 0.06348835839639141 0.058377580915232624 0.11812410556601666
11 0.6387324138265433 0.2981772233170749 0.058699239774973114 0.17341256710447822
8 0.7317350087036012 0.37684065227794455 0.0732621683761979 0.19753493964982846
7 0.5623905227229299 0.6042130899784787 0.06333911006888784 0.14459438359395393
9 0.49237670044307447 0.13867727451043357 0.0536537996144293 0.13251921215346396
9 0.6447148602306785 0.5001282705757815 0.06572897105491922 0.14220452260792257
10 0.5654500690537726 0.303760291083339 0.048692270460774074 0.1060489341255267
10 0.716681797873709 0.06185988770111705 0.04867828529295929 0.10364508797168054
10 0.7127971266417933 0.2204857635193336 0.04872024079640379 0.110856626433219
10 0.7415469870235423 0.6172742157499117 0.05836359574741797 0.11572025941217053