3 0.4528626410786689 0.390625 0.06649820924936979 0.13701923076923078
4 0.5307333733413283 0.05889423076923077 0.04933563078391542 0.10817307692307693
6 0.852379140613492 0.7415865384615384 0.08821673848111818 0.14423076923076922
2 0.8170042185281089 0.49038461538461536 0.09372371284825057 0.20432692307692307
5 0.6103416933726555 0.28966346153846156 0.06946148105076808 0.18509615384615385
4 0.7090540697987388 0.40625 0.05414332309160786 0.10817307692307693
4 0.6889553487489496 0.2283653846153846 0.0493076595015378 0.10576923076923077
4 0.5263329487587394 0.3004807692307692 0.05408738052685262 0.10336538461538461
4 0.6332918010943325 0.5060096153846154 0.0565751405278315 0.11057692307692307
12 0.6502183077902053 0.7211538461538461 0.07862932514811104 0.1466346153846154
12 0.21939333949468498 0.055288461538461536 0.06859437129706226 0.11057692307692307
11 0.37113102978258566 0.28725961538461536 0.06456987489594304 0.1778846153846154
8 0.2770881733829348 0.36538461538461536 0.07924469336041834 0.19951923076923078
7 0.44927254161971647 0.5985576923076923 0.06661009437888027 0.1466346153846154
9 0.519539295402237 0.12980769230769232 0.05685485335160756 0.1346153846153846
9 0.36509512724622073 0.49158653846153844 0.0689859692503488 0.14423076923076922
10 0.44573417439894925 0.29447115384615385 0.05171150565538395 0.10576923076923077
10 0.29505855077608356 0.05048076923076923 0.05646325539832102 0.10096153846153846
10 0.29568874669489376 0.20793269230769232 0.04936360206629304 0.11057692307692307
10 0.2678940421338423 0.6081730769230769 0.06146674668265666 0.11778846153846154