3 0.43990384615384615 0.384459945059123 0.0625 0.13978669128626164
4 0.5168269230769231 0.05145113568359874 0.04807692307692308 0.10290227136719748
6 0.8425480769230769 0.7282712756039907 0.08653846153846154 0.1447342352721018
2 0.8064903846153846 0.4748752838904435 0.0889423076923077 0.20484437428607058
5 0.5973557692307693 0.27897660887494613 0.06490384615384616 0.18547375337715336
4 0.6971153846153846 0.3937808397952475 0.05048076923076923 0.10846676544718771
4 0.6766826923076923 0.21481317526013477 0.04567307692307692 0.10603494895771184
4 0.5132211538461539 0.29148532051769477 0.05048076923076923 0.10606291929334148
4 0.6225961538461539 0.4951759184590446 0.052884615384615384 0.11088459676884864
12 0.640625 0.7114171835465876 0.07451923076923077 0.14466430943302774
12 0.203125 0.05238114934328271 0.06009615384615385 0.10476229868656542
11 0.35697115384615385 0.2815770487333488 0.06009615384615385 0.17823424457998532
8 0.26322115384615385 0.36265131643197207 0.07211538461538461 0.19753493964982846
7 0.4375 0.5936085456115532 0.0625 0.1469982297478001
9 0.5048076923076923 0.1196592686050466 0.052884615384615384 0.13492305830731016
9 0.35216346153846156 0.48713386522282465 0.06490384615384616 0.14460836876176872
10 0.43149038461538464 0.2871531239157056 0.04807692307692308 0.1060489341255267
10 0.2776442307692308 0.04734270176664626 0.05048076923076923 0.09468540353329252
10 0.28125 0.20389258151951495 0.04807692307692308 0.110856626433219
10 0.2548076923076923 0.6054887260577855 0.057692307692307696 0.12052795171986283