3 0.4424721517407018 0.3938358030162266 0.06409436309552365 0.13774648411104862
4 0.5220673281961543 0.060022015313639626 0.0493076595015378 0.10632865641678292
6 0.8387126429760886 0.7329285845003549 0.08581289232727175 0.1452097641139855
2 0.8055779496768563 0.48214623065909595 0.09129189541202666 0.20295801437104843
5 0.6011408256010508 0.2874363763281856 0.0670296636145443 0.18344753231650307
4 0.6983558963546179 0.40167416913531906 0.05171150565538395 0.10635662769916052
4 0.6787911558659455 0.22404129529210215 0.04690381334769164 0.10630068513440527
4 0.5168523681633586 0.30163652505755567 0.05168353437300633 0.10395278154531436
4 0.6226618717255277 0.5035028173505633 0.054171294373985344 0.11119229128923044
12 0.636985365029655 0.718451249143151 0.07619750771188741 0.14509787898447504
12 0.21083917947902137 0.05904023793639917 0.06149471796503422 0.11808047587279834
11 0.36193016201098094 0.29262336507860365 0.06216602874209688 0.17858389744405562
8 0.2672571096925198 0.3730411681682534 0.07440902977034848 0.19795452308671294
7 0.43644686658426946 0.6018104522474853 0.06417827694265636 0.14495802257258708
9 0.5104248676737071 0.1310613476228004 0.05445100719776141 0.13523075282769198
9 0.35354298762426883 0.49702021636147076 0.06658212309650252 0.1449859938549647
10 0.43517754149734456 0.29777985635070203 0.0493076595015378 0.1063286564167829
10 0.28418445845370666 0.05437771073056122 0.0493076595015378 0.10632865641678291
10 0.2871180748420992 0.21537946047349832 0.04936360206629304 0.1111363487244752
10 0.25601854863391993 0.6159275291950366 0.05906290052881044 0.11845977231552414