3 0.5599177087719556 0.39137517223231116 0.06893002668559357 0.14020627282965
4 0.4850742820594402 0.05445994044706596 0.04933563078391528 0.10873250257062907
6 0.15401987599761777 0.736288506646924 0.09064855591734175 0.1476695528325869
2 0.19073236724524173 0.48222121125692424 0.09375168413062812 0.20779367796111822
5 0.402422986706152 0.2862221517407018 0.06946148105076808 0.1858793497527268
4 0.30157417543943804 0.4003917004725193 0.05414332309160773 0.10878844513538428
4 0.32352877644076783 0.2210254491872048 0.0493076595015378 0.1063286564167829
4 0.4867254297850331 0.29966623378056245 0.054115351809230106 0.10638459898153813
4 0.37729617135090593 0.5028899753341981 0.0565751405278315 0.11122026257160805
12 0.3581789713802752 0.7194878707217505 0.0810331713019572 0.14755766770307643
12 0.800006099495664 0.05564172712751987 0.06865031386181751 0.11128345425503974
11 0.6440794533736345 0.2894206532463676 0.06456987489594304 0.17861186872643323
8 0.7387664913332844 0.3688586193874871 0.07927266464279589 0.20281815795916033
7 0.5611632729030731 0.6017256963350385 0.06661009437888027 0.14738984000881084
9 0.495528805146153 0.12646343993294012 0.05688282463398518 0.13766257026391576
9 0.647672921093843 0.49493551375902495 0.07141778668657259 0.14744578257356594
10 0.5696161651691589 0.2950954553077658 0.054115351809230106 0.10638459898153813
10 0.7254169405204891 0.05062467123465253 0.054115351809230106 0.10124934246930506
10 0.7212953866963622 0.2103865865690954 0.051795419502516676 0.11356816616069897
10 0.7440234082896465 0.6140229557974173 0.061494717965034015 0.12089158975174791