3 0.4409395499272905 0.37951062558147125 0.06811883204095046 0.14020627282964987
4 0.5207403659996179 0.05001056612031623 0.05349996276846652 0.10002113224063246
6 0.8420408237184346 0.7294347003990962 0.08979540292901032 0.1476695528325869
2 0.8081064728531431 0.4750046204035015 0.09254887827822628 0.20779367796111822
5 0.600200949525931 0.27548707376489884 0.06838455022943166 0.1858793497527268
4 0.6994439150565482 0.39212871272587846 0.05351394793628117 0.10878844513538428
4 0.6803731739004998 0.21325195888217208 0.04869227046077421 0.1063286564167829
4 0.5161362599803895 0.2884852994173459 0.05349996276846652 0.10638459898153813
4 0.6231082151816927 0.4939853322235004 0.055931779257942245 0.11122026257160805
12 0.6387899572081014 0.7101636583753886 0.08018001831362571 0.14755766770307643
12 0.20822638083180303 0.049459817423986564 0.06549122320206759 0.09891963484797313
11 0.35860741848048505 0.2770962645669253 0.06353490241829499 0.17861186872643323
8 0.2629080902806198 0.3563401158620296 0.07809783101951978 0.20281815795916033
7 0.4361536367264698 0.5899170922489538 0.06575694139054879 0.14738984000881084
9 0.5091197125131087 0.11547830454636679 0.05608561610390503 0.13766257026391576
9 0.3513896887901886 0.4827230102090931 0.07056463369824109 0.14744578257356594
10 0.43316860475316016 0.2834406932747579 0.05349996276846652 0.10638459898153813
10 0.2839265569262347 0.04539252203398681 0.058237729237084764 0.09078504406797362
10 0.2836196845894586 0.197434528166785 0.051138072118064655 0.11356816616069897
10 0.25230835404459084 0.6004703568893023 0.0607954122368937 0.12089158975174777