3 0.4481790587244585 0.3894230769230769 0.0657149858871043 0.13942307692307693
4 0.5279658896289712 0.055288461538461536 0.048706255628588865 0.10817307692307693
6 0.8468694937778489 0.7427884615384616 0.0897814177611954 0.14423076923076922
2 0.812942135496465 0.4891826923076923 0.09254887827822628 0.20673076923076922
5 0.6062385352461759 0.28725961538461536 0.06838455022943166 0.18509615384615385
4 0.7042795776998703 0.4050480769230769 0.05351394793628117 0.10817307692307693
4 0.6864177522046522 0.22716346153846154 0.04869227046077421 0.10576923076923077
4 0.5221738457006345 0.29927884615384615 0.053499962768466386 0.10576923076923077
4 0.6291388083180304 0.5048076923076923 0.055931779257942245 0.11057692307692307
12 0.644820550344439 0.7211538461538461 0.07777617215977956 0.1466346153846154
12 0.2142569739681406 0.054086538461538464 0.06793702485935817 0.10817307692307693
11 0.3658469272776531 0.2860576923076923 0.06353490241829499 0.1778846153846154
8 0.2713495221547109 0.3641826923076923 0.078083845851705 0.19951923076923078
7 0.4433861529397305 0.5985576923076923 0.06575694139054879 0.1466346153846154
9 0.5151572982333538 0.12620192307692307 0.056071630936090106 0.1346153846153846
9 0.35862220500344927 0.49038461538461536 0.06814680237658016 0.14423076923076922
10 0.4404081135503282 0.2932692307692308 0.051096116614620365 0.10576923076923077
10 0.28995015747866487 0.04927884615384615 0.05586185341886818 0.0985576923076923
10 0.29085919338662664 0.20552884615384615 0.0511240869502498 0.11057692307692307
10 0.2595408702578515 0.6069711538461539 0.0607954122368937 0.1201923076923077