3 0.5599037231307668 0.3934040416193974 0.06406639181314602 0.13497899897856933
4 0.48032253231650307 0.06211380517479426 0.0493076595015378 0.1060489341255267
6 0.16605309240803734 0.7382666638158232 0.0857849210448942 0.14231640395044073
2 0.1979858626303466 0.4868619558055855 0.0888880492581805 0.20242654296440962
5 0.40245095798852965 0.2909476929119746 0.06462581746069815 0.1830559220554924
4 0.30522190159377366 0.4057037771000735 0.05171150565538395 0.10606291929334155
4 0.32480062772363494 0.22889521828204806 0.04449996719384549 0.10602096378989706
4 0.4867254297850331 0.30247744280768746 0.04927968821916018 0.10364508797168054
4 0.38090194058167515 0.5050298522824301 0.054171294373985344 0.11088459676884864
12 0.36536253855943607 0.7190770487333489 0.07619750771188713 0.14466430943302774
12 0.790348757956713 0.05668457425449292 0.0614667466826568 0.11336914850898584
11 0.6404457128604876 0.2907650843752328 0.059734211305872975 0.17581641325832437
8 0.7351187651789487 0.3695465859073788 0.0744090297703486 0.19753493964982846
7 0.5659150226460101 0.6001138330984445 0.06417827694265636 0.14459438359395393
9 0.4919510071977614 0.13176241038116612 0.05445100719776141 0.1349230583073101
9 0.6476169785290877 0.4938621140396032 0.06658212309650278 0.14460836876176872
10 0.567198333374124 0.2972012473781995 0.0493076595015378 0.1060489341255267
10 0.7170034789820275 0.05232280460657526 0.04927968821916004 0.10364508797168054
10 0.7152578000293693 0.2121995515890667 0.04936360206629304 0.110856626433219
10 0.7451414175194367 0.6110911688654729 0.05906290052881037 0.11812410556601668