3 0.5588942307692307 0.38822115384615385 0.06490384615384616 0.13942307692307693
4 0.48677884615384615 0.054086538461538464 0.052884615384615384 0.10817307692307693
6 0.1502403846153846 0.7271634615384616 0.0889423076923077 0.14423076923076922
2 0.18990384615384615 0.47475961538461536 0.09134615384615384 0.20673076923076922
5 0.4026442307692308 0.28125 0.0673076923076923 0.18509615384615385
4 0.3016826923076923 0.3942307692307692 0.052884615384615384 0.10817307692307693
4 0.3245192307692308 0.21634615384615385 0.04807692307692308 0.10576923076923077
4 0.48677884615384615 0.2956730769230769 0.052884615384615384 0.10576923076923077
4 0.3737980769230769 0.4963942307692308 0.055288461538461536 0.11057692307692307
12 0.35216346153846156 0.7127403846153846 0.07692307692307693 0.1466346153846154
12 0.8004807692307693 0.057692307692307696 0.0625 0.10576923076923077
11 0.6430288461538461 0.28725961538461536 0.0625 0.1778846153846154
8 0.7355769230769231 0.36778846153846156 0.07692307692307693 0.19951923076923078
7 0.5576923076923077 0.5973557692307693 0.06490384615384616 0.1466346153846154
9 0.49759615384615385 0.12379807692307693 0.055288461538461536 0.1346153846153846
9 0.6442307692307693 0.49158653846153844 0.0673076923076923 0.14423076923076922
10 0.5685096153846154 0.2920673076923077 0.05048076923076923 0.10576923076923077
10 0.7271634615384616 0.052884615384615384 0.055288461538461536 0.0985576923076923
10 0.7199519230769231 0.2091346153846154 0.05048076923076923 0.11057692307692307
10 0.7391826923076923 0.6117788461538461 0.06009615384615385 0.1201923076923077