2 0.22770968443838802 0.29916616345617836 0.08296146399847129 0.2120139572441646
1 0.3963627059673763 0.1575552091252352 0.05853141776119541 0.14456641325832437
6 0.4259492723525649 0.07805347145062716 0.05604366060046054 0.13012935116743263
6 0.49375343811768246 0.16299842521335134 0.05844750675430669 0.13014333633524744
4 0.310901102350654 0.34315482901272176 0.04873422596421843 0.11326047258706523
4 0.2570119589488216 0.790598865071754 0.06319925839073985 0.1205559220554924
4 0.3901728861114674 0.5398156956741255 0.05601569026483096 0.12532165885974023
4 0.4570198692364208 0.6668349497130647 0.063255199061999 0.130171306670877
4 0.5803618254952181 0.17451418994124943 0.04869227046077421 0.1060489341255267
3 0.5579588272359383 0.24916627980472078 0.06811883204095046 0.1398146616218912
3 0.7561658562960265 0.6422572578585842 0.08262581997091609 0.15432164955185684
8 0.8377280021578687 0.4061978464920505 0.08293349366284165 0.20720626493647237
7 0.8157919043100856 0.14790325888001477 0.07295449468427233 0.14465032426521315
7 0.6443232755318642 0.4253524986549878 0.06818875788002451 0.15183389239112197
12 0.8022490916041917 0.0926917157645346 0.06809086170532087 0.13500696931419892
11 0.6547202268345786 0.14643641896975998 0.07317825736930918 0.1831118627267516
9 0.7690591600536819 0.7924277166348948 0.08030588482395892 0.16873074130711913
10 0.7257106067960215 0.1592450103653773 0.05355590343972567 0.11569228907654096
10 0.742363516630409 0.33583679908227343 0.05830765507615883 0.1061048747967859
10 0.7417419780178001 0.4356034070507962 0.06797898036280259 0.11577620008342968
10 0.6451693781846595 0.5707851909626801 0.063255199061999 0.130171306670877