2 0.7687055240825649 0.2923927537153577 0.08296146399847124 0.21201395724416466
1 0.6000525025535767 0.15275370804630087 0.058517432593380755 0.14216256710447822
6 0.5716678592453112 0.07359460698315536 0.05363981444661438 0.13011536599961782
6 0.5026617704032705 0.1593297227274155 0.05844750675430669 0.13014333633524744
4 0.6855210987542063 0.33614447277419895 0.04873422596421871 0.11326047258706523
4 0.7394172347399461 0.7817292828690128 0.06319925839073985 0.1205559220554924
4 0.6062563075773004 0.5325124522666413 0.05601569026483096 0.12532165885974023
4 0.5394093244523469 0.6603008905353944 0.063255199061999 0.130171306670877
4 0.41725530610265804 0.17184542695407157 0.048692270460774074 0.1060489341255267
3 0.43966529694584516 0.24502987555213868 0.06811883204095046 0.1398146616218912
3 0.2426671835465875 0.6391915202989834 0.08261183480310144 0.1519178033980107
8 0.16109804510083786 0.40529900858859386 0.08293349366284172 0.20720626493647223
7 0.183020157780806 0.14917051927755268 0.0729544946842724 0.14465032426521313
7 0.3533008486499192 0.4222090413172563 0.06817477271220973 0.14943004623727582
12 0.19656297048670016 0.09380513931610976 0.06809086170532094 0.1350069693141989
11 0.3440988278402205 0.1446277438031921 0.07317825736930918 0.1831118627267516
9 0.22978087237283934 0.7882999076765189 0.07788805350229785 0.16631290998545806
10 0.2731014552948702 0.15946338317680553 0.05355590343972567 0.11569228907654096
10 0.25646253062829744 0.3338331329214478 0.05830765507615869 0.1061048747967859
10 0.25708406924090643 0.43358575572215585 0.06797898036280252 0.11577620008342968
10 0.3524617385810314 0.5664398105480255 0.06324121389418422 0.12776746051703086