2 0.767489615837827 0.29927884615384615 0.08296146399847124 0.21153846153846154
1 0.5988365943088388 0.15865384615384615 0.058517432593380755 0.14182692307692307
6 0.5704519510005732 0.07932692307692307 0.05363981444661438 0.12980769230769232
6 0.5014458621585326 0.16466346153846154 0.05844750675430669 0.12980769230769232
4 0.6843051905094684 0.3425480769230769 0.04873422596421871 0.11298076923076923
4 0.7370063960021926 0.7872596153846154 0.06319925839073985 0.1201923076923077
4 0.6050403993325625 0.5384615384615384 0.05601569026483096 0.125
4 0.5381934162076091 0.6658653846153846 0.063255199061999 0.12980769230769232
4 0.41603939785792016 0.17668269230769232 0.04869227046077421 0.10576923076923077
3 0.4384493887011073 0.25 0.06811883204095046 0.13942307692307693
3 0.2414512753018496 0.6430288461538461 0.08261183480310144 0.15144230769230768
8 0.15988213685609998 0.40865384615384615 0.08293349366284172 0.20673076923076922
7 0.1818112421199755 0.15144230769230768 0.0729544946842724 0.14423076923076922
7 0.3520919329890887 0.4254807692307692 0.06817477271220973 0.14903846153846154
12 0.19535405482586968 0.09615384615384616 0.06809086170532087 0.1346153846153846
11 0.34288991217939 0.14783653846153846 0.07317825736930918 0.18269230769230768
9 0.22856496412810148 0.7920673076923077 0.07788805350229785 0.1658653846153846
10 0.2718925396340397 0.1622596153846154 0.05355590343972567 0.11538461538461539
10 0.25524662238355955 0.33774038461538464 0.05830765507615869 0.10576923076923077
10 0.25586816099616855 0.4375 0.06797898036280259 0.11538461538461539
10 0.35124583033629353 0.5709134615384616 0.06324121389418422 0.12740384615384615