2 0.2145840227014895 0.30414328048794703 0.0853792953201323 0.21443178856582554
1 0.3872911401864698 0.16211437383285887 0.05853141776119541 0.14456641325832437
6 0.4178077202313425 0.08176034227669768 0.05604366060046054 0.13012935116743263
6 0.48581386957462525 0.16869738109788088 0.06085135290815284 0.13015732150306222
4 0.29845991248153114 0.3491039152076188 0.048748211132033356 0.11566431874091138
4 0.23934031631696479 0.8006983406870481 0.0656170897124008 0.1229737533771532
4 0.3766330592137335 0.5478827334378148 0.058419536418677115 0.12533564402755515
4 0.44319254504333416 0.6768800873673982 0.063255199061999 0.130171306670877
4 0.5734843283509358 0.18122707049235176 0.04869227046077421 0.1060489341255267
3 0.5490123266102156 0.2556064495834346 0.06811883204095046 0.1398146616218912
3 0.745008096445267 0.6557986874666167 0.08262581997091609 0.15432164955185684
8 0.8305272434435473 0.4183073991093655 0.08294747883065658 0.20961011109031838
7 0.8116119418437605 0.15737121749063196 0.07296847985208697 0.14705417041905924
7 0.6345088931464749 0.4351964540863057 0.07060658920168532 0.15425172371278292
12 0.7987124468573469 0.10200583752918907 0.06810484687313553 0.13741081546804507
11 0.6481643885500368 0.15401637992537967 0.07319224253712384 0.18551570888059776
9 0.7561462616421656 0.8073109209979984 0.08030588482395892 0.16873074130711913
10 0.7189939390816095 0.1688520192989931 0.05355590343972567 0.11569228907654089
10 0.7347859597402375 0.34683453085831206 0.05830765507615883 0.1061048747967859
10 0.7329966596150932 0.4477890767359431 0.06799296553061723 0.11818004623727582
10 0.6336557979097722 0.581831069470921 0.063255199061999 0.130171306670877