2 0.7634284122680437 0.2920673076923077 0.08899993438769098 0.21153846153846154
1 0.5931477753635673 0.15504807692307693 0.061746459506432726 0.14182692307692307
6 0.5640227507589516 0.07572115384615384 0.05679891078685232 0.12980769230769232
6 0.4957080922856653 0.1622596153846154 0.061606603094544625 0.12980769230769232
4 0.6811801743132887 0.33653846153846156 0.051795419502516676 0.11298076923076923
4 0.7397074101503545 0.78125 0.06630241027272632 0.1201923076923077
4 0.6043672983890942 0.5336538461538461 0.05914681437594337 0.125
4 0.5379669886280461 0.6622596153846154 0.06641429540223694 0.12980769230769232
4 0.41021771177105004 0.17548076923076922 0.05171150565538395 0.10576923076923077
3 0.43340304919699457 0.24879807692307693 0.06893002668559343 0.13942307692307693
3 0.24128778760468939 0.6454326923076923 0.08592477745678223 0.15384615384615385
8 0.15746254045685573 0.41225961538461536 0.08656811695146721 0.2091346153846154
7 0.1760664820300709 0.15625 0.07622547899426482 0.1466346153846154
7 0.3496024050702824 0.4266826923076923 0.07387757540517384 0.15144230769230768
12 0.18874303793517544 0.09975961538461539 0.06890205540321595 0.13701923076923078
11 0.337208088184896 0.14903846153846154 0.07667301951230653 0.18509615384615385
9 0.2299381834818931 0.7944711538461539 0.0836887589972018 0.16826923076923078
10 0.26611281331098 0.16466346153846154 0.056631083092586736 0.11538461538461539
10 0.2520516789281839 0.3401442307692308 0.06132689027076857 0.10576923076923077
10 0.2533087025045482 0.4387019230769231 0.07108213129804121 0.11778846153846154
10 0.3503279742814721 0.5709134615384616 0.06638632411985931 0.12740384615384615