2 0.21968872209027793 0.28725961538461536 0.08662405951622244 0.21394230769230768
1 0.3899134164299991 0.14543269230769232 0.05937058463496419 0.14423076923076922
6 0.41902445539342614 0.06490384615384616 0.05920275694069847 0.12980769230769232
6 0.4897289743793697 0.1502403846153846 0.061606603094544625 0.12980769230769232
4 0.3055427292758021 0.3317307692307692 0.04941954463104828 0.11538461538461539
4 0.25310902267048463 0.7836538461538461 0.06633038155510415 0.12259615384615384
4 0.3859753600719547 0.5300480769230769 0.059146814375943234 0.125
4 0.454779515986849 0.6586538461538461 0.06401044924839092 0.12980769230769232
4 0.5764212779709081 0.16346153846153846 0.0493076595015378 0.10576923076923077
3 0.5532499261861523 0.23798076923076922 0.06893002668559357 0.13942307692307693
3 0.7561964811119541 0.6358173076923077 0.08352093130293635 0.15384615384615385
8 0.8387778482592982 0.39903846153846156 0.08416427079762119 0.2091346153846154
7 0.8141083487367126 0.13822115384615385 0.07382163284041846 0.1466346153846154
7 0.6418582626205568 0.41586538461538464 0.0715017005337053 0.15384615384615385
12 0.8002298697546848 0.08173076923076923 0.06890205540321595 0.13701923076923078
11 0.6506048533516076 0.1346153846153846 0.07426917335846038 0.18509615384615385
9 0.7699779026709741 0.7872596153846154 0.08128491284335564 0.16826923076923078
10 0.7228880656612577 0.14903846153846154 0.05422723693874058 0.11538461538461539
10 0.7405829405572008 0.3269230769230769 0.05892304411692241 0.10576923076923077
10 0.7405558113401371 0.42788461538461536 0.068678285144195 0.11778846153846154
10 0.644766433922514 0.5625 0.06401044924839064 0.12980769230769232