2 0.22178157599521317 0.3065890821452376 0.08778314147397846 0.2144457737336404
1 0.3920918399102548 0.16334426724541154 0.06333911006888772 0.14459438359395393
6 0.42021156638518864 0.08177432744451246 0.05844750675430669 0.13014333633524744
6 0.48942663138930176 0.16751643577268002 0.063255199061999 0.130171306670877
4 0.3068663814360853 0.3503547863718936 0.05115205728587951 0.11567830390872604
4 0.2549653163169648 0.8007892442778441 0.0656170897124008 0.1229737533771532
4 0.3886592825668717 0.5467507361999657 0.058419536418677115 0.12533564402755515
4 0.4552257609803797 0.6745461670526262 0.06565904521584515 0.13018529183869168
4 0.5771040827495197 0.17884420209022778 0.05111010178243502 0.10846676544718764
3 0.5538340040857227 0.25323057376521796 0.0705226781947966 0.139828646789706
3 0.7558743522249265 0.6474481591833219 0.08502966612476225 0.15433563471967177
8 0.8377877299924374 0.4099358930743483 0.0877691563061638 0.21204192757979426
7 0.8128558204241279 0.15016667161300093 0.07777617215977956 0.1470821407546889
7 0.6429503250205659 0.4304377098659652 0.07301043535553148 0.1542657088805977
12 0.799949332853807 0.09600321472848107 0.0681048468731358 0.13741081546804507
11 0.6505892124556051 0.15042459586242524 0.07559608869097026 0.18552969404841252
9 0.7694163635756712 0.7989743778825182 0.08270973097780508 0.16874472647493377
10 0.7226276786480083 0.164065304743023 0.05595974959357182 0.11570627424435574
10 0.7408375306282975 0.3396579553163106 0.06071150123000498 0.1061188599646007
10 0.7402571461639835 0.43941757070092596 0.07039681168446339 0.1181940314050906
10 0.6445010759377094 0.5770863104183953 0.06565904521584515 0.13018529183869168