2 0.23013450834395635 0.30275794751913276 0.08778314147397846 0.21444577373364032
1 0.3975646290442994 0.1575482165413278 0.06333911006888772 0.14459438359395393
6 0.42474035669173443 0.0768585409576115 0.05844750675430669 0.1301433363352474
6 0.49494836861069824 0.16178950955252086 0.06085135290815284 0.13015732150306222
4 0.31572277982616115 0.3455307048309383 0.051138072118064724 0.11327445775488001
4 0.26904517488586716 0.7929327853865262 0.0656170897124008 0.1229737533771532
4 0.3985933402338363 0.5409686706636967 0.058419536418677115 0.12533564402755515
4 0.46663525385180543 0.6667790090418055 0.06565904521584515 0.13018529183869168
4 0.5815497634043263 0.1721033512034959 0.05109611661462023 0.10606291929334148
3 0.5591467651450466 0.24675544106696723 0.0705226781947966 0.139828646789706
3 0.7657462779918739 0.6361917018027096 0.08502966612476225 0.15433563471967177
8 0.8436956620390397 0.3989513451109751 0.08775517113834888 0.2096380814259481
7 0.8169518718835644 0.1406847278345689 0.07537232600593341 0.14706815558687408
7 0.6503119131647573 0.42171176650468156 0.07299645018771682 0.15186186272675156
12 0.8022141286846546 0.0866821003799192 0.0681048468731358 0.1374108154680451
11 0.6546992490828565 0.14283064973899073 0.07559608869097026 0.18552969404841255
9 0.7798415048264526 0.7863551679951127 0.08270973097780508 0.16874472647493377
10 0.725682636460392 0.15443731805768499 0.05595974959357182 0.11570627424435574
10 0.7471362460185644 0.3297992133620285 0.06071150123000498 0.1061188599646007
10 0.7477166304828784 0.42955882874664386 0.07039681168446339 0.1181940314050906
10 0.6535618619713989 0.567130473644559 0.06565904521584542 0.13018529183869168