2 0.7651137400196105 0.2989324223790739 0.0877691563061638 0.21204192757979426
1 0.5940358945850539 0.1609132521110852 0.060921278747226776 0.142176552272293
6 0.5632474051229421 0.08140452185256979 0.05604366060046054 0.13012935116743263
6 0.49663816985084025 0.16755839127612443 0.06085135290815284 0.13015732150306222
4 0.6819223221073444 0.34292108793561726 0.05113807211806486 0.11327445775488001
4 0.7430439817224376 0.7868013102673247 0.06560310454458601 0.12056990722330706
4 0.6074582306542234 0.5396099249326506 0.058419536418677115 0.12533564402755515
4 0.5418061780222857 0.6678380946324203 0.06565904521584515 0.13018529183869193
4 0.4112247129663204 0.18028307166485297 0.051096116614620365 0.10606291929334148
3 0.43483662688643077 0.2537402310353087 0.06811883204095046 0.1398146616218912
3 0.24502907419698927 0.6492840033303698 0.08502966612476238 0.15433563471967177
8 0.15864525085963993 0.4156004677820529 0.08535132498450267 0.2096240962581333
7 0.17696858689274622 0.158486825495218 0.07537232600593334 0.14706815558687403
7 0.35207794782127394 0.42994742763729793 0.07299645018771682 0.15186186272675156
12 0.18931646910562472 0.10206636671890738 0.06810484687313566 0.13741081546804507
11 0.3368663116269598 0.15220530069336352 0.07559608869097012 0.18552969404841252
9 0.2345466091770873 0.7982665241975723 0.08270973097780494 0.16874472647493377
10 0.2670638695746252 0.16742473082673442 0.05595974959357175 0.11570627424435567
10 0.2528148058940838 0.34403050471144536 0.06071150123000484 0.1061188599646007
10 0.2546382675836159 0.44380410526387554 0.07039681168446353 0.1181940314050906
10 0.3536356913223249 0.575394105112805 0.06564506004803036 0.1277814456848455