2 0.770964930039804 0.28912611271608873 0.0829614639984715 0.2124894851393002
1 0.6006756438764845 0.15047308812371002 0.058517432593380755 0.1424982338539857
6 0.5713679794924424 0.07148182043531826 0.05363981444661438 0.13042306051999966
6 0.5033548375652523 0.15761554044461853 0.05844750675430669 0.1304790030847549
4 0.688283970752778 0.333360352727347 0.04873422596421843 0.11354019487832136
4 0.7461666809208842 0.7786304747711235 0.06319925839073985 0.12091956103412553
4 0.6112987619296839 0.5301828809430807 0.05601569026483096 0.12564333949468498
4 0.5459342065930989 0.6583559373623111 0.063255199061999 0.13053494564951015
4 0.41808822494278786 0.17062775173825437 0.048692270460774074 0.1063286564167829
3 0.44135131102267755 0.24367933224797478 0.06811883204095046 0.14020627282965
3 0.2489263474988584 0.6389738522744073 0.08261183480310144 0.1523933312931465
8 0.1646301013292234 0.4055638615164346 0.08293349366284172 0.2076817928316079
7 0.18357337326463988 0.14931649023160953 0.0729544946842724 0.14506990770209743
7 0.35704268239552667 0.4213550050800722 0.06817477271220973 0.14982165744503462
12 0.1964728682510534 0.09387418664007113 0.06809086170532087 0.13539858052195763
11 0.34461008782061 0.1438366450815406 0.07317825736930918 0.1835314461636359
9 0.23777419713414497 0.7881521702247567 0.07788805350229785 0.1667604656514679
10 0.27378053728903723 0.15908487483475695 0.05355590343972567 0.11599998359692275
10 0.2591764545395173 0.3347474574009806 0.05830765507615869 0.10644054154629337
10 0.2609517694968471 0.4332911640674841 0.06797898036280252 0.11616781129118846
10 0.3578817924644145 0.5655857743108414 0.06324121389418422 0.12813109949566398