9 0.5431129898578198 0.6434529897067491 0.07306637602679075 0.16388109349598232
8 0.8288086705126262 0.29084120144306475 0.08294747883065631 0.20961011109031846
11 0.6458164830674498 0.13686298985781972 0.06595273373995579 0.18066606106946104
7 0.5551889626534591 0.4270439026054288 0.07055064853042617 0.14463633909739831
12 0.5664056489836379 0.15174757731878494 0.06324121389418422 0.12776746051703086
10 0.552198540806541 0.3212956495879202 0.05590380892231268 0.10609088962897112
10 0.7177990085885939 0.1592799732849143 0.06797898036280259 0.11577620008342968
10 0.7348349078275894 0.32984816144938023 0.05594576442575717 0.11330242809050958
10 0.6421671556229372 0.5575430593648041 0.056029675432645615 0.12772550501358637
6 0.7207622614550319 0.06470335547976117 0.06567303038366007 0.12940671095952233
3 0.7498787220081261 0.6362406498900613 0.08268176064217524 0.16393703416724145
1 0.48182350822894904 0.22916013511537975 0.05373771062131802 0.1469422890765409
2 0.22059363808610488 0.3015909873617467 0.08771321563490439 0.20242654296440962
4 0.3069013443556222 0.3407509828588756 0.05115205728587951 0.11567830390872604
4 0.45406579340690106 0.6619992870697428 0.05601569026483096 0.12532165885974023
4 0.38627641416474773 0.5385997874293876 0.05598771992920139 0.12051396655204791