9 0.4495192307692308 0.6468459956121362 0.07211538461538461 0.16628493964982846
8 0.14783653846153846 0.29773508782061 0.08413461538461539 0.21202794241197948
11 0.33052884615384615 0.13293257595914992 0.0673076923076923 0.18308389239112197
7 0.43028846153846156 0.4267821911926947 0.07211538461538461 0.14705417041905924
12 0.4110576923076923 0.14542030985017634 0.06490384615384616 0.13018529183869182
10 0.43028846153846156 0.3186091142696178 0.057692307692307696 0.10850872095063206
10 0.25721153846153844 0.15774641295618325 0.0673076923076923 0.11818004623727582
10 0.24639423076923078 0.3331642489317858 0.055288461538461536 0.1157062742443556
10 0.34615384615384615 0.5609080949345615 0.057692307692307696 0.13014333633524744
6 0.25240384615384615 0.06757421185132287 0.06490384615384616 0.12297375337715334
3 0.23798076923076922 0.6480191469982801 0.08413461538461539 0.1687587116427487
1 0.4987980769230769 0.22165192232157027 0.055288461538461536 0.15176396655204805
2 0.7680288461538461 0.28571826111682747 0.0889423076923077 0.20724822043991672
4 0.6814903846153846 0.3284840258447256 0.052884615384615384 0.1180961352303871
4 0.5408653846153846 0.6605985858352523 0.055288461538461536 0.12772550501358637
4 0.6069711538461539 0.5335793317963131 0.055288461538461536 0.12291781270589407