9 0.5564903846153846 0.6426606432722023 0.06971153846153846 0.16386710832816767
8 0.8521634615384616 0.29221735737496074 0.07932692307692307 0.21199997207634974
11 0.6670673076923077 0.128880884068606 0.0625 0.1830559220554924
7 0.5709134615384616 0.42279263120216803 0.06971153846153846 0.14704018525124446
12 0.5853365384615384 0.1416265422090568 0.0625 0.130171306670877
10 0.5697115384615384 0.3146125616951837 0.055288461538461536 0.10849473578281728
10 0.7403846153846154 0.15454781630234196 0.0673076923076923 0.11818004623727582
10 0.7548076923076923 0.3277086503861538 0.052884615384615384 0.11569228907654096
10 0.6586538461538461 0.5579184744427927 0.055288461538461536 0.13012935116743252
6 0.7439903846153846 0.06442456328483336 0.06490384615384616 0.1205699072233072
3 0.7680288461538461 0.6426894149629814 0.08173076923076923 0.16634088032108763
1 0.4987980769230769 0.21924807616772413 0.052884615384615384 0.14934613523038703
2 0.23076923076923078 0.28499642226406663 0.08653846153846154 0.20723423527210189
4 0.31850961538461536 0.32757418858161436 0.05048076923076923 0.11567830390872616
4 0.4651442307692308 0.6589561299721631 0.052884615384615384 0.12771151984577173
4 0.39663461538461536 0.5311537065355952 0.052884615384615384 0.12049998138423326