9 0.5444711538461539 0.6601816493046819 0.07211538461538461 0.1643006769328668
8 0.8413461538461539 0.32108802575523954 0.08173076923076923 0.21008563898545404
11 0.6622596153846154 0.15554262675656932 0.06490384615384616 0.18104368616265692
7 0.5637019230769231 0.4428573426406258 0.07211538461538461 0.1474737538559437
12 0.5817307692307693 0.1666248195661502 0.0625 0.12813109949566398
10 0.5625 0.3370741262302063 0.057692307692307696 0.10884438770013952
10 0.734375 0.18162214984328212 0.0673076923076923 0.11857165744503455
10 0.7451923076923077 0.35482494369090445 0.055288461538461536 0.11362410872545421
10 0.6466346153846154 0.578437736498038 0.057692307692307696 0.12807515693090876
6 0.7391826923076923 0.0855242462541912 0.06490384615384616 0.13296676308573385
3 0.7524038461538461 0.665005011384191 0.08173076923076923 0.1668164082162234
1 0.4951923076923077 0.2413390072467102 0.052884615384615384 0.1496538297507689
2 0.23076923076923078 0.2995602431082503 0.08653846153846154 0.20533388924251691
4 0.31490384615384615 0.34260654568377424 0.052884615384615384 0.11599998359692275
4 0.4543269230769231 0.6723538800616755 0.055288461538461536 0.128047185648531
4 0.38822115384615385 0.5453827467193683 0.055288461538461536 0.12083564718699268