9 0.5418061780222857 0.6710129426381783 0.07308036119460554 0.16670452308671294
8 0.844307804002293 0.32715358370461006 0.08536531015231738 0.21251745642167783
11 0.6637823959661293 0.15917636726971612 0.06837056506161687 0.1834755035988807
7 0.5611146670311857 0.4512708041790873 0.07296847985208725 0.1474737538559437
12 0.5819817008962862 0.17024457443810823 0.06565904521584515 0.1305629169318877
10 0.5605420765059285 0.3430837416148217 0.058321640243973474 0.10884438770013952
10 0.7357439437355512 0.18645781343335205 0.06799296553061723 0.11857165744503455
10 0.7455473267612861 0.36086253035789745 0.05595974959357182 0.11602795487930037
10 0.6444591204342651 0.5880671067546113 0.05844750675430669 0.1304790030847549
6 0.7411250279236501 0.08795606369041495 0.06568701555147473 0.13537060923958005
3 0.7521287313160094 0.6758642760000652 0.08511357713165123 0.16924822565244704
1 0.49379379091082803 0.24614669955440252 0.056169527110793746 0.15208564718699266
2 0.2241994073168741 0.3055139159281105 0.09014503212438019 0.20776570667874075
4 0.3092842127577462 0.34977612722174634 0.05356988860754045 0.1184038297507689
4 0.4479722670153969 0.6843451395485286 0.05602967543264575 0.128047185648531
4 0.38381662733964234 0.554984145693564 0.05600170509701618 0.12323949334083882