9 0.5466977813368668 0.6502403846153846 0.07306637602679075 0.16346153846153846
8 0.8336023776525037 0.2980769230769231 0.08294747883065631 0.2091346153846154
11 0.6494152597143116 0.14182692307692307 0.06595273373995579 0.18028846153846154
7 0.5587807467164135 0.4326923076923077 0.07296847985208725 0.1466346153846154
12 0.5700044256304998 0.15625 0.06324121389418422 0.12740384615384615
10 0.5545884017925723 0.3269230769230769 0.058321640243973474 0.10817307692307693
10 0.7213977852354556 0.16466346153846154 0.06799296553061723 0.11778846153846154
10 0.7384336844744512 0.33533653846153844 0.0559457644257569 0.11298076923076923
10 0.6457519471019845 0.5649038461538461 0.05843352158649177 0.12740384615384615
6 0.7243610381018938 0.06850961538461539 0.06567303038366007 0.13221153846153846
3 0.7546584439801887 0.6454326923076923 0.08269574580999016 0.1658653846153846
1 0.4854152922919035 0.234375 0.05375169578913281 0.14903846153846154
2 0.22178157599521314 0.30528846153846156 0.08772720080271924 0.20432692307692307
4 0.30808928226473054 0.3449519230769231 0.05355590343972567 0.11538461538461539
4 0.45644866180902505 0.6682692307692307 0.05602967543264575 0.12740384615384615
4 0.38865928256687166 0.5444711538461539 0.05598771992920139 0.1201923076923077