9 0.5368769506806335 0.6558118712792822 0.07161358566321578 0.16386710832816767
8 0.8342020173946173 0.30896036944499505 0.08176042464377503 0.2095961259225036
11 0.6521818625446861 0.1468328117994708 0.06462581746069801 0.1830559220554924
7 0.5550333517358068 0.4383546979470015 0.06898596925034867 0.1446223539295835
12 0.5714991743377632 0.15958546252382894 0.06398247796601317 0.12776746051703086
10 0.5538882132889531 0.3301676358561097 0.05651919796307626 0.10609088962897112
10 0.7252194574132178 0.17129782095628363 0.06624646770797135 0.11576221491561488
10 0.7364266789281839 0.344451662456188 0.05419926565636283 0.1132884429226948
10 0.6388314696665769 0.5710627098659652 0.0567709395044747 0.12772550501358637
6 0.7299580635802803 0.0739630294772366 0.0640384205307684 0.13257515282472318
3 0.7460255517064377 0.6558266578022464 0.08122897027860013 0.1639230489994268
1 0.48526755484014134 0.2360120659894806 0.05221498873818083 0.14933215006257225
2 0.2188733445747571 0.30057247417671484 0.08648420310433441 0.20241255779659484
4 0.3049223086716105 0.34314324791035516 0.05182339078489436 0.11567830390872604
4 0.4465369209347595 0.6721143505631504 0.05433912206825106 0.12530767369192558
4 0.38069772095189147 0.545520842787413 0.05428317950349582 0.12049998138423326