9 0.45808194063519597 0.6401461199383245 0.07066252987294461 0.16427270565048901
8 0.16036003662725132 0.2914231261323087 0.08055761784462515 0.21246151385692258
11 0.34451219164590646 0.12700972200461752 0.06356287275392457 0.1834195610341255
7 0.4411772977801421 0.4203760101968559 0.07056463369824109 0.14744578257356594
12 0.42511795622273396 0.13929383789112154 0.063255199061999 0.13053494564951007
10 0.44295181138232237 0.3121749619914013 0.05591779409012732 0.10881641641776191
10 0.2713417282156541 0.1531032307325192 0.06799296553061737 0.11857165744503455
10 0.2579255833752425 0.32634798150370786 0.05355590343972567 0.11599998359692275
10 0.35542200563930915 0.5559983609778344 0.05604366060046054 0.13045103180237716
6 0.2671905374401078 0.06112940716349724 0.06322722872636942 0.12225881432699448
3 0.24653648651282703 0.6414056697106308 0.08269574580999016 0.1668164082162234
1 0.5121109357151764 0.21641187172552767 0.05375169578913281 0.1496538297507689
2 0.7805313665678368 0.28060076604811673 0.08774118597053396 0.20773773539636306
4 0.6942376454661342 0.3236750399060183 0.05115205728587951 0.11597201231454513
4 0.5495259906560533 0.6559101342848985 0.053625829278799594 0.12801921436615352
4 0.6172943921464845 0.5277091065832905 0.053583873775355235 0.12080767590461505