9 0.5518389332191034 0.6466346153846154 0.06825868371909845 0.16346153846153846
8 0.8394955231761416 0.3016826923076923 0.07812580135514935 0.20673076923076922
11 0.6570821174849804 0.14302884615384615 0.06353490241829499 0.1778846153846154
7 0.5650033450388486 0.43028846153846156 0.06814680237658002 0.14423076923076922
12 0.5778251202471313 0.15504807692307693 0.06322722872636942 0.125
10 0.5619841515011513 0.3245192307692308 0.05349996276846652 0.10576923076923077
10 0.7293303611946056 0.1658653846153846 0.06557513420895643 0.11538461538461539
10 0.7435444619556099 0.33653846153846156 0.05352793310409582 0.11057692307692307
10 0.6511090677302008 0.5625 0.05361184411098481 0.125
6 0.732376723712783 0.06971153846153846 0.063255199061999 0.12980769230769232
3 0.7585627098659651 0.6454326923076923 0.07787406833448293 0.16346153846153846
1 0.49292911457175886 0.23076923076923078 0.05133386446747187 0.1466346153846154
2 0.23129447591743507 0.296875 0.08530936948105824 0.20192307692307693
4 0.3168757548157325 0.3389423076923077 0.048748211132033356 0.11538461538461539
4 0.46178560604066876 0.6622596153846154 0.05361184411098481 0.125
4 0.3949526080835301 0.5372596153846154 0.053583873775355235 0.1201923076923077