9 0.4519230769230769 0.6425779373745483 0.07211538461538461 0.1643006769328668
8 0.16947115384615385 0.2961049476693018 0.08173076923076923 0.21008563898545404
11 0.35216346153846156 0.13893105328552668 0.06490384615384616 0.18104368616265692
7 0.4411057692307692 0.42635765429909367 0.06971153846153846 0.1450419364197198
12 0.43149038461538464 0.15122915481321947 0.0625 0.12813109949566392
10 0.44591346153846156 0.32053248096510767 0.055288461538461536 0.10641257026391575
10 0.28125 0.16259274457720455 0.0673076923076923 0.11616781129118839
10 0.26322115384615385 0.3322736830411905 0.055288461538461536 0.11362410872545421
10 0.3545673076923077 0.5583742358493029 0.055288461538461536 0.128047185648531
6 0.27884615384615385 0.06587416408583993 0.06490384615384616 0.13174832817167986
3 0.24519230769230768 0.6401757753513303 0.08173076923076923 0.16441256206237725
1 0.515625 0.22837515993000324 0.052884615384615384 0.14724998359692273
2 0.7764423076923077 0.2962537373304943 0.08653846153846154 0.20293004308867083
4 0.6911057692307693 0.336910179393361 0.05048076923076923 0.11597201231454513
4 0.5420673076923077 0.6595578604392341 0.055288461538461536 0.12564333949468484
4 0.6105769230769231 0.5361645250453185 0.055288461538461536 0.12083564718699268