5 0.20432692307692307 0.39786282561328795 0.07692307692307693 0.17637585026685265
2 0.22716346153846154 0.29543363689223917 0.07692307692307693 0.18358738872839112
3 0.23076923076923078 0.23529552612251894 0.0673076923076923 0.12337934975272685
3 0.18028846153846154 0.5363636922832179 0.07692307692307693 0.12108738872839125
1 0.2536057692307692 0.1448855681707009 0.052884615384615384 0.13523075282769198
1 0.17307692307692307 0.651832221514966 0.0673076923076923 0.1353985805219574
6 0.27283653846153844 0.07014256714244925 0.052884615384615384 0.12561536821230737
6 0.14783653846153846 0.7831355353645465 0.07692307692307693 0.13070277334377559
4 0.25240384615384615 0.7831207076580434 0.06009615384615385 0.11368005129020932
4 0.27524038461538464 0.6410280573985332 0.0625 0.11370802257258707
4 0.3004807692307692 0.5361670512412606 0.055288461538461536 0.10400872411006959
4 0.30288461538461536 0.4219563876511907 0.052884615384615384 0.10157690667384582
4 0.3125 0.33650796406014183 0.04807692307692308 0.10152096410909059
4 0.32091346153846156 0.2570831414948971 0.04807692307692308 0.10152096410909059
4 0.3389423076923077 0.1655272030309112 0.04326923076923077 0.09665732923664311
4 0.34375 0.07893279892769446 0.04326923076923077 0.10146502154433541
11 0.8269230769230769 0.30888749424671846 0.06490384615384616 0.17383214770111854
8 0.8425480769230769 0.3916383732189563 0.07211538461538461 0.19795452308671294
9 0.8317307692307693 0.227100782451194 0.06490384615384616 0.11613984000881078
9 0.84375 0.5322493875777675 0.0673076923076923 0.1353985805219577
7 0.8173076923076923 0.13231668706853658 0.055288461538461536 0.1352587241100696
7 0.8605769230769231 0.6522458962934319 0.0673076923076923 0.14020627282965
12 0.8076923076923077 0.069928572198047 0.052884615384615384 0.12080767590461505
12 0.8725961538461539 0.7951348860353901 0.07211538461538461 0.14026221539440525
10 0.7367788461538461 0.07315757118203257 0.04567307692307692 0.101492992826713
10 0.7307692307692307 0.15375634554182274 0.04567307692307692 0.10149299282671297
10 0.7439903846153846 0.24014096502720744 0.04567307692307692 0.10149299282671297
10 0.7403846153846154 0.3231156142584662 0.05048076923076923 0.0967412430837759
10 0.7427884615384616 0.42404918143762704 0.052884615384615384 0.10638459898153813
10 0.75 0.5369460368212634 0.052884615384615384 0.10878844513538428
10 0.7584134615384616 0.6582423681021725 0.055288461538461536 0.11122026257160791
10 0.7644230769230769 0.7951916706654593 0.06490384615384616 0.11133214770111867