5 0.20190370188165357 0.4086950003021412 0.07794399417355706 0.17592829460084267
2 0.22413887812715577 0.30519675659251594 0.07798594967700148 0.18313983306238113
3 0.22740201074646252 0.246281548071563 0.06802093586624694 0.12298773854496813
3 0.17986431798555852 0.5458470901656125 0.07762233531381678 0.12063983306238112
1 0.2497071128310387 0.15480253513116854 0.05366778478224395 0.1349230583073102
1 0.17212214450220722 0.6612806536375797 0.06809086170532087 0.1350069693141989
6 0.26850434185954924 0.08017142301941942 0.05361184411098481 0.12530767369192553
6 0.1476509441166364 0.7936390363611735 0.07767827598507596 0.13025521767776574
4 0.25342017488586716 0.7930236889773223 0.06075345673344934 0.11333039842613929
4 0.2742296653694095 0.6510708993900661 0.0631573028872955 0.11334438359395395
4 0.29886169518485056 0.5463567474357032 0.055889823754497754 0.10368704347512483
4 0.30180316894441694 0.4321530773762886 0.05347199243283688 0.10126921215346403
4 0.31092208010237626 0.346760598243491 0.048664300125144506 0.10124124181783446
4 0.3176721080260264 0.2673917196631235 0.048664300125144506 0.10124124181783446
4 0.3351695178029103 0.17594067705835867 0.04382863748182263 0.09640557917451244
4 0.33947374406927 0.08937424518426754 0.043856607817452195 0.10121327148220481
11 0.8240173674381969 0.32214014953041653 0.0659107782365113 0.17345452260792257
8 0.8401248557278075 0.40498193824731266 0.0732621683761979 0.19753493964982846
9 0.8283495640401862 0.24038140996401772 0.06557513420895643 0.11576221491561488
9 0.8433468341988191 0.5455929530794978 0.06809086170532087 0.1350069693141989
7 0.8145759960653478 0.145506405310076 0.056071630936090106 0.13493704347512497
7 0.860873015666482 0.6656873645971019 0.06811883204095046 0.1398146616218912
12 0.8033950740098554 0.08306933856524258 0.053583873775355235 0.12049998138423322
12 0.8725224408437702 0.8086532774957816 0.07292652434864276 0.13984263195752078
10 0.7324955976392087 0.08588574716962524 0.046260453971298215 0.10122725665001961
10 0.7269614779602964 0.16765147931993146 0.046260453971298486 0.10122725665001961
10 0.7406791052638757 0.25291109935848854 0.046260453971298215 0.10122725665001954
10 0.7387577473996398 0.3358577768339956 0.05104017594336122 0.0964475346779568
10 0.7405540401086917 0.4380142457885498 0.05349996276846652 0.10607690446115633
10 0.7496178119505413 0.5497441438550441 0.05351394793628117 0.1084807506150025
10 0.7575425939706345 0.6722983421977535 0.055931779257942245 0.1108985819366633
10 0.7643423713367858 0.8080806869705243 0.06554716387332658 0.11095452260792271