5 0.20910824775928466 0.41105937643832036 0.07795797934137191 0.17877969642069894
2 0.23134342400478683 0.30795971900552305 0.07798594967700148 0.18358738872839112
3 0.23459956404018617 0.24790552208293562 0.06803492103406174 0.125783195906573
3 0.18587393337017388 0.5490008174606982 0.07763632048163156 0.12349123488223726
1 0.25690466612476237 0.15682509541936904 0.05368176995005874 0.13763459898153813
1 0.17934067554765307 0.6655034420751037 0.06809086170532087 0.1353985805219577
6 0.2768898330623812 0.08013977439650177 0.053625829278799594 0.12801921436615352
6 0.15367454466906658 0.7986092195074116 0.07767827598507591 0.13070277334377559
4 0.2606526910991278 0.8010558646501382 0.06315730288729543 0.11370802257258707
4 0.2826501194917785 0.6570908226019563 0.06317128805511028 0.11611186872643323
4 0.30727515672331207 0.5516152902976904 0.05830765507615869 0.10644054154629337
4 0.30900771482204803 0.4362586461954526 0.05347199243283695 0.10157690667384582
4 0.3193285490569304 0.3510479785046134 0.048664300125144506 0.10152096410909059
4 0.32607158439667316 0.2706030461979001 0.048664300125144506 0.10152096410909059
4 0.34356200158964967 0.1782647538926552 0.04384262264963741 0.09906117539048925
4 0.3478662278560093 0.0917822349189489 0.043856607817452334 0.10146502154433541
11 0.8372315287004434 0.33544117447237237 0.06831462439035772 0.17386011898349615
8 0.854540940066977 0.41856966575670795 0.07567999969785898 0.20038634052293658
9 0.8427586557954482 0.2525784103706241 0.06797898036280259 0.11616781129118839
9 0.8565679880449729 0.5604105744748199 0.06809086170532087 0.1353985805219577
7 0.8277831647436869 0.15745865959943542 0.05608561610390476 0.13766257026391576
7 0.8741011620965432 0.6820006042206939 0.06813281720876538 0.14261011898349615
12 0.8165952501042871 0.09363086575181308 0.05600170509701631 0.12323949334083882
12 0.8869664955185693 0.8275731529402742 0.07292652434864276 0.14026221539440525
10 0.7456957737336403 0.09520955907551983 0.046260453971298215 0.101492992826713
10 0.740161654054728 0.17687040010034505 0.04867828529295929 0.10392481026293673
10 0.7538862739422145 0.2635627036918834 0.04867828529295929 0.1039248102629368
10 0.7507699855849632 0.3476553621529324 0.05345800726502203 0.09917306051999966
10 0.7537682013709384 0.4498467949737715 0.05349996276846652 0.10638459898153813
10 0.7616440353036794 0.5641134011285966 0.05352793310409582 0.11119229128923044
10 0.7707707404006958 0.6868074544630721 0.05834961057960332 0.11365208000783183
10 0.777584502934662 0.8250985365151701 0.06554716387332658 0.11133214770111867