5 0.21265983902950797 0.4074597170159799 0.07896498053664228 0.17592829460084267
2 0.2343075979899981 0.3054291145717589 0.07904889438377506 0.18313983306238119
3 0.23721408516132714 0.24535393847732728 0.06870625642657267 0.12058389239112198
3 0.1914176636634931 0.5443460886909701 0.0783216410419573 0.12063983306238112
1 0.25781376309797105 0.15653749729535274 0.052047161043915255 0.1349090731394954
1 0.1843328380379679 0.6584798329113106 0.06887408412083833 0.1350069693141989
6 0.2773653600107687 0.08093521737562467 0.05433912206825099 0.12530767369192553
6 0.16061688831216292 0.7893426040338707 0.0784335261714677 0.13025521767776574
4 0.26519818164565945 0.7911528819107373 0.06138283283552381 0.11092655227229314
4 0.28638441444691903 0.6494588179280549 0.06381465027174758 0.11334438359395395
4 0.3104080482788777 0.5450383544978025 0.05649122668069864 0.10368704347512497
4 0.31149724416097635 0.43207157043484806 0.05405940924447487 0.10126921215346403
4 0.3201196482519559 0.3467909726445688 0.04922374565440494 0.09883739566398816
4 0.3264221200362221 0.2687079281480132 0.049251716936782555 0.1012412418178344
4 0.3433880574597191 0.17746666306047032 0.04438808206433501 0.0964055791745125
4 0.3472027692430064 0.09215809493456148 0.04444402462909025 0.10121327148220481
11 0.830699200044054 0.32933012849752075 0.06691777848503395 0.17345452260792257
8 0.8472752236448926 0.41115180131908613 0.0744090297703486 0.19753493964982846
9 0.8345558687509076 0.24762732960238112 0.06624646770797135 0.11576221491561488
9 0.8513014041766399 0.5505888634099778 0.06887408412083847 0.1350069693141989
7 0.820243834892027 0.15380041117939974 0.05445100719776154 0.13492305830731016
7 0.8683249682955203 0.6708720746930817 0.06893002668559343 0.1398146616218912
12 0.8086852882167128 0.09003555484731009 0.05428317950349555 0.12049998138423322
12 0.8819945047250299 0.8127689236090787 0.07370974771090825 0.13743878580367463
10 0.7390157066787407 0.09323575421145021 0.04441605334671277 0.09880942532835867
10 0.7339431292537751 0.17372963744575937 0.0468478707829364 0.10122725665001961
10 0.748157263624334 0.2591430943302792 0.04684787078293668 0.10122725665001966
10 0.7455025179944036 0.34085288580932627 0.051599620525873476 0.0964475346779568
10 0.749095143649298 0.4430303325156026 0.054115351809230106 0.10607690446115633
10 0.7576073467413951 0.5548511341728931 0.054115351809230106 0.10607690446115633
10 0.7674333580399259 0.6762943130294757 0.0565751405278315 0.1108985819366633
10 0.7750233508788761 0.8121465836413204 0.06378667898936996 0.11094053744010779