5 0.20913621809491423 0.41346153846153844 0.08036182549521807 0.1778846153846154
2 0.2289675481865703 0.31009615384615385 0.08038979583084764 0.18269230769230768
3 0.23102176514504655 0.25 0.0704247820200931 0.12259615384615384
3 0.18830574985964965 0.5516826923076923 0.08004016663547772 0.12259615384615384
1 0.25213193673660705 0.15985576923076922 0.05368176995005874 0.13701923076923078
1 0.18296742253014447 0.6670673076923077 0.06809086170532087 0.1346153846153846
6 0.26972025010428713 0.08413461538461539 0.05602967543264575 0.12740384615384615
6 0.16089307571451245 0.7980769230769231 0.08009610730673686 0.13221153846153846
4 0.26546038340682016 0.7980769230769231 0.06315730288729543 0.11298076923076923
4 0.28506095822953204 0.6550480769230769 0.06556114904114158 0.11298076923076923
4 0.30849106496804996 0.5504807692307693 0.058293669908343906 0.10336538461538461
4 0.3078267694968471 0.4362980769230769 0.05587583858668296 0.10096153846153846
4 0.31574375757788337 0.35096153846153844 0.05106814627899066 0.10096153846153846
4 0.32129186242461044 0.27163461538461536 0.05106814627899066 0.10096153846153846
4 0.3375803565406639 0.17908653846153846 0.04384262264963741 0.0985576923076923
4 0.3406826597301004 0.09254807692307693 0.043856607817452195 0.10096153846153846
11 0.8275811811655218 0.31971153846153844 0.06831462439035772 0.17307692307692307
8 0.8472944386859015 0.4026442307692308 0.07808384585170486 0.19951923076923078
9 0.831913377767511 0.23798076923076922 0.06797898036280259 0.11538461538461539
9 0.8517183402338363 0.5432692307692307 0.07049470785916703 0.1346153846153846
7 0.8157359636388265 0.14302884615384615 0.05848946225775119 0.13701923076923078
7 0.8704464447784223 0.6634615384615384 0.07053666336261152 0.14182692307692307
12 0.8045620341672415 0.08173076923076923 0.05600170509701631 0.12259615384615384
12 0.8856946466025721 0.8052884615384616 0.07533037050248918 0.13942307692307693
10 0.7336695503805022 0.08533653846153846 0.04866430012514437 0.10096153846153846
10 0.7293303611946056 0.1658653846153846 0.04867828529295929 0.10336538461538461
10 0.7442499115751077 0.2512019230769231 0.04867828529295956 0.10336538461538461
10 0.7435304767877953 0.33413461538461536 0.05345800726502203 0.0985576923076923
10 0.7477236230667857 0.43509615384615385 0.05590380892231268 0.10576923076923077
10 0.757996310569466 0.5480769230769231 0.05351394793628117 0.10817307692307693
10 0.7695268618203281 0.6706730769230769 0.05834961057960305 0.11298076923076923
10 0.7775285622634027 0.8064903846153846 0.06795101002717302 0.11057692307692307