5 0.20201760815014239 0.40384535249100434 0.07896498053664228 0.17592829460084267
2 0.2260429261127292 0.30154903185830234 0.07904889438377506 0.18313983306238119
3 0.2303339917617498 0.24263382333734934 0.06870625642657267 0.12058389239112198
3 0.1775867065930803 0.5409974423544758 0.0783216410419573 0.12063983306238112
1 0.2542194533124485 0.15235673347387804 0.052047161043915255 0.13490907313949532
1 0.1690465322186055 0.6552220901656125 0.06887408412083833 0.1350069693141989
6 0.27431733229692357 0.07772562136212888 0.05433912206825099 0.1253076736919255
6 0.14107978963671822 0.7863855423961906 0.07843352617146773 0.13025521767776574
4 0.24563311168783708 0.7869791106731701 0.06138283283552381 0.11092655227229314
4 0.2701199558096544 0.6450193285020064 0.06381465027174758 0.11334438359395395
4 0.2965631055672761 0.5415070996245664 0.05649122668069864 0.10368704347512497
4 0.3002955876340586 0.42731042214905923 0.05405940924447487 0.10126921215346403
4 0.3108899671326595 0.34311986609318473 0.04922374565440494 0.0988373956639883
4 0.319024557912659 0.2637509875128173 0.049251716936782555 0.1012412418178344
4 0.3381163127968542 0.17229994490805245 0.04438808206433501 0.0964055791745125
4 0.34391698562895157 0.0869354361108844 0.04444402462909025 0.10121327148220478
11 0.8219590163663656 0.3185134025479251 0.06691777848503368 0.17345452260792257
8 0.8378209302012612 0.40134819868091387 0.0744090297703486 0.19753493964982846
9 0.8289056697106308 0.23794959347454195 0.06624646770797135 0.11576221491561488
9 0.8374005189002832 0.5407642830200834 0.06887408412083847 0.1350069693141989
7 0.8155874584414696 0.14308158140450764 0.05445100719776154 0.13492305830731016
7 0.8528428634995147 0.6596567714607644 0.06893002668559343 0.1398146616218912
12 0.8054974040909795 0.08064451465967423 0.05428317950349555 0.12049998138423322
12 0.8619958798903546 0.802622684359444 0.07370974771090825 0.13743878580367463
10 0.7357578943470635 0.08345393068014949 0.04441605334671277 0.09880942532835867
10 0.7288112410027983 0.16401773975353262 0.0468478707829364 0.10122725665001961
10 0.7410254286833583 0.2504792828690128 0.04684787078293668 0.10122725665001961
10 0.7364686358517503 0.3322310298515042 0.051599620525873476 0.09644753467795694
10 0.7376976881457369 0.4331785831452279 0.054115351809230106 0.10607690446115633
10 0.7436085619767167 0.5449154737956297 0.054115351809230106 0.10607690446115633
10 0.750609473755109 0.6662607564775086 0.0565751405278315 0.1108985819366633
10 0.7550387116853897 0.8020431012502793 0.06378667898936996 0.11094053744010779