5 0.18870192307692307 0.400136297211923 0.07932692307692307 0.18074997207634988
2 0.21394230769230768 0.2969177568585938 0.07932692307692307 0.1879615105378883
3 0.21875 0.23684957334806958 0.06971153846153846 0.12540556986662907
3 0.16346153846153846 0.5394125298729446 0.07932692307692307 0.12546151053788834
1 0.2439903846153846 0.14444834068704798 0.055288461538461536 0.13974473578281724
1 0.15384615384615385 0.6559431276632239 0.06971153846153846 0.1374248006358597
6 0.265625 0.0700549764281504 0.057692307692307696 0.12773949018140127
6 0.12620192307692307 0.7891957597718152 0.07932692307692307 0.13507689515327298
4 0.23197115384615385 0.7922149533095125 0.0625 0.1157482297478001
4 0.25721153846153844 0.6481310283407986 0.06490384615384616 0.11576221491561502
4 0.2848557692307692 0.5437245500783611 0.057692307692307696 0.1061048747967859
4 0.28966346153846156 0.42716598195245226 0.055288461538461536 0.10368704347512483
4 0.3004807692307692 0.34069045366915723 0.05048076923076923 0.10125522698564925
4 0.31009615384615385 0.2602175481865703 0.05048076923076923 0.10365907313949532
4 0.33052884615384615 0.16778834518991914 0.04567307692307692 0.09882341049617345
4 0.33653846153846156 0.08248676964791767 0.04567307692307692 0.10363110280386575
11 0.8233173076923077 0.33171299689964473 0.06971153846153846 0.17588633909739831
8 0.8377403846153846 0.4159315232911489 0.07692307692307693 0.20237060229315035
9 0.8293269230769231 0.25001719058841254 0.0673076923076923 0.11818004623727582
9 0.8365384615384616 0.5589533768610877 0.06971153846153846 0.13742480063585985
7 0.8173076923076923 0.15259149551856926 0.057692307692307696 0.13975872095063208
7 0.8509615384615384 0.6804315186372072 0.07211538461538461 0.1446503242652131
12 0.8076923076923077 0.08763170869346393 0.057692307692307696 0.12293179787370899
12 0.8605769230769231 0.8259201516161586 0.07692307692307693 0.1422744484469965
10 0.7355769230769231 0.08961599981286619 0.04807692307692308 0.1012412418178344
10 0.7283653846153846 0.17130481354019103 0.04807692307692308 0.10364508797168054
10 0.7403846153846154 0.25911512399464964 0.04807692307692308 0.10604893412552663
10 0.7355769230769231 0.3420198459667123 0.052884615384615384 0.10126921215346403
10 0.7355769230769231 0.44538523058209695 0.055288461538461536 0.10849473578281714
10 0.7415865384615384 0.5608048088862494 0.055288461538461536 0.1108985819366633
10 0.7475961538461539 0.6846378487288634 0.057692307692307696 0.11331641325832437
10 0.7512019230769231 0.8228799803267393 0.0673076923076923 0.11337235392958352