5 0.8016353469306393 0.4003980086246571 0.07795797934137191 0.1783321407546888
2 0.7769885305922342 0.2959705526104974 0.07798594967700122 0.18313983306238113
3 0.773033132166095 0.23589537651606568 0.06803492103406174 0.12539158469881428
3 0.8252760325415287 0.5384863033765703 0.0776363204816317 0.12304367921622728
1 0.7496651573275942 0.14468208176415243 0.053681769950058605 0.1373269044611563
1 0.8331658516420847 0.6550308863346644 0.06809086170532087 0.1350069693141989
6 0.7299938553106589 0.06907280926051695 0.053625829278799456 0.12771151984577167
6 0.8603843361481136 0.7882905110271632 0.07767827598507591 0.13025521767776574
4 0.7546151053788829 0.7889058584110142 0.06315730288729536 0.11334438359395395
4 0.730946449432364 0.6460098713514087 0.06317128805511028 0.1157482297478001
4 0.7038887943562053 0.5403944774281407 0.05830765507615883 0.1061048747967859
4 0.7008136601472489 0.42502384721134007 0.05347199243283695 0.10126921215346403
4 0.6906948094905316 0.33854132634413775 0.04866430012514437 0.10124124181783446
4 0.6830217604911049 0.25925635877065906 0.04866430012514437 0.10124124181783432
4 0.6632525622994658 0.16682016319010048 0.04384262264963741 0.09880942532835867
4 0.657941403950441 0.08030967198726854 0.043856607817452056 0.10121327148220481
11 0.1713381737494292 0.3199275072075184 0.06831462439035765 0.17346850777573736
8 0.15620265462294705 0.4041530261829299 0.07567999969785891 0.19995277097148956
9 0.16605498573603378 0.23822470831237874 0.06797898036280259 0.11577620008342968
9 0.15462393337017388 0.5459939344276677 0.06809086170532094 0.1350069693141989
7 0.17871673286959577 0.14199394373555121 0.05608561610390496 0.1373408896289711
7 0.13850326126789803 0.6674860613716022 0.06813281720876531 0.14221850777573736
12 0.18916343361481136 0.07822908740346154 0.05600170509701618 0.12291781270589416
12 0.12852506364447816 0.8117797638575379 0.07292652434864283 0.13984263195752078
10 0.26129979598191816 0.08141530159978688 0.04626045397129835 0.10122725665001961
10 0.26658298399531355 0.1631181004949265 0.04867828529295929 0.10364508797168054
10 0.2550672192674155 0.24972648787246204 0.04867828529295929 0.10364508797168054
10 0.2579535537108721 0.3326451950123395 0.05345800726502203 0.09886536599961787
10 0.2573529928499853 0.43601757221163157 0.053499962768466386 0.10607690446115633
10 0.24959683419881917 0.5490472895297527 0.05352793310409602 0.11088459676884864
10 0.24190360880281964 0.6728943145401813 0.05834961057960312 0.1133164132583241
10 0.23669114798364768 0.809948508228949 0.06554716387332679 0.11095452260792243