5 0.20306366945513227 0.4014764692566952 0.07794399417355706 0.17592829460084267
2 0.22529884570063446 0.2979782255470701 0.07798594967700148 0.18313983306238113
3 0.22855498573603378 0.23786109394919405 0.06802093586624694 0.12298773854496813
3 0.18102428555903718 0.5386285591201665 0.07762233531381678 0.12063983306238112
1 0.25086708040451733 0.1475840040857227 0.05366778478224395 0.13492305830731016
1 0.17448403515260896 0.6540551300082265 0.06809086170532087 0.1350069693141989
6 0.270866232509951 0.07294589939006615 0.05361184411098481 0.12530767369192553
6 0.1488109116901151 0.7864205053157277 0.07767827598507591 0.13025521767776602
4 0.25458014245934585 0.7858051579318766 0.06075345673344934 0.11333039842613929
4 0.27538963294288826 0.6438523683446202 0.0631573028872955 0.11334438359395395
4 0.30122358583525227 0.5391312238063498 0.055889823754497754 0.10368704347512497
4 0.30296313651789564 0.42493454633084277 0.05347199243283681 0.10126921215346403
4 0.31208204767585496 0.3395420671980451 0.048664300125144506 0.10124124181783446
4 0.31883207559950516 0.26017318861767763 0.048664300125144506 0.10124124181783432
4 0.336329485376389 0.16872214601291283 0.04382863748182263 0.09640557917451244
4 0.3406337116427487 0.08215571413882168 0.043856607817452334 0.10121327148220478
11 0.8251773350116756 0.3149216184849707 0.06591077823651158 0.17345452260792257
8 0.8412848233012861 0.3977634072018668 0.0732621683761979 0.19753493964982846
9 0.8295095316136648 0.23316287891857182 0.06557513420895643 0.11576221491561488
9 0.8445068017722979 0.5383744220340521 0.06809086170532087 0.1350069693141989
7 0.8157359636388265 0.13828787426463013 0.056071630936090106 0.1349370434751249
7 0.8620329832399608 0.6584688335516561 0.06811883204095046 0.1398146616218912
12 0.8045550415833341 0.07585080751979673 0.053583873775355235 0.1204999813842332
12 0.8736824084172489 0.8014347464503356 0.07292652434864276 0.13984263195752078
10 0.7336555652126875 0.07866721612417936 0.046260453971298215 0.10122725665001961
10 0.7293163760267909 0.15922403261365511 0.046260453971298215 0.10122725665001961
10 0.7418390728373543 0.24569256831304268 0.046260453971298215 0.10122725665001954
10 0.7399177149731186 0.3286392457885498 0.05104017594336122 0.0964475346779568
10 0.7417140076821703 0.4307957147431039 0.05349996276846652 0.10607690446115633
10 0.75077777952402 0.5425256128095982 0.05351394793628117 0.1084807506150025
10 0.7599044846210362 0.6650728185684004 0.055931779257941974 0.1108985819366633
10 0.7667042619871876 0.8008551633411709 0.06554716387332658 0.11095452260792243