5 0.7945254918071143 0.40848223697675895 0.07794399417355727 0.17592829460084267
2 0.7722903155616121 0.3049839932671337 0.07798594967700122 0.18313983306238113
3 0.7690271829423053 0.24606878474618077 0.06802093586624708 0.12298773854496813
3 0.8177667987801324 0.5456413194241375 0.07762233531381678 0.12063983306238112
1 0.7479240039346522 0.15459676438969375 0.05366778478224395 0.1349230583073101
1 0.8243070491865605 0.6610678903121975 0.06809086170532087 0.1350069693141989
6 0.7279248518292185 0.07995865969403718 0.05361184411098481 0.12530767369192553
6 0.8487782495721313 0.7934262730357913 0.07767827598507591 0.13025521767776574
4 0.7442109418798236 0.7928179182358477 0.0607534567334492 0.11333039842613929
4 0.7221995283193581 0.6508581360646839 0.06315730288729562 0.11334438359395395
4 0.6975674985039173 0.546143984110321 0.055889823754498025 0.10368704347512483
4 0.6958279478212739 0.43194730663481373 0.05347199243283667 0.10126921215346403
4 0.6867090366633145 0.3465548275020161 0.04866430012514437 0.10124124181783446
4 0.6799590087396644 0.26718594892164865 0.04866430012514437 0.10124124181783446
4 0.6612596758858575 0.17572791373297644 0.04382863748182276 0.09640557917451244
4 0.6569484570355905 0.09036340493580838 0.043856607817452056 0.10121327148220481
11 0.17361374932749388 0.32193437878894166 0.06591077823651151 0.17345452260792257
8 0.15630433796096035 0.40476917492193043 0.0732621683761979 0.19753493964982846
9 0.1680796296485816 0.2401686466386355 0.06557513420895636 0.11576221491561488
9 0.15428428256687166 0.545387182338023 0.06809086170532094 0.1350069693141989
7 0.1830481281164356 0.14650255764552425 0.056071630936090106 0.13493704347512495
7 0.13675810109920877 0.6654815938556271 0.06811883204095051 0.1398146616218912
12 0.19303411967891232 0.08285657523986036 0.053583873775355235 0.12049998138423322
12 0.12390675284499761 0.8084405141703994 0.07292652434864283 0.13984263195752078
10 0.26393359604955907 0.085672983844243 0.04626045397129835 0.10122725665001961
10 0.26946771572847134 0.1674387159945492 0.04626045397129835 0.10122725665001961
10 0.2557500884248922 0.25269833603310626 0.04626045397129835 0.10122725665001954
10 0.258873369366051 0.3356520060925208 0.051040175943361084 0.0964475346779568
10 0.25587515358007595 0.4378014824631676 0.053499962768466455 0.10607690446115633
10 0.2480133048151495 0.5495383731135693 0.05351394793628124 0.1084807506150025
10 0.2388865997181333 0.6720855788723713 0.055931779257942175 0.1108985819366633
10 0.23208682235198191 0.807867923645142 0.06554716387332679 0.11095452260792271