7 0.44711538461538464 0.42808201044432137 0.07211538461538461 0.1446503242652131
12 0.4387019230769231 0.3354849854338927 0.057692307692307696 0.13495102864293976
9 0.45552884615384615 0.6492848046855193 0.07211538461538461 0.16147724734213617
8 0.16706730769230768 0.29784696916312836 0.08413461538461539 0.2168356347196717
11 0.3473557692307692 0.1366362413646227 0.06971153846153846 0.17829018525124446
10 0.2764423076923077 0.15665637122177853 0.057692307692307696 0.11091256710447822
10 0.2608173076923077 0.33204623686175155 0.057692307692307696 0.11091256710447822
10 0.359375 0.5621869364344659 0.052884615384615384 0.12049998138423326
6 0.27524038461538464 0.0641013017147942 0.05048076923076923 0.12529368852411074
3 0.35096153846153844 0.4167052960394218 0.0625 0.15901746051703086
2 0.78125 0.2930067180013473 0.0889423076923077 0.20484437428607058
4 0.43149038461538464 0.5373661068535251 0.057692307692307696 0.11091256710447822
4 0.5949519230769231 0.3375959444187775 0.055288461538461536 0.1157062742443556
4 0.5480769230769231 0.6630443874925429 0.06009615384615385 0.12294578304152391