7 0.546747530779368 0.43829176469183484 0.07537232600593341 0.14706815558687417
12 0.5545044907856835 0.3445837201952792 0.06328316939762857 0.13497899897856933
9 0.539444287371884 0.660612571003067 0.0778740683344832 0.16390906383161188
8 0.8275787771000735 0.305305652126874 0.09021495796345391 0.2192674512091475
11 0.644621552574434 0.14317809448134977 0.07558210352315534 0.18312584789456637
10 0.716618063263393 0.16403034182348597 0.05834961057960332 0.11331641325832437
10 0.7336189995828517 0.34081792288978924 0.06073947156563428 0.110926552272293
10 0.6373105152278933 0.5734385856841817 0.05600170509701604 0.12291781270589407
6 0.7183724004690005 0.0690854113304703 0.05363981444661438 0.13011536599961782
3 0.6429782953561956 0.4256300175582729 0.068230713383469 0.15904543085266043
2 0.20737248423995103 0.30410132498450265 0.09495272443207249 0.2072761907755463
4 0.5641330592137336 0.5489735765273689 0.05834961057960305 0.11331641325832437
4 0.39582966688011517 0.34726646835027186 0.058377580915232756 0.11812410556601668
4 0.44800023735102645 0.6769080577030279 0.06322722872636942 0.12536361436318472