7 0.5576923076923077 0.4403835682808357 0.07451923076923077 0.14509787898447504
12 0.5637019230769231 0.34790541956370274 0.06009615384615385 0.13291082052097855
9 0.5516826923076923 0.6590636400748917 0.07451923076923077 0.16192480206139812
8 0.8317307692307693 0.3113607560103444 0.08653846153846154 0.21494927385790158
11 0.6502403846153846 0.151797001113912 0.07211538461538461 0.17872375385594363
10 0.7211538461538461 0.17185292317482068 0.057692307692307696 0.11365208000783183
10 0.7403846153846154 0.3439516934338415 0.06009615384615385 0.10887235898251714
10 0.6466346153846154 0.5736300441903457 0.052884615384615384 0.12080767590461505
6 0.7211538461538461 0.07449715394405144 0.05048076923076923 0.1327989353914682
3 0.6514423076923077 0.4294552175243316 0.06490384615384616 0.15700522462419547
2 0.22355769230769232 0.30668786772265594 0.09134615384615384 0.20538983180727222
4 0.5745192307692307 0.5487524441805559 0.057692307692307696 0.11124823385398568
4 0.40865384615384615 0.3509089641580394 0.055288461538461536 0.11602795487930037
4 0.46033653846153844 0.6736257313445427 0.06009615384615385 0.12329543590559393