7 0.4472358612521092 0.4364814868149681 0.07294050951645768 0.14224647811136693
12 0.43828397075277803 0.34388446180453935 0.05846149192212161 0.1325471824890936
9 0.4581169035547329 0.6540855044093044 0.07303840569116118 0.15907340118829
8 0.17005233966561734 0.30746934636242035 0.08296146399847129 0.2120139572441646
11 0.3469999488066413 0.147446556473023 0.07074644087983345 0.1782901852512445
10 0.2762053611946056 0.16746668633017878 0.058335625411788335 0.11091256710447822
10 0.262789216354194 0.34045969840021306 0.058321640243973544 0.10850872095063206
10 0.3614735765273689 0.5693914823120969 0.053583873775355235 0.12049998138423326
6 0.2744370388211832 0.07010392451550218 0.048832122138922074 0.13008739566398825
3 0.3522140123361122 0.4239098419170529 0.063395050740147 0.15420976820933857
2 0.7769745454244195 0.302587139697195 0.08771321563490467 0.20242654296440962
4 0.4334421168806982 0.5445706527311562 0.055931779257942245 0.11089858193666344
4 0.5933460328436697 0.3471903512824399 0.05355590343972567 0.11569228907654096
4 0.5483450453308525 0.669033025125436 0.05839156608304755 0.12052795171986283