7 0.5564903846153846 0.4359298740414331 0.07211538461538461 0.14224647811136693
12 0.5649038461538461 0.343430745205708 0.057692307692307696 0.1325471824890936
9 0.5480769230769231 0.6534290028771582 0.07211538461538461 0.15907340118829
8 0.8341346153846154 0.3089393916932728 0.08173076923076923 0.21201395724416455
11 0.6550480769230769 0.14804172746030128 0.06971153846153846 0.17829018525124446
10 0.7259615384615384 0.1688869822185301 0.057692307692307696 0.11091256710447822
10 0.7415865384615384 0.34205480888624934 0.057692307692307696 0.10850872095063206
10 0.6442307692307693 0.5698537942051346 0.052884615384615384 0.12049998138423326
6 0.7271634615384616 0.07153820557166825 0.04807692307692308 0.13008739566398825
3 0.6514423076923077 0.42446305740088675 0.0625 0.15420976820933857
2 0.22596153846153846 0.29818960577459086 0.08653846153846154 0.20242654296440962
4 0.5721153846153846 0.5441938545553062 0.055288461538461536 0.11089858193666344
4 0.4098557692307692 0.3449325480354997 0.052884615384615384 0.11569228907654096
4 0.4567307692307692 0.6673206434232728 0.057692307692307696 0.12052795171986283