7 0.4473565087768504 0.4364675016471533 0.0737656902756635 0.14224647811136693
12 0.4390820615849629 0.3450793922975551 0.059230728223076096 0.1325471824890936
9 0.4595172800885973 0.6552734423184124 0.0739614892523067 0.15907340118829
8 0.16943172311852955 0.3074553611946056 0.08419224207999867 0.2120139572441646
11 0.34545624822503407 0.14863449438213128 0.07178141335748137 0.1782901852512445
10 0.27598246566370527 0.16866161682319447 0.058978986681677656 0.11091256710447822
10 0.262371397994893 0.3416476363093214 0.05895101539930003 0.10850872095063206
10 0.3623704534103461 0.5693774971442822 0.05428317950349582 0.12049998138423326
6 0.2724317969323772 0.0700899393476874 0.04958737232531386 0.13008739566398825
3 0.3534806380061512 0.42510477241006855 0.06429016207216684 0.15420976820933857
2 0.7763189631175506 0.30377507760630323 0.0888880492581805 0.20242654296440962
4 0.43419213956076586 0.5445566675633414 0.0565751405278315 0.11089858193666344
4 0.5929422010723056 0.3471763661146251 0.05422723693874058 0.11569228907654096
4 0.551017275987828 0.6690260325415286 0.059090871811188134 0.12052795171986283