7 0.4485304605713959 0.42632968301671603 0.07619750771188713 0.14509787898447504
12 0.4414579364564314 0.3350534573765062 0.06163457437692225 0.1329108205209787
9 0.45705749136999596 0.6426059086569259 0.07639330668853048 0.16192480206139812
8 0.17415550157908904 0.29729288510503604 0.0890279056700686 0.21494927385790158
11 0.3526258297630061 0.13894503892671548 0.07418525951132765 0.1787237538559436
10 0.2831380615604885 0.1589869753464353 0.058978986681677656 0.11124823385398568
10 0.265921224660907 0.3322876686823793 0.061354861553146185 0.108872358982517
10 0.3623145108455909 0.5583602502081141 0.05425520822111807 0.1184038297507689
6 0.2808172871884611 0.06462329126475605 0.05201918976153763 0.1292465825295121
3 0.354626618518319 0.41419940918328896 0.066694008226013 0.15460137847034916
2 0.778764766194963 0.293863876817837 0.0936957415658728 0.20298598565342607
4 0.4329482595602764 0.5334966358395131 0.058978986681677656 0.11124823385398568
4 0.5953460472261517 0.33686906453510856 0.056631083092586736 0.11602795487930037
4 0.5473975211158699 0.6583839086446888 0.06149471796503415 0.12089158975174777