7 0.5602096378989712 0.4326923076923077 0.07294050951645768 0.14182692307692307
12 0.5668897399835473 0.34134615384615385 0.05844750675430669 0.12980769230769232
9 0.5518529183869181 0.6490384615384616 0.07303840569116118 0.15865384615384615
8 0.8347088086201714 0.30528846153846156 0.0829614639984715 0.21153846153846154
11 0.6558941795758721 0.14543269230769232 0.07074644087983345 0.1778846153846154
10 0.7257245919638363 0.1658653846153846 0.055931779257942245 0.11057692307692307
10 0.7423565240465018 0.3389423076923077 0.058321640243973474 0.10817307692307693
10 0.6463153605903232 0.5649038461538461 0.05356988860754031 0.11778846153846154
6 0.7275690314050907 0.06971153846153846 0.048832122138922074 0.12980769230769232
3 0.653889712059897 0.4206730769230769 0.06339505074014685 0.15384615384615385
2 0.2300995454244194 0.2980769230769231 0.08771321563490439 0.20192307692307693
4 0.5752550547898065 0.5396634615384616 0.055931779257942245 0.11057692307692307
4 0.41305057872130074 0.3425480769230769 0.05355590343972567 0.11538461538461539
4 0.46179259862457617 0.6634615384615384 0.05839156608304755 0.1201923076923077