7 0.44087863071049216 0.4326923076923077 0.07619750771188713 0.14423076923076922
12 0.4347439866204917 0.3401442307692308 0.06163457437692225 0.13221153846153846
9 0.4443568450399341 0.6502403846153846 0.07639330668853048 0.16105769230769232
8 0.16837858970279906 0.3004807692307692 0.0890279056700686 0.21394230769230768
11 0.3504991702369939 0.14302884615384615 0.07418525951132765 0.1778846153846154
10 0.2793619384395115 0.1622596153846154 0.05900695796405527 0.11298076923076923
10 0.25931915995447763 0.33533653846153844 0.061354861553146185 0.10817307692307693
10 0.3503979024874161 0.5649038461538461 0.05428317950349582 0.1201923076923077
6 0.2804807897346158 0.06610576923076923 0.054423035915383784 0.13221153846153846
3 0.3460805496866459 0.41947115384615385 0.06672197950839075 0.15625
2 0.7753217722665754 0.30288461538461536 0.09372371284825057 0.20432692307692307
4 0.4227929999265768 0.5408653846153846 0.058978986681677656 0.11057692307692307
4 0.5897361209788132 0.3449519230769231 0.056631083092586736 0.11538461538461539
4 0.5343052768325217 0.6670673076923077 0.06152268924741177 0.12259615384615384