7 0.43000538045342923 0.4400313153744782 0.07619750771188713 0.14466430943302802
12 0.42146689020958256 0.3474272977801421 0.061662545659299864 0.13496501381075454
9 0.4394512532439202 0.6612550873673982 0.07642127797090809 0.16389507866379724
8 0.148993978418953 0.3145899812331626 0.09145972310629237 0.21686360505530133
11 0.3288086122876233 0.14975949903607297 0.07421323079370513 0.18070801657290542
10 0.2564414861308402 0.17097455938624445 0.05900695796405527 0.11331641325832437
10 0.24356828918377837 0.3475943184387702 0.06138283283552381 0.110926552272293
10 0.34188654146063296 0.5753451570254532 0.056687025657341975 0.12051396655204791
6 0.25518446255447597 0.07240288191073736 0.052047161043915255 0.13490907313949535
3 0.3339774050702824 0.42865460096957864 0.06915379694461439 0.15904543085266043
2 0.7634004409856663 0.2989324223790739 0.09375168413062832 0.2072622056077315
4 0.4155115332590943 0.5493293969514969 0.058978986681677656 0.11091256710447822
4 0.5777308758507714 0.3471344106111808 0.059034929246432895 0.11572025941217053
4 0.5318734593962979 0.6726108240205757 0.06392653540125792 0.12295976820933856