6 0.1339137221591965 0.7395804682352646 0.07773421665633513 0.13987060229315035
2 0.2525343011826384 0.5958663488584934 0.08775517113834888 0.2096380814259481
5 0.38052632573985545 0.2874398198559089 0.065882807900882 0.16864683030023025
4 0.3015979799456541 0.2193917150091818 0.05109611661462023 0.10606291929334148
4 0.28012339263575947 0.39859712739714603 0.053499962768466386 0.10607690446115633
4 0.35525017684978444 0.5003200561494415 0.058321640243973474 0.10850872095063206
4 0.465827901281857 0.292952961783099 0.053485977600651595 0.10367305830731012
3 0.5410246113349559 0.3826566597661637 0.06089330841159734 0.1373688599646007
7 0.5397799313994391 0.5965989674584714 0.06574295622273386 0.14460836876176858
11 0.6245586658586846 0.2788087868611686 0.07073245571201853 0.17588633909739837
8 0.7154572943347648 0.35520042740728325 0.07566601453004405 0.19754892481764325
9 0.6245788422552573 0.48192679427726115 0.06574295622273386 0.14460836876176872
10 0.5463567474357032 0.29248445866130335 0.04867828529295929 0.10364508797168054
10 0.6971355610119574 0.19906230874980163 0.04869227046077421 0.1060489341255267
10 0.71762259128061 0.6027756035017149 0.05836359574741797 0.11572025941217053
10 0.7016293883989662 0.04670947224545201 0.0510261907755463 0.09341894449090402
12 0.7785454727381358 0.04715149793569824 0.060641575390930916 0.09409962919536993
12 0.3323359186101152 0.7203978457366979 0.07298246501990203 0.1494580165729054