6 0.863238405229366 0.7402205805341476 0.07851744001860056 0.13746675613930448
2 0.747391421620206 0.5978560298515043 0.08413629951524343 0.20720626493647223
5 0.6223888954242638 0.28846612697999763 0.06445798976643256 0.16863284513241547
4 0.7021345456715371 0.22068993155050962 0.0493076595015378 0.1060489341255267
4 0.721045329285592 0.39967857383734445 0.054115351809230106 0.10607690446115633
4 0.6452830605811857 0.4998857145920334 0.05651919796307626 0.10609088962897098
4 0.5382822513220261 0.29135945400736163 0.05408738052685248 0.10367305830731019
3 0.46119218876999757 0.3807562796536502 0.05925869950545371 0.13495102864293976
7 0.4612777867477585 0.5947125725137727 0.0641782769426565 0.14459438359395393
11 0.37825865439699125 0.2778663907439686 0.06934959592125758 0.1758723539295835
8 0.28777961030454324 0.3529170578901617 0.07440902977034848 0.19753493964982846
9 0.3758005498090179 0.47981743800267523 0.06417827694265636 0.14459438359395393
10 0.4565374964500681 0.29063302663614166 0.049251716936782555 0.1012412418178344
10 0.30640815489887985 0.19775010704065904 0.0493076595015378 0.1060489341255267
10 0.28105925341524096 0.6017710754844978 0.059034929246432825 0.11572025941217053
10 0.3046319784679018 0.046060363974788104 0.04916780308964977 0.09212072794957621
12 0.22770890154482487 0.045697150289178104 0.05875521642265676 0.09139430057835621
12 0.6658712790725829 0.7197327489103456 0.06904191181510391 0.14943004623727582