6 0.84299938945646 0.7537278485777926 0.07772023148852014 0.1374667561393042
2 0.734463499525348 0.6088607542114501 0.08533733981668781 0.20722025010428716
5 0.6208689856210264 0.30049715846403224 0.065882807900882 0.16864683030023025
4 0.7017824238897794 0.23485989235505875 0.04869227046077421 0.1060489341255267
4 0.7151705983945615 0.4128284187465629 0.05349996276846652 0.10607690446115633
4 0.6364791990980623 0.5097296700233512 0.05590380892231268 0.10609088962897098
4 0.5367273776525037 0.3012096006674375 0.053485977600651595 0.10367305830731019
3 0.45809891161117106 0.38729354425191814 0.06087932324378242 0.13496501381075454
7 0.45085860145885354 0.5987970428708427 0.06574295622273386 0.14460836876176872
11 0.3805822664111147 0.28227171860562955 0.06832860955817238 0.1758723539295835
8 0.28760764186968646 0.3550505973370676 0.07565202936222927 0.19514507866379724
9 0.36979912028319456 0.48293693178052427 0.06333911006888772 0.14459438359395393
10 0.4574214323273028 0.29714232089877995 0.04866430012514464 0.10124124181783446
10 0.31133923107137196 0.20133730258515434 0.04869227046077421 0.1060489341255267
10 0.27296000090642336 0.600165986606394 0.05834961057960312 0.11331641325832437
10 0.3158260658744733 0.04991597264456882 0.051040175943361084 0.09644753467795687
12 0.24130683510524253 0.049482432442310126 0.065463252866438 0.09653144568484565
12 0.6496366183339001 0.727361657953317 0.07296847985208725 0.14705417041905924