6 0.13909551271853615 0.752062010897533 0.07854541130097818 0.13987060229315035
2 0.2513646983793045 0.6072726363093215 0.08897196310531336 0.20963808142594795
5 0.3715875035499319 0.295450916948339 0.06686183592027871 0.16864683030023025
4 0.2906259445845469 0.2288696520118667 0.05171150565538395 0.10606291929334148
4 0.2741190071243382 0.40787227946651644 0.054115351809230106 0.10607690446115633
4 0.3510971845468563 0.5068844897281897 0.05895101539930003 0.10850872095063206
4 0.45569414765216965 0.298344243975703 0.05408738052685248 0.10367305830731019
3 0.534014104563499 0.3853442160520529 0.06169051694167749 0.1373688599646007
7 0.5375342758165071 0.5993214866638975 0.06658212309650252 0.14460836876176872
11 0.6145717640650367 0.2800364958207104 0.07175344207510388 0.17588633909739831
8 0.7074546543113308 0.3551011481347182 0.07681287592419449 0.19754892481764325
9 0.6218235753195136 0.4832174364919696 0.06658212309650278 0.14460836876176872
10 0.5362789363707711 0.29400505478980643 0.04927968821916018 0.10364508797168061
10 0.6864362492043369 0.19871828904047767 0.0493076595015378 0.1060489341255267
10 0.7177947660725912 0.6027742204038534 0.059034929246432895 0.11572025941217053
10 0.6845646994809792 0.04965884975029393 0.05394752411496466 0.09165382753807937
12 0.761501762045245 0.04890445204344434 0.06353493744797152 0.0893059220554924
12 0.3341147352862283 0.7267525017982238 0.07384960412279622 0.1494580165729054