6 0.1296479557974172 0.737582993303197 0.08094925745482427 0.13988458746096527
2 0.2479127712016121 0.5940305047114454 0.09137580925915952 0.20965206659376287
5 0.37891092714098085 0.28587748783639877 0.06929365335650235 0.1710646616218912
4 0.3003951712530083 0.21570443883697205 0.05173947693776157 0.10846676544718764
4 0.27786463276699547 0.3958740264490078 0.05654716924545388 0.10849473578281728
4 0.352397007112101 0.4984780207736354 0.05895101539930003 0.10850872095063206
4 0.46419152303776406 0.2911816536015164 0.054115351809230106 0.10607690446115627
3 0.5400516912304918 0.38297533281774376 0.06169051694167749 0.13736885996460055
7 0.536346338380773 0.598112571003067 0.06661009437888027 0.14701221491561503
11 0.6241871486804212 0.2800924364919696 0.0717814133574815 0.17829018525124446
8 0.7146382214904917 0.3575469497920088 0.07924469336041813 0.1999667561393042
9 0.6230254983964366 0.483224429075877 0.06661009437888 0.1470122149156149
10 0.5447203691916103 0.29165015672331207 0.04927968821916018 0.10364508797168054
10 0.6972395712554557 0.1999831453725673 0.049335630783915556 0.10845278027937286
10 0.7177528091490247 0.6063799896346227 0.06143877540027905 0.11573424457998531
10 0.7025795599936367 0.05096566158582797 0.05148773539636299 0.08683215006257226
12 0.7806905743524479 0.05262210261673194 0.06110312001174761 0.08688809073383144
12 0.3269871106718227 0.719499007833241 0.07384960412279622 0.1494580165729054