6 0.859375 0.7415865384615384 0.07692307692307693 0.13701923076923078
2 0.7427884615384616 0.5985576923076923 0.08653846153846154 0.20673076923076922
5 0.6165865384615384 0.2932692307692308 0.06490384615384616 0.16826923076923078
4 0.6947115384615384 0.2247596153846154 0.05048076923076923 0.10576923076923077
4 0.7163461538461539 0.4026442307692308 0.052884615384615384 0.10576923076923077
4 0.640625 0.5036057692307693 0.055288461538461536 0.10576923076923077
4 0.5324519230769231 0.2980769230769231 0.052884615384615384 0.10336538461538461
3 0.45552884615384615 0.38822115384615385 0.06009615384615385 0.13701923076923078
7 0.4567307692307692 0.6009615384615384 0.06490384615384616 0.14423076923076922
11 0.3737980769230769 0.2860576923076923 0.06971153846153846 0.17548076923076922
8 0.28365384615384615 0.36177884615384615 0.07451923076923077 0.1971153846153846
9 0.37259615384615385 0.48677884615384615 0.06490384615384616 0.14423076923076922
10 0.4519230769230769 0.2980769230769231 0.04807692307692308 0.10336538461538461
10 0.3016826923076923 0.20673076923076922 0.04807692307692308 0.10576923076923077
10 0.27884615384615385 0.609375 0.057692307692307696 0.11298076923076923
10 0.2980769230769231 0.052884615384615384 0.05048076923076923 0.0985576923076923
12 0.22235576923076922 0.054086538461538464 0.06009615384615385 0.0985576923076923
12 0.6622596153846154 0.7223557692307693 0.07211538461538461 0.14903846153846154