6 0.8454032356103063 0.7537418337456074 0.08013806281018122 0.13988458746096527
2 0.7344844772770701 0.605254984980681 0.09015901729219504 0.20965206659376287
5 0.6185210801384395 0.29086778868083285 0.0683006392225428 0.1710646616218912
4 0.7006434340680231 0.22403559207884366 0.05111010178243502 0.10846676544718764
4 0.7140176234049902 0.40440796462419404 0.05591779409012732 0.10849473578281714
4 0.6353052463567688 0.5049149851317516 0.058321640243973474 0.10850872095063206
4 0.533184541676901 0.29037131522340764 0.05590380892231268 0.10609088962897112
3 0.4521382443139075 0.37884511979391966 0.06089330841159734 0.1373688599646007
7 0.4448699638259604 0.5951563107205364 0.06575694139054879 0.1470122149156149
11 0.3722247455439123 0.2726073859028932 0.07074644087983345 0.17829018525124446
8 0.27804120534165366 0.34658119512734686 0.07808384585170505 0.1999667561393042
9 0.3626225447411931 0.47688536089246447 0.06575694139054879 0.1470122149156149
10 0.45146775761394664 0.28749197336385834 0.04867828529295929 0.10364508797168054
10 0.30299569537198434 0.18926912372857174 0.048706255628589 0.10845278027937286
10 0.26336559404276094 0.5965042767043655 0.060767441901264124 0.11573424457998531
10 0.30745455983945613 0.04265548609567856 0.053360111090318456 0.08203844292269474
12 0.2281276367625331 0.04219397555779029 0.06297549570570307 0.08209438359395395
12 0.6484416878408845 0.7261527422924865 0.0729824650199019 0.1494580165729054