6 0.13822115384615385 0.7451923076923077 0.07692307692307693 0.13942307692307693
2 0.2548076923076923 0.6021634615384616 0.08653846153846154 0.2091346153846154
5 0.38221153846153844 0.29447115384615385 0.06490384615384616 0.16826923076923078
4 0.30288461538461536 0.22596153846153846 0.05048076923076923 0.10576923076923077
4 0.28125 0.4050480769230769 0.052884615384615384 0.10576923076923077
4 0.35697115384615385 0.5060096153846154 0.057692307692307696 0.10817307692307693
4 0.46634615384615385 0.29927884615384615 0.052884615384615384 0.10336538461538461
3 0.5432692307692307 0.390625 0.06009615384615385 0.13701923076923078
7 0.5408653846153846 0.6045673076923077 0.06490384615384616 0.14423076923076922
11 0.625 0.28725961538461536 0.06971153846153846 0.17548076923076922
8 0.7163461538461539 0.3641826923076923 0.07451923076923077 0.1971153846153846
9 0.6274038461538461 0.49038461538461536 0.06490384615384616 0.14423076923076922
10 0.546875 0.29927884615384615 0.04807692307692308 0.10336538461538461
10 0.6983173076923077 0.20793269230769232 0.04807692307692308 0.10576923076923077
10 0.7211538461538461 0.6117788461538461 0.057692307692307696 0.11538461538461539
10 0.7019230769230769 0.052884615384615384 0.05048076923076923 0.0985576923076923
12 0.7788461538461539 0.054086538461538464 0.06009615384615385 0.0985576923076923
12 0.33533653846153844 0.7259615384615384 0.07211538461538461 0.14903846153846154