6 0.1243333004633489 0.7351232064780917 0.08015204797799608 0.14228843361481142
2 0.24416978773152873 0.5903827799772318 0.09017300246000982 0.21205591274760904
5 0.3745866361943141 0.27983290953224643 0.0683006392225428 0.1710646616218912
4 0.29447035249100445 0.20845094487198923 0.05111010178243502 0.10846676544718771
4 0.2729747874293876 0.3910243786378711 0.05591779409012739 0.10849473578281714
4 0.3481015716434126 0.49362837296249873 0.058321640243973474 0.10850872095063206
4 0.4599021969041303 0.2839351522204409 0.05590380892231268 0.10609088962897112
3 0.5374887679432607 0.3769377470974987 0.060907293579411985 0.13977270611844686
7 0.5350211871790985 0.5944788314366682 0.06575694139054879 0.14701221491561503
11 0.6210298150508967 0.2728529276948015 0.07076042604764811 0.1806940314050907
8 0.7131233740199926 0.35151635665567116 0.07808384585170486 0.1999667561393042
9 0.6222379293565776 0.47839575901646253 0.06575694139054879 0.14701221491561503
10 0.5416259735509922 0.2856125710030671 0.05109611661462023 0.10606291929334155
10 0.6960175489419231 0.19275762174321406 0.048706255628588865 0.10845278027937286
10 0.7176715393679618 0.6027532426521313 0.060767441901264124 0.11573424457998517
10 0.6992674977485643 0.04733891460333655 0.053346125922503734 0.07963459676884861
12 0.7785944208254875 0.04780042514122484 0.060543679216227546 0.07727270611844685
12 0.32516633565202113 0.7170601987598579 0.07299645018771682 0.15186186272675156