6 0.14423076923076922 0.7376179562227339 0.07692307692307693 0.13746675613930448
2 0.25961538461538464 0.5988661673547673 0.08413461538461539 0.20722025010428716
5 0.38461538461538464 0.2943049345426751 0.06490384615384616 0.16864683030023025
4 0.30649038461538464 0.22534080120407887 0.04807692307692308 0.1060489341255267
4 0.2848557692307692 0.40309955007836107 0.052884615384615384 0.10607690446115633
4 0.3605769230769231 0.5032996982491426 0.055288461538461536 0.10609088962897112
4 0.46875 0.2996021077238853 0.052884615384615384 0.10367305830731012
3 0.5444711538461539 0.3901868712792822 0.06009615384615385 0.1349650138107544
7 0.5432692307692307 0.6017183402338363 0.06490384615384616 0.14460836876176886
11 0.625 0.28849191286261633 0.0673076923076923 0.1758723539295835
8 0.7151442307692307 0.364737510501825 0.07451923076923077 0.19514507866379724
9 0.6274038461538461 0.489227051876585 0.0625 0.14459438359395393
10 0.5480769230769231 0.3000636182617736 0.04807692307692308 0.1012412418178344
10 0.6971153846153846 0.2107864678970602 0.04807692307692308 0.1060489341255267
10 0.7199519230769231 0.6099577885297622 0.057692307692307696 0.11331641325832437
10 0.7007211538461539 0.05696129180262856 0.04807692307692308 0.09883739566398823
12 0.7764423076923077 0.05860374766571773 0.0625 0.09892130667087702
12 0.3389423076923077 0.7207219086618863 0.07211538461538461 0.14705417041905924