8 0.8329326923076923 0.29199064296385135 0.08173076923076923 0.2124894851393002
10 0.7235576923076923 0.16345564400434015 0.057692307692307696 0.10884438770013952
10 0.7379807692307693 0.33516281631007455 0.0625 0.11851571488027937
12 0.5612980769230769 0.3288052440263671 0.0625 0.14015033026489476
7 0.5540865384615384 0.43105261941196144 0.0673076923076923 0.14982165744503462
10 0.6418269230769231 0.557435513759025 0.06490384615384616 0.12094753231650301
11 0.22235576923076922 0.31472034868776366 0.07692307692307693 0.18358738872839112
2 0.30288461538461536 0.30657177226657534 0.08173076923076923 0.20527794667776172
6 0.7283653846153846 0.06364008605496958 0.0625 0.1257272533418178
4 0.6526442307692307 0.43711733529601804 0.057692307692307696 0.1208636184693703
4 0.45552884615384615 0.6629686727586741 0.0625 0.12091956103412553
4 0.40865384615384615 0.33899488199580674 0.052884615384615384 0.12080767590461505