8 0.1665630402958256 0.29131124100279826 0.08298943433410094 0.2172971774469925
10 0.2791110706794856 0.15779903791070105 0.06073947156563442 0.1112762051363633
10 0.2624721460129128 0.33225969740000166 0.06319925839073985 0.12091956103412553
12 0.44160763256180313 0.3217623753244083 0.06331113973325814 0.14015033026489476
7 0.4482178088073053 0.4250438460926601 0.06818875788002451 0.15222550359888076
10 0.3585203020529985 0.555886475848324 0.06800695069843216 0.12097550359888078
11 0.7866644443973372 0.2997196501493755 0.0779999348448164 0.18599123488223726
2 0.7049826232539197 0.29225721221175266 0.08533733981668781 0.2077097641139855
6 0.2748767702521999 0.061080457419336424 0.06322722872636942 0.12216091483867285
4 0.34961116841226114 0.4346041302086036 0.05839156608304755 0.1208636184693703
4 0.5478157934069011 0.6582440522328006 0.06560310454458601 0.12094753231650329
4 0.5978086844744512 0.32835770350832544 0.053583873775355235 0.12080767590461505