8 0.8411948379890191 0.29200116901654344 0.0842481846447539 0.21682164955185698
10 0.7278775713044046 0.160439940858393 0.06138283283552381 0.110926552272293
10 0.7455444749179699 0.335829806498366 0.06389856411888016 0.1205559220554924
12 0.5651581138911868 0.32846523254601423 0.06415030566027888 0.1421905374401078
7 0.5591493405718854 0.43187257266484325 0.06909785437985914 0.15423773854496814
10 0.6496160831537726 0.5623647368403112 0.06873422770895023 0.12298773854496813
11 0.21879448311950853 0.3124502505574988 0.07910483694853031 0.18794752537007342
2 0.30042735286195615 0.30356129331333415 0.08654014566908959 0.20722025010428716
6 0.7315104697522373 0.061667081159870185 0.06398247796601317 0.12333416231974037
4 0.6590068554448224 0.4397056497389907 0.059090871811188134 0.12052795171986283
4 0.4609289877833525 0.6680368727899878 0.06633038155510408 0.12297375337715348
4 0.4090060133795084 0.33778772999243756 0.05428317950349582 0.12049998138423326