8 0.15207003753367468 0.30439341079831456 0.08779712664179325 0.21684961988748655
10 0.2622282069313033 0.1691417010473567 0.06314331771948065 0.11094053744010779
10 0.24918805891159237 0.34469239611719993 0.06560310454458601 0.1205699072233072
12 0.4283445232122048 0.33163127034576684 0.06572897105491922 0.14220452260792257
7 0.4373585456115532 0.4349407142898922 0.07059260403387067 0.15184787755893675
10 0.34885596935026214 0.5664607882997477 0.06802093586624694 0.12298773854496813
11 0.7722343748903527 0.30559292980978936 0.08041776616647721 0.18796151053788834
2 0.6905455611630279 0.29885688705395397 0.08775517113834862 0.2096380814259481
6 0.2568129611788168 0.06701320242843216 0.06565904521584515 0.13018529183869182
4 0.33754298955567863 0.44513648336959094 0.05840555125086233 0.12293179787370899
4 0.5393743615328099 0.6663105059200098 0.06802093586624694 0.12298773854496813
4 0.5845595602926679 0.33673184982242044 0.05598771992920139 0.12051396655204805