8 0.8431548290127218 0.3088942307692308 0.08779712664179311 0.21634615384615385
10 0.734556005826443 0.17548076923076922 0.06314331771948044 0.11057692307692307
10 0.745561311929101 0.34975961538461536 0.06560310454458573 0.1201923076923077
12 0.5665446993066365 0.33774038461538464 0.06572897105491922 0.14182692307692307
7 0.5575298755521387 0.4411057692307692 0.07059260403387067 0.15144230769230768
10 0.6433061454446938 0.5721153846153846 0.06802093586624681 0.12259615384615384
11 0.22293455098478443 0.3137019230769231 0.08041776616647721 0.1875
2 0.3047002831350907 0.3076923076923077 0.08775517113834883 0.2091346153846154
6 0.7411599908431872 0.0733173076923077 0.06565904521584515 0.12980769230769232
4 0.6560316271885718 0.45072115384615385 0.05840555125086247 0.12259615384615384
4 0.45040408350487265 0.6742788461538461 0.06802093586624681 0.12259615384615384
4 0.4102527438031921 0.3449519230769231 0.05598771992920139 0.1201923076923077