8 0.8353365384615384 0.2980769230769231 0.08173076923076923 0.21394230769230768
10 0.7247596153846154 0.16826923076923078 0.057692307692307696 0.10817307692307693
10 0.7403846153846154 0.34134615384615385 0.0625 0.11778846153846154
12 0.5625 0.3329326923076923 0.0625 0.13942307692307693
7 0.5552884615384616 0.43509615384615385 0.0673076923076923 0.14903846153846154
10 0.6430288461538461 0.5637019230769231 0.06490384615384616 0.1201923076923077
11 0.22235576923076922 0.31490384615384615 0.07692307692307693 0.18269230769230768
2 0.30288461538461536 0.30649038461538464 0.08173076923076923 0.20673076923076922
6 0.7295673076923077 0.0673076923076923 0.0625 0.12740384615384615
4 0.6538461538461539 0.4423076923076923 0.057692307692307696 0.1201923076923077
4 0.45552884615384615 0.6670673076923077 0.0625 0.1201923076923077
4 0.40865384615384615 0.34134615384615385 0.052884615384615384 0.1201923076923077