8 0.16724659483182 0.2954641007610044 0.08662405951622244 0.21443178856582554
10 0.2804939333104906 0.16991248798746936 0.061354861553146185 0.10852270611844685
10 0.25927720303091123 0.34047368356802793 0.06387059283650275 0.11815207590164625
12 0.43482790046762443 0.3354849854338927 0.06412233437790126 0.13978669128626164
7 0.4396627219923804 0.4364814868149681 0.07144575796895006 0.1494440314050906
10 0.34925192197524824 0.5621659586827437 0.06870625642657274 0.12058389239112198
11 0.7739100645718202 0.3254376633265482 0.08145274053762108 0.18315381823019605
2 0.6946810409832188 0.31656269125019837 0.0865121743867121 0.204816403950441
6 0.27804897229839204 0.07013189485113178 0.06395450668363555 0.1253636143631847
4 0.3434249619914013 0.4431336185639147 0.05906290052881037 0.11812410556601668
4 0.5319154163198643 0.6690050547898065 0.0663024102727266 0.12056990722330706
4 0.587346260466156 0.3471903512824399 0.05665905437496422 0.11811012039820189