8 0.8353899548303515 0.30040763797109754 0.08905587695244595 0.21684961988748655
10 0.7275673610023088 0.16763050156820927 0.06378667898936996 0.11094053744010779
10 0.7375726594403518 0.34063749880605837 0.06630241027272632 0.1205699072233072
12 0.5598139148264356 0.33085509353204556 0.06655415181412504 0.14220452260792257
7 0.548995765068814 0.4342764188186894 0.07147372925132768 0.15184787755893675
10 0.6340237773588847 0.563580645085049 0.06873422770895023 0.12298773854496813
11 0.2187474738040579 0.30880252582328516 0.08150868310237645 0.1879615105378882
2 0.2993462481638481 0.3023244073168741 0.08894399182293575 0.20723423527210194
6 0.7347657558879725 0.06543207711021073 0.06398247796601317 0.12776746051703086
4 0.6474555578881845 0.4421164884767443 0.059090871811187856 0.12052795171986283
4 0.442945137345179 0.6656470118039564 0.06873422770895023 0.12298773854496813
4 0.40469590969741465 0.33776675224071534 0.056687025657341975 0.12051396655204805