8 0.15985576923076922 0.3022264481834276 0.08653846153846154 0.21494927385790158
10 0.26802884615384615 0.16995812509181984 0.06009615384615385 0.10887235898251714
10 0.25600961538461536 0.34197298150370786 0.06490384615384616 0.118543686162657
12 0.4326923076923077 0.32789786147972294 0.0625 0.14015033026489476
7 0.4411057692307692 0.4299634235298629 0.06971153846153846 0.1498496287274121
10 0.3557692307692308 0.5595621732850371 0.0673076923076923 0.12097550359888078
11 0.7704326923076923 0.3011313578441307 0.07932692307692307 0.1860192061646149
2 0.6899038461538461 0.2948568573422421 0.08413461538461539 0.2077097641139855
6 0.2620192307692308 0.0690665148362254 0.0625 0.12813109949566395
4 0.34375 0.4407116450815406 0.057692307692307696 0.1208636184693703
4 0.5432692307692307 0.6571400286441992 0.06490384615384616 0.12094753231650329
4 0.5865384615384616 0.33331923786909456 0.055288461538461536 0.12083564718699268