8 0.8371266399418325 0.3076923076923077 0.08779712664179311 0.21634615384615385
10 0.7281843787889416 0.17548076923076922 0.06314331771948044 0.11057692307692307
10 0.7400086185639148 0.3485576923076923 0.06560310454458601 0.1201923076923077
12 0.5620610699241327 0.33774038461538464 0.06572897105491922 0.14182692307692307
7 0.5542419780178001 0.43990384615384615 0.07059260403387067 0.15144230769230768
10 0.640340708125245 0.5709134615384616 0.06802093586624708 0.12259615384615384
11 0.22057506439983096 0.3137019230769231 0.08041776616647721 0.1875
2 0.3010619550502327 0.30649038461538464 0.08774118597053403 0.20673076923076922
6 0.732397701464505 0.0733173076923077 0.06324121389418408 0.12740384615384615
4 0.6528556109967515 0.4495192307692308 0.05839156608304755 0.1201923076923077
4 0.4510242390196203 0.671875 0.06802093586624681 0.12259615384615384
4 0.40704795592059284 0.34375 0.05598771992920139 0.1201923076923077