2 0.7721878308684492 0.29720044602305 0.0853792953201323 0.21443178856582562
1 0.598264805138731 0.15277468579802306 0.053723725453503096 0.14453844292269477
6 0.5689571407546888 0.07361558473487755 0.06328316939762857 0.13497899897856933
6 0.5206091096156761 0.4404958117205267 0.07303840569116118 0.15907340118829
4 0.6846991792737309 0.34098013541752087 0.05839156608304727 0.12052795171986283
4 0.7497934279033758 0.7865299825927976 0.06322722872636942 0.12536361436318472
4 0.5460181175999878 0.6759328831193019 0.06564506004803036 0.1277814456848455
4 0.6089298786953747 0.539744968479902 0.05844750675430669 0.13014333633524744
4 0.4121135724777094 0.1790989209190544 0.05351394793628117 0.10848075061500242
4 0.48900867906515677 0.17384370324128862 0.0583356254117884 0.11091256710447822
3 0.598118762231825 0.33427206299731504 0.06820274304783944 0.15423773854496814
3 0.44329605070408373 0.7871111684122613 0.07309434636242032 0.16868878580367463
11 0.34099033342202595 0.1434537910618986 0.06838455022943166 0.18548773854496814
9 0.2306325845116805 0.8015700096100246 0.08990728427152862 0.16638283582453212
12 0.18800346604133267 0.08544761844890741 0.06565904521584515 0.13018529183869182
7 0.35108201509826303 0.4318663814360853 0.07063455953731503 0.15905941602047521
7 0.17996061144996325 0.14919848961318227 0.06585483756525229 0.16383913799253796
8 0.15024897990959085 0.4138033737178516 0.09738454092154826 0.2120978682510534
10 0.40673248828961045 0.08056919894699172 0.05834961057960305 0.11331641325832437
10 0.26658997657922096 0.16432002357184958 0.0583635957474179 0.11572025941217053
10 0.2519719086618863 0.33748785023956884 0.051152057285879446 0.11567830390872616
10 0.25258026346182993 0.44205515793187655 0.0607954122368937 0.12054193688767761
10 0.35186518449589166 0.5664817660514699 0.06804890620187652 0.12779543085266043