2 0.7709439522880819 0.29447115384615385 0.08778314147397846 0.21394230769230768
1 0.594645050740147 0.15384615384615385 0.053723725453503096 0.14423076923076922
6 0.5665463020169353 0.07572115384615384 0.06567303038365993 0.13221153846153846
6 0.5229849854338927 0.4387019230769231 0.07545623701282213 0.16105769230769232
4 0.6846572237702867 0.33774038461538464 0.060781427069078776 0.11778846153846154
4 0.7557331174489172 0.7788461538461539 0.06322722872636942 0.125
4 0.5519787848972513 0.6706730769230769 0.06564506004803036 0.12740384615384615
4 0.6136956154996227 0.5360576923076923 0.05844750675430669 0.12980769230769232
4 0.410904656816879 0.18028846153846154 0.05351394793628117 0.10817307692307693
4 0.4877927708204189 0.17427884615384615 0.058321640243973474 0.10817307692307693
3 0.5980977844801029 0.33413461538461536 0.07060658920168546 0.15384615384615385
3 0.4528764723999314 0.7836538461538461 0.07549819251626662 0.16826923076923078
11 0.34099732600593335 0.1466346153846154 0.07077441121546303 0.18269230769230768
9 0.2426378301130965 0.8004807692307693 0.09231113042537477 0.1658653846153846
12 0.1880314363769623 0.09134615384615384 0.0680628913696913 0.12980769230769232
7 0.355882714822048 0.4326923076923077 0.0730244205233464 0.15625
7 0.182392427939439 0.15504807692307693 0.06825868371909845 0.16346153846153846
8 0.15746751095503672 0.41586538461538464 0.0997744019075796 0.2091346153846154
10 0.4055305652126874 0.0829326923076923 0.0607534567334492 0.11298076923076923
10 0.26780588482395884 0.16826923076923078 0.05836359574741797 0.11538461538461539
10 0.2567935861373934 0.34134615384615385 0.051152057285879446 0.11538461538461539
10 0.2585968714303527 0.44471153846153844 0.06319925839073985 0.1201923076923077
10 0.359055745205708 0.5649038461538461 0.06804890620187652 0.12740384615384615