2 0.7740384615384616 0.30288461538461536 0.08653846153846154 0.21394230769230768
1 0.6057692307692307 0.15504807692307693 0.052884615384615384 0.14423076923076922
6 0.5793269230769231 0.07692307692307693 0.06490384615384616 0.13221153846153846
6 0.5228365384615384 0.4362980769230769 0.07451923076923077 0.15865384615384615
4 0.6862980769230769 0.3425480769230769 0.06009615384615385 0.11778846153846154
4 0.7403846153846154 0.7836538461538461 0.0625 0.125
4 0.5432692307692307 0.6694711538461539 0.06490384615384616 0.12740384615384615
4 0.6069711538461539 0.5384615384615384 0.057692307692307696 0.12740384615384615
4 0.421875 0.17668269230769232 0.052884615384615384 0.10817307692307693
4 0.4987980769230769 0.17427884615384615 0.057692307692307696 0.10817307692307693
3 0.6009615384615384 0.33413461538461536 0.06971153846153846 0.15384615384615385
3 0.4387019230769231 0.7776442307692307 0.07451923076923077 0.16826923076923078
11 0.35216346153846156 0.140625 0.06971153846153846 0.18269230769230768
9 0.22956730769230768 0.7860576923076923 0.09134615384615384 0.1658653846153846
12 0.203125 0.08052884615384616 0.06490384615384616 0.12980769230769232
7 0.35697115384615385 0.4254807692307692 0.07211538461538461 0.15625
7 0.19471153846153846 0.14302884615384615 0.0673076923076923 0.16346153846153846
8 0.15865384615384615 0.4026442307692308 0.09615384615384616 0.2091346153846154
10 0.41947115384615385 0.08052884615384616 0.06009615384615385 0.11298076923076923
10 0.27884615384615385 0.15985576923076922 0.057692307692307696 0.11538461538461539
10 0.25961538461538464 0.3293269230769231 0.05048076923076923 0.11538461538461539
10 0.25961538461538464 0.4326923076923077 0.06009615384615385 0.1201923076923077
10 0.3545673076923077 0.5576923076923077 0.0673076923076923 0.125