2 0.2413513087572709 0.2882789299247967 0.09145972310629237 0.21686360505530133
1 0.4163836954046844 0.14542409701348608 0.05699470976349566 0.1469562742443557
6 0.4443067969323772 0.06671292199798874 0.06647023796699217 0.13342584399597748
6 0.49304357134111615 0.43225716477975024 0.07639330668853048 0.1614912325099511
4 0.32839325337852937 0.33104469465269476 0.06149471796503415 0.12054193688767761
4 0.2638564021568483 0.7761618029808623 0.06635835283748176 0.12537759953099936
4 0.46812654060370207 0.6667929942096203 0.06879017027370547 0.12779543085266043
4 0.4052480862262904 0.53133230829659 0.05920275694069847 0.13014333633524744
4 0.602989456433915 0.17078255420014704 0.05414332309160759 0.10848075061500242
4 0.524794528227971 0.16522745676951253 0.058978986681677656 0.11091256710447822
3 0.4148897579934245 0.3269354593805929 0.07393351796992907 0.15666955503444385
3 0.5704027293369881 0.7791863863921681 0.07890903797188696 0.17112060229315035
11 0.6722954113009781 0.1355212151027487 0.07186532720461422 0.18550172371278295
9 0.783338912929016 0.7947756221174818 0.0933041436125864 0.1688006671461929
12 0.825512211293636 0.08053962590106327 0.06881814155608296 0.1301992770065066
7 0.662444796981326 0.42526159506419164 0.0739614892523067 0.15907340118829
7 0.833451003096992 0.14299767039761888 0.0692377107917471 0.1662569693141989
8 0.8629701518508366 0.40726691047473307 0.10101916515692175 0.21211185341886818
10 0.6066503261641254 0.07219689155682513 0.06141080411790129 0.11333039842613914
10 0.7470803692527961 0.15792421336202847 0.05906290052881065 0.11812410556601668
10 0.7611275179944036 0.33213313367680064 0.05422723693874058 0.11569228907654096
10 0.7611423457009063 0.4367074339530157 0.06389856411888044 0.1205559220554924
10 0.6615933569994371 0.558689041770468 0.06879017027370547 0.12779543085266043