2 0.7686845463308428 0.29599852294612694 0.0853792953201323 0.21443178856582562
1 0.5964537259067149 0.15157276272109999 0.053723725453503096 0.14453844292269477
6 0.569264013091465 0.07360859215097015 0.06328316939762857 0.13497899897856933
6 0.516664490936754 0.43808497298277316 0.07303840569116118 0.15907340118829
4 0.6806994212786991 0.3385762892636747 0.058377580915232624 0.11812410556601668
4 0.7406191578168693 0.7817222902851053 0.06322722872636942 0.12536361436318472
4 0.539339398613273 0.6723201213046253 0.06564506004803036 0.1277814456848455
4 0.6038244910878247 0.5373341297421484 0.05844750675430669 0.13014333633524744
4 0.41121772038241305 0.17668808218130086 0.05351394793628117 0.10848075061500242
4 0.48816876764111955 0.17143286450353507 0.0583356254117884 0.11091256710447822
3 0.5941959226597746 0.33307013992039197 0.0682027430478393 0.15423773854496814
3 0.4353306962784077 0.7834984065975845 0.07309434636242046 0.16868878580367463
11 0.34050704377726604 0.14224487540106814 0.06837056506161687 0.18308389239112197
9 0.22491723939388783 0.7979432626275332 0.08750343811768246 0.16636885065671747
12 0.18940038011251348 0.08543363328109262 0.06565904521584515 0.13018529183869182
7 0.3484512008387825 0.42944855011442434 0.06823071338346888 0.15904543085266043
7 0.1818252272877903 0.147975588784537 0.06585483756525229 0.16383913799253796
8 0.1490438514120701 0.41137854981228317 0.09737055575373343 0.20969402209720725
10 0.408178350448143 0.07935329070225383 0.0583356254117884 0.11091256710447818
10 0.2670708621585326 0.16310411532711172 0.0583635957474179 0.11572025941217053
10 0.25043893007586726 0.33627194199483096 0.048748211132033356 0.11566431874091138
10 0.249837567859831 0.4396373266102156 0.0607954122368937 0.12054193688767761
10 0.3476750240250613 0.5628620116528859 0.06803492103406174 0.12539158469881428