2 0.7757796149314037 0.29477562211748165 0.0853792953201323 0.21443178856582562
1 0.6006546661247624 0.15035685447636213 0.053723725453503096 0.14453844292269477
6 0.5725489248176433 0.0711907608293092 0.06328316939762857 0.13497899897856933
6 0.5229989706017075 0.4380779803988658 0.07303840569116118 0.15907340118829
4 0.687082047675855 0.33736038101893684 0.05839156608304755 0.12052795171986283
4 0.7521762963054996 0.7829102281942136 0.06322722872636942 0.12536361436318472
4 0.5496029090790348 0.6723061361368105 0.06564506004803036 0.1277814456848455
4 0.6125216627583292 0.5373201445743336 0.05844750675430669 0.13014333633524744
4 0.41449644087983345 0.1754791665204704 0.05351394793628117 0.10848075061500242
4 0.49259347054420377 0.1702169562587972 0.0583356254117884 0.11091256710447822
3 0.6005086232178564 0.33185423167565414 0.06820274304783944 0.15423773854496814
3 0.445685911690115 0.7846933370906002 0.07309434636242046 0.16868878580367463
11 0.34338019440805734 0.14103595974023767 0.06838455022943166 0.18548773854496814
9 0.23422436857463497 0.7991451857044561 0.08990728427152862 0.16638283582453212
12 0.19159525010428707 0.08302279454333907 0.06565904521584515 0.13018529183869182
7 0.3546737991612175 0.42944155753051694 0.07063455953731503 0.15905941602047521
7 0.1835523955129177 0.14677366570761394 0.06585483756525229 0.16383913799253796
8 0.1538337713886379 0.4101766267353601 0.09738454092154822 0.2120978682510534
10 0.4103172797686575 0.07694245196450027 0.05834961057960319 0.11331641325832437
10 0.2689798375652523 0.16190219225018865 0.05836359574741797 0.11572025941217053
10 0.2543617696479176 0.3350700189179079 0.05115205728587951 0.11567830390872616
10 0.2561720475247844 0.4396303340263082 0.0607954122368937 0.12054193688767761
10 0.3554499759749387 0.5628550190689784 0.06804890620187652 0.12779543085266043