2 0.2247596153846154 0.28125 0.0889423076923077 0.21634615384615385
1 0.4014423076923077 0.13822115384615385 0.055288461538461536 0.1466346153846154
6 0.43149038461538464 0.06370192307692307 0.06971153846153846 0.12740384615384615
6 0.47596153846153844 0.42788461538461536 0.07692307692307693 0.16346153846153846
4 0.3137019230769231 0.3245192307692308 0.06009615384615385 0.1201923076923077
4 0.24278846153846154 0.7716346153846154 0.06490384615384616 0.12740384615384615
4 0.4483173076923077 0.6634615384615384 0.0673076923076923 0.12980769230769232
4 0.3870192307692308 0.5252403846153846 0.057692307692307696 0.12980769230769232
4 0.5889423076923077 0.16466346153846154 0.052884615384615384 0.10817307692307693
4 0.5108173076923077 0.15865384615384615 0.057692307692307696 0.11057692307692307
3 0.40024038461538464 0.32091346153846156 0.07211538461538461 0.15625
3 0.5504807692307693 0.7764423076923077 0.07692307692307693 0.17067307692307693
11 0.6598557692307693 0.12980769230769232 0.06971153846153846 0.1875
9 0.7632211538461539 0.7932692307692307 0.09134615384615384 0.16826923076923078
12 0.8149038461538461 0.07572115384615384 0.0673076923076923 0.13221153846153846
7 0.6466346153846154 0.4206730769230769 0.07211538461538461 0.15865384615384615
7 0.8221153846153846 0.13942307692307693 0.0673076923076923 0.1658653846153846
8 0.8485576923076923 0.40384615384615385 0.10096153846153846 0.21394230769230768
10 0.59375 0.06610576923076923 0.06009615384615385 0.11298076923076923
10 0.734375 0.15264423076923078 0.057692307692307696 0.11778846153846154
10 0.7487980769230769 0.328125 0.052884615384615384 0.11778846153846154
10 0.7451923076923077 0.4326923076923077 0.0625 0.12259615384615384
10 0.6442307692307693 0.5552884615384616 0.06971153846153846 0.12740384615384615