2 0.7668269230769231 0.3009901467707644 0.0889423076923077 0.21738109129412536
1 0.5913461538461539 0.15712132008027602 0.055288461538461536 0.14727795487930037
6 0.5612980769230769 0.07744475597363286 0.06490384615384616 0.13537060923958
6 0.5168269230769231 0.4435138257111856 0.07451923076923077 0.16192480206139812
4 0.6802884615384616 0.3432524113744014 0.06009615384615385 0.12089158975174791
4 0.75 0.7887751170248904 0.06490384615384616 0.12575522462419533
4 0.5456730769230769 0.6782244810997168 0.0673076923076923 0.12818704206041895
4 0.6069711538461539 0.5431204411080383 0.057692307692307696 0.1304790030847549
4 0.4050480769230769 0.18139585338831915 0.052884615384615384 0.10878844513538428
4 0.48197115384615385 0.17628131903978722 0.057692307692307696 0.11124823385398568
3 0.59375 0.3386396759780383 0.07211538461538461 0.15708913847132833
3 0.44350961538461536 0.7912183939063607 0.07692307692307693 0.1715681579591602
11 0.33413461538461536 0.14571493132741048 0.06971153846153846 0.18590732103510443
9 0.23076923076923078 0.8043679354159428 0.09134615384615384 0.16933213949958004
12 0.18028846153846154 0.08983823079370518 0.0673076923076923 0.13059088821426532
7 0.3473557692307692 0.4355322349189489 0.07211538461538461 0.15949298462517433
7 0.17307692307692307 0.15345624002349542 0.0673076923076923 0.16664858052195763
8 0.1466346153846154 0.4163697097634956 0.0985576923076923 0.2126852841159434
10 0.39903846153846156 0.08276823287468282 0.06009615384615385 0.11368005129020942
10 0.25961538461538464 0.16768436003524315 0.057692307692307696 0.11845977231552414
10 0.24759615384615385 0.34182334977720125 0.052884615384615384 0.11599998359692275
10 0.24879807692307693 0.4464046431106977 0.0625 0.12091956103412553
10 0.34975961538461536 0.568973667739788 0.0673076923076923 0.12818704206041923