2 0.7872596153846154 0.2932692307692308 0.0889423076923077 0.21634615384615385
1 0.6153846153846154 0.14543269230769232 0.055288461538461536 0.1466346153846154
6 0.5889423076923077 0.0673076923076923 0.0673076923076923 0.13221153846153846
6 0.53125 0.43028846153846156 0.07451923076923077 0.16105769230769232
4 0.6971153846153846 0.33413461538461536 0.06009615384615385 0.1201923076923077
4 0.7524038461538461 0.78125 0.06490384615384616 0.125
4 0.5516826923076923 0.6658653846153846 0.0673076923076923 0.12740384615384615
4 0.6177884615384616 0.5324519230769231 0.057692307692307696 0.12980769230769232
4 0.42908653846153844 0.1658653846153846 0.052884615384615384 0.10817307692307693
4 0.5060096153846154 0.16346153846153846 0.057692307692307696 0.11057692307692307
3 0.6117788461538461 0.3269230769230769 0.07211538461538461 0.15625
3 0.44591346153846156 0.7752403846153846 0.07692307692307693 0.17067307692307693
11 0.3581730769230769 0.12980769230769232 0.06971153846153846 0.18509615384615385
9 0.23317307692307693 0.7848557692307693 0.09134615384615384 0.16826923076923078
12 0.20673076923076922 0.06850961538461539 0.0673076923076923 0.12980769230769232
7 0.36177884615384615 0.4182692307692308 0.07211538461538461 0.15865384615384615
7 0.1971153846153846 0.13221153846153846 0.0673076923076923 0.1658653846153846
8 0.16105769230769232 0.3954326923076923 0.0985576923076923 0.21153846153846154
10 0.4254807692307692 0.0673076923076923 0.06009615384615385 0.11298076923076923
10 0.28365384615384615 0.14903846153846154 0.057692307692307696 0.11778846153846154
10 0.265625 0.32211538461538464 0.052884615384615384 0.11538461538461539
10 0.26322115384615385 0.4266826923076923 0.0625 0.1201923076923077
10 0.359375 0.5528846153846154 0.0673076923076923 0.12740384615384615