2 0.7735132163902573 0.296875 0.08778314147397846 0.21394230769230768
1 0.604895157780806 0.1502403846153846 0.053723725453503096 0.14423076923076922
6 0.5789143606263866 0.07091346153846154 0.06567303038366007 0.13221153846153846
6 0.5203192082548751 0.4326923076923077 0.07545623701282213 0.16105769230769232
4 0.6843331608450979 0.33774038461538464 0.060781427069078776 0.11778846153846154
4 0.7370413589217295 0.78125 0.06322722872636942 0.125
4 0.5393883467006247 0.6670673076923077 0.06564506004803036 0.12740384615384615
4 0.6050683696681921 0.5336538461538461 0.05844750675430669 0.12980769230769232
4 0.41967313742431894 0.171875 0.05351394793628117 0.10817307692307693
4 0.49661719209911814 0.16826923076923078 0.058321640243973474 0.10817307692307693
3 0.5990455704709113 0.3293269230769231 0.07060658920168546 0.15384615384615385
3 0.4329967759636355 0.7740384615384616 0.07549819251626648 0.16826923076923078
11 0.35017836906390987 0.1346153846153846 0.07077441121546303 0.18269230769230768
9 0.22380621990776092 0.7836538461538461 0.09231113042537477 0.1658653846153846
12 0.2014895367208182 0.07451923076923077 0.0680628913696913 0.12980769230769232
7 0.35332182640164134 0.4206730769230769 0.0730244205233464 0.15625
7 0.1915175303261563 0.13581730769230768 0.06825868371909845 0.16346153846153846
8 0.15393545472665118 0.39783653846153844 0.0997744019075796 0.2091346153846154
10 0.41784268315087947 0.0733173076923077 0.0607534567334492 0.11298076923076923
10 0.2767491800290838 0.15384615384615385 0.05836359574741797 0.11538461538461539
10 0.2577273869603871 0.3245192307692308 0.051152057285879446 0.11538461538461539
10 0.25472217859050467 0.42788461538461536 0.06319925839073985 0.1201923076923077
10 0.35014180343407403 0.5540865384615384 0.06804890620187652 0.12740384615384615