11 0.3422132342506712 0.15301038363608177 0.0756100738587849 0.18836710975370582
8 0.16467904941657519 0.41775344617587307 0.09264677445292992 0.22462060103804132
12 0.19162322043991672 0.09116602464132748 0.06568701555147473 0.13537060923958
7 0.18237844277162418 0.15475606258874014 0.0682027430478393 0.15462934975272685
7 0.35708463789897105 0.43681807184300475 0.07542826667719255 0.1571171097537058
9 0.24502769109912778 0.8008740513146838 0.09240902660007841 0.1837552164226567
10 0.41035923527210194 0.0913075651838436 0.05115205728587951 0.11597201231454515
10 0.2702027383938976 0.17020009131859973 0.06080939740470848 0.12329543590559407
10 0.26042732570379223 0.3491607590094389 0.05840555125086233 0.12326746462321644
10 0.26218865549330717 0.44532859080447385 0.07043876718790788 0.12581116718895055
10 0.3650933309259529 0.5739212164593683 0.058433521586491906 0.12807515693090876
2 0.7757516445957742 0.3034779067717434 0.08772720080271931 0.20533388924251697
1 0.5958539664009774 0.16197096931153476 0.05375169578913281 0.1496538297507689
3 0.4528624872321166 0.7864666441634238 0.08033385515958849 0.17399997539538412
3 0.4365366261310779 0.2526589559565008 0.07531638533467426 0.13788634052293658
6 0.5665602871847502 0.08471223699992654 0.06324121389418422 0.12813109949566392
6 0.528994600818508 0.44482763391761904 0.0681048468731358 0.13780242667580384
4 0.759366857015316 0.7924368288204149 0.06322722872636942 0.12572725334181784
4 0.41451042604764826 0.18509952210741001 0.05591779409012732 0.10881641641776191
4 0.4901826318064503 0.1775671559638431 0.05590380892231254 0.10641257026391575
4 0.6894719086618863 0.3469420944523034 0.05113807211806486 0.11356816616069897
4 0.6173223624821141 0.5468101241859402 0.058419536418677115 0.1256713107770626
4 0.5519578071455291 0.6734447600744022 0.06560310454458601 0.12094753231650329