11 0.6625874654731135 0.1502403846153846 0.07562405902659955 0.18990384615384615
8 0.8425045187093337 0.4206730769230769 0.09266075962074456 0.22596153846153846
12 0.8143724097768839 0.09134615384615384 0.06568701555147473 0.1346153846153846
7 0.8248261031060069 0.15384615384615385 0.06821672821565408 0.15625
7 0.6476950840730916 0.4375 0.0778321128310387 0.15625
9 0.7609329761981358 0.8064903846153846 0.09481287275392457 0.18269230769230768
10 0.59323954137476 0.08774038461538461 0.05115205728587951 0.11538461538461539
10 0.7357998844068104 0.16826923076923078 0.060823382572523274 0.125
10 0.7443523962682705 0.35096153846153844 0.060823382572523274 0.125
10 0.7437859969717712 0.4483173076923077 0.07043876718790788 0.125
10 0.6384774753852793 0.5757211538461539 0.06083736774033792 0.12740384615384615
2 0.2242273776525037 0.2980769230769231 0.08772720080271924 0.20432692307692307
1 0.4065358945850539 0.15745192307692307 0.056169527110793746 0.15144230769230768
3 0.551896256988224 0.7896634615384616 0.08033385515958849 0.17307692307692307
3 0.5670551579318766 0.25 0.07773421665633506 0.13942307692307693
6 0.43583656638518864 0.07932692307692307 0.063255199061999 0.12980769230769232
6 0.4745831980766316 0.44350961538461536 0.0705226781947966 0.13942307692307693
4 0.24059118748123964 0.7908653846153846 0.06563107488021558 0.125
4 0.5890813580153063 0.18269230769230768 0.05591779409012732 0.10817307692307693
4 0.5134091522565042 0.17427884615384615 0.05591779409012732 0.10817307692307693
4 0.31170204407940716 0.34375 0.051138072118064724 0.11298076923076923
4 0.3850465207521951 0.5456730769230769 0.060823382572523274 0.125
4 0.4492021604279496 0.6742788461538461 0.06560310454458601 0.1201923076923077