11 0.65625 0.15186692931985604 0.07211538461538461 0.18593529231748207
8 0.8389423076923077 0.41721390062670805 0.08653846153846154 0.22216081231944004
12 0.8040865384615384 0.09228908626300197 0.0625 0.13293879180335624
7 0.8149038461538461 0.15371303395677813 0.0625 0.15457340718797166
7 0.6478365384615384 0.43542287598538054 0.07211538461538461 0.15468529231748215
9 0.7668269230769231 0.7973843775399951 0.0889423076923077 0.1789195528325869
10 0.5865384615384616 0.09095960828475157 0.04807692307692308 0.11594404103216754
10 0.7283653846153846 0.16953299086810733 0.057692307692307696 0.1208636184693703
10 0.7415865384615384 0.34877337138272263 0.057692307692307696 0.12326746462321644
10 0.7427884615384616 0.4449412031777576 0.0673076923076923 0.12578319590657308
10 0.6418269230769231 0.5711702554717443 0.057692307692307696 0.1256713107770626
2 0.2283653846153846 0.2995322718258727 0.08173076923076923 0.20287410052391558
1 0.40384615384615385 0.15974725236251494 0.05048076923076923 0.14962585846839127
3 0.5612980769230769 0.781771679050556 0.07692307692307693 0.16916431180531405
3 0.5637019230769231 0.2505496503329336 0.07211538461538461 0.1354545230867128
6 0.43149038461538464 0.08314584518678052 0.06009615384615385 0.12810312821328634
6 0.47716346153846156 0.44185037647503206 0.06490384615384616 0.1377744553934261
4 0.2548076923076923 0.7866188020858724 0.0625 0.12332340718797169
4 0.5841346153846154 0.18468163700237397 0.052884615384615384 0.10638459898153813
4 0.5084134615384616 0.1765890031459409 0.052884615384615384 0.10638459898153813
4 0.31490384615384615 0.3438084687606973 0.04807692307692308 0.1111363487244752
4 0.3918269230769231 0.5442227805660115 0.057692307692307696 0.12326746462321644
4 0.4579326923076923 0.6699919908313957 0.0625 0.12091956103412553