11 0.6530559918646178 0.13581730769230768 0.07320622770493876 0.1875
8 0.8366067846672366 0.4014423076923077 0.0878390821452376 0.22355769230769232
12 0.8036529982592798 0.07451923076923077 0.06328316939762857 0.1346153846153846
7 0.8141136841723102 0.13581730769230768 0.06579889689399301 0.15384615384615385
7 0.6429782953561956 0.421875 0.07301043535553174 0.15384615384615385
9 0.7622467806175772 0.7872596153846154 0.08999119527841734 0.18028846153846154
10 0.5837010751823567 0.07451923076923077 0.048748211132033356 0.11538461538461539
10 0.7262684107983147 0.15384615384615385 0.05840555125086247 0.12259615384615384
10 0.7384406770583586 0.33413461538461536 0.058419536418677115 0.125
10 0.7390831934226898 0.43028846153846156 0.06803492103406174 0.125
10 0.6373734484830599 0.5588942307692307 0.058419536418677115 0.125
2 0.22067055650908626 0.28966346153846156 0.08290552332721209 0.20192307692307693
1 0.3981853663017589 0.1466346153846154 0.05375169578913267 0.14903846153846154
3 0.5531890836559433 0.7740384615384616 0.07793000900574235 0.17307692307692307
3 0.5599205378933194 0.23677884615384615 0.07530240016685934 0.1346153846153846
6 0.42628411502497066 0.06850961538461539 0.06085135290815284 0.12980769230769232
6 0.47105434726884365 0.43028846153846156 0.06811883204095046 0.13942307692307693
4 0.24425289738326805 0.78125 0.06322722872636942 0.125
4 0.5807448148998261 0.16947115384615385 0.05349996276846652 0.10576923076923077
4 0.5050656165571166 0.1622596153846154 0.05349996276846652 0.10576923076923077
4 0.30815221551989713 0.33413461538461536 0.04872024079640365 0.11057692307692307
4 0.38390753093043856 0.5348557692307693 0.058419536418677115 0.125
4 0.450481001927854 0.6610576923076923 0.06319925839073985 0.1201923076923077