11 0.3389423076923077 0.1450945107232189 0.07451923076923077 0.18596326359985965
8 0.1622596153846154 0.412775399977973 0.0889423076923077 0.22218878360181768
12 0.19110576923076922 0.08912243689713407 0.06490384615384616 0.13296676308573385
7 0.18028846153846154 0.15054638459091021 0.0673076923076923 0.1522255035988807
7 0.35216346153846156 0.4261906686701421 0.07451923076923077 0.15471326359985965
9 0.23918269230769232 0.7892841650957357 0.09134615384615384 0.18135137026881082
10 0.4074519230769231 0.08299925225238017 0.05048076923076923 0.11356816616069901
10 0.2668269230769231 0.16396249534839327 0.06009615384615385 0.12329543590559407
10 0.25721153846153844 0.3431609189394421 0.057692307692307696 0.12326746462321644
10 0.25721153846153844 0.4381128420163653 0.0673076923076923 0.12337934975272692
10 0.359375 0.5619240625153169 0.057692307692307696 0.1256713107770626
2 0.7668269230769231 0.284346391690774 0.08413461538461539 0.20290207180629322
1 0.5901442307692307 0.1493830501762974 0.052884615384615384 0.14724998359692273
3 0.44471153846153844 0.7700656973755273 0.07932692307692307 0.17159612924153797
3 0.4326923076923077 0.24256132301818456 0.07451923076923077 0.13788634052293658
6 0.5612980769230769 0.07279562864175175 0.0625 0.12813109949566395
6 0.5216346153846154 0.4302283086471362 0.0673076923076923 0.13780242667580384
4 0.7487980769230769 0.7689311763086061 0.0625 0.12332340718797169
4 0.4098557692307692 0.17672128097000256 0.055288461538461536 0.10641257026391575
4 0.4855769230769231 0.16742672403664638 0.052884615384615384 0.10638459898153813
4 0.6814903846153846 0.32981052606133293 0.05048076923076923 0.11116432000685282
4 0.609375 0.5301688953018919 0.057692307692307696 0.12326746462321644
4 0.5444711538461539 0.6559241199260873 0.0625 0.11851571488027937