11 0.34338019440805734 0.14103595974023764 0.07319224253712396 0.18551570888059774
8 0.16221926259146982 0.405319986340316 0.08782509697742281 0.22165731219517887
12 0.19518703416724154 0.08059797063777072 0.06326918422981379 0.13257515282472318
7 0.1835244251772881 0.14196597339992162 0.063395050740147 0.15420976820933857
7 0.35343691316475745 0.423438934729809 0.07301043535553162 0.1542657088805977
9 0.23534937322857663 0.7859170392743949 0.08997721011060268 0.17840206659376287
10 0.41274210367422587 0.08053423602745471 0.048748211132033356 0.1156643187409113
10 0.27136270596737627 0.15828243785160462 0.05839156608304755 0.12052795171986283
10 0.2591834471234248 0.33744589473612446 0.05840555125086233 0.12293179787370899
10 0.25854093075909357 0.433606733473878 0.06803492103406174 0.12539158469881428
10 0.3590347674539857 0.5592282720864871 0.058419536418677115 0.12533564402755515
2 0.7721528679489122 0.29119083063843465 0.08290552332721236 0.20239857262878005
1 0.5958469738170701 0.15038482481199172 0.05134784963528652 0.14933215006257225
3 0.4420032240363645 0.7714931609961686 0.07790203867011264 0.1687167561393042
3 0.43650865579544834 0.24025714616398336 0.07289855401301318 0.13503493964982854
6 0.5677552176777658 0.07362257731878495 0.06083736774033806 0.12775347534921605
6 0.5241659307590936 0.432061372430343 0.06570100071928965 0.13739683030023025
4 0.7473406336621777 0.7781305062221511 0.06321324355855477 0.12295976820933856
4 0.41569137137284906 0.17427025085963993 0.05349996276846652 0.10607690446115633
4 0.49016864663863546 0.16662517219584275 0.05349996276846652 0.10607690446115633
4 0.6858661394311171 0.3349635274489981 0.04872024079640351 0.11085662643321907
4 0.6100968388527609 0.5337283605113792 0.05840555125086233 0.12293179787370899
4 0.5435233678553454 0.6603218682871166 0.06319925839073985 0.1205559220554924