11 0.6521399056211199 0.1466346153846154 0.07426917335846038 0.18509615384615385
8 0.8317833435342684 0.40865384615384615 0.08911181951720146 0.22115384615384615
12 0.800703697424476 0.08413461538461539 0.0640384205307684 0.13221153846153846
7 0.8107937517749659 0.1466346153846154 0.06429016207216712 0.15384615384615385
7 0.6404398184032895 0.42908653846153844 0.07390554668755146 0.15384615384615385
9 0.7552345106620328 0.7896634615384616 0.09101218258825074 0.1778846153846154
10 0.5831416348602103 0.08533653846153846 0.04941954463104828 0.11538461538461539
10 0.7240734769010501 0.1622596153846154 0.059090871811187856 0.1201923076923077
10 0.7352107702100721 0.34134615384615385 0.05911884309356562 0.12259615384615384
10 0.7352938419918907 0.4375 0.06876219899132799 0.125
10 0.6328498255643391 0.5649038461538461 0.05914681437594337 0.125
2 0.22249309944671516 0.2980769230769231 0.08408035695048827 0.20192307692307693
1 0.3996241743377632 0.15625 0.05221498873818083 0.14903846153846154
3 0.5498595065612636 0.7764423076923077 0.07888106668950948 0.16826923076923078
3 0.5584450061205609 0.24519230769230768 0.0736817764285305 0.1346153846153846
6 0.4281634861430774 0.07932692307692307 0.06157863181216701 0.12740384615384615
6 0.46966884199189085 0.4375 0.06649820924936979 0.13701923076923078
4 0.24327122245755733 0.7848557692307693 0.06392653540125799 0.12259615384615384
4 0.5796469086936374 0.17908653846153846 0.054115351809230106 0.10576923076923077
4 0.5040096686946165 0.171875 0.054115351809230106 0.10576923076923077
4 0.3085280779023798 0.34134615384615385 0.04936360206629304 0.11057692307692307
4 0.3831295383881152 0.5408653846153846 0.05911884309356562 0.12259615384615384
4 0.4477808009352489 0.6658653846153846 0.06389856411888044 0.1201923076923077