11 0.3453776693401249 0.13139959737313084 0.07320622770493876 0.18791955503444388
8 0.15753423137351302 0.3981084478787776 0.0878530673130524 0.22646500450287116
12 0.19550089908792506 0.06977367036155563 0.06328316939762857 0.1349789989785693
7 0.18311805395550956 0.1323435962006296 0.06579889689399315 0.15422375337715336
7 0.35212689590862567 0.41740834159347134 0.07301043535553148 0.1542657088805977
9 0.22859992704763846 0.7847011310296571 0.09240902660007841 0.18322374406926983
10 0.41665474524177115 0.06848703492259435 0.048748211132033356 0.1156643187409113
10 0.2719624654731137 0.14865306806840523 0.058419536418677115 0.1253356440275551
10 0.256490500963927 0.3290254406137555 0.058419536418677115 0.12533564402755515
10 0.2559171090835204 0.42758313292144784 0.06803492103406174 0.12539158469881428
10 0.35613044106696723 0.5556015251039956 0.058433521586491906 0.1277394901814013
2 0.7783768493692088 0.2827214284287139 0.08530936948105851 0.20241255779659478
1 0.6013313440534811 0.13952556161623964 0.05375169578913267 0.14934613523038703
3 0.4378114608552352 0.7702632675836159 0.07793000900574235 0.1735244484469965
3 0.4385402922919035 0.23181571428989223 0.07531638533467426 0.13745277097148942
6 0.5741416312382313 0.06332352219077415 0.063255199061999 0.1266470443815483
6 0.5251478783142896 0.42601679412619065 0.06811883204095046 0.1398146616218912
4 0.7478586666140372 0.7768726424739687 0.06322722872636942 0.12536361436318472
4 0.41729726160610237 0.1646338884925331 0.05349996276846652 0.10607690446115627
4 0.49426928661653113 0.1557729015839981 0.053499962768466386 0.10607690446115633
4 0.6903777391492505 0.3277030409001078 0.04873422596421871 0.11326047258706523
4 0.6110849776367149 0.5288787127002426 0.058419536418677115 0.12533564402755515
4 0.5430360714348383 0.656674143552903 0.06319925839073985 0.1205559220554924