11 0.6574519230769231 0.14783653846153846 0.07211538461538461 0.18509615384615385
8 0.8401442307692307 0.4098557692307692 0.08653846153846154 0.22115384615384615
12 0.8052884615384616 0.08533653846153846 0.0625 0.13221153846153846
7 0.8161057692307693 0.14783653846153846 0.0625 0.15384615384615385
7 0.6490384615384616 0.43028846153846156 0.07211538461538461 0.15384615384615385
9 0.7680288461538461 0.7908653846153846 0.0889423076923077 0.1778846153846154
10 0.5877403846153846 0.08653846153846154 0.04807692307692308 0.11538461538461539
10 0.7295673076923077 0.16466346153846154 0.057692307692307696 0.1201923076923077
10 0.7427884615384616 0.3425480769230769 0.057692307692307696 0.12259615384615384
10 0.7439903846153846 0.4387019230769231 0.0673076923076923 0.125
10 0.6430288461538461 0.5661057692307693 0.057692307692307696 0.125
2 0.22956730769230768 0.29927884615384615 0.08173076923076923 0.20192307692307693
1 0.4050480769230769 0.15745192307692307 0.05048076923076923 0.14903846153846154
3 0.5625 0.7788461538461539 0.07692307692307693 0.16826923076923078
3 0.5649038461538461 0.24759615384615385 0.07211538461538461 0.1346153846153846
6 0.4326923076923077 0.08052884615384616 0.06009615384615385 0.12740384615384615
6 0.47836538461538464 0.4387019230769231 0.06490384615384616 0.13701923076923078
4 0.25600961538461536 0.7860576923076923 0.0625 0.12259615384615384
4 0.5853365384615384 0.18028846153846154 0.052884615384615384 0.10576923076923077
4 0.5096153846153846 0.17307692307692307 0.052884615384615384 0.10576923076923077
4 0.3161057692307692 0.3425480769230769 0.04807692307692308 0.11057692307692307
4 0.39302884615384615 0.5420673076923077 0.057692307692307696 0.12259615384615384
4 0.45913461538461536 0.6670673076923077 0.0625 0.1201923076923077