11 0.6546293232437824 0.13841935026100927 0.07802790518044571 0.19035137152391965
8 0.8472734609341793 0.4039542480253625 0.09267474478855948 0.2288968209923469
12 0.8044921083281675 0.0743895770955879 0.06568701555147473 0.13499298414638414
7 0.8168679608766757 0.1357575798577388 0.07062057436950024 0.1566555698666291
7 0.6527017741507889 0.42685991097082554 0.07784609799885363 0.1591013715239196
9 0.7822383583963914 0.7941876633265482 0.09482685792173949 0.1856415753909309
10 0.5821643094330279 0.07790364138041152 0.05116604245369416 0.11808215006257225
10 0.7280445271107937 0.15567282095628363 0.06322722872636942 0.12536361436318472
10 0.7471222608507495 0.33606617125335614 0.060823382572523274 0.12534962919536993
10 0.7500994988850024 0.43463784872886324 0.07045275235572254 0.12780941602047521
10 0.6499071446532778 0.5662620101421802 0.06083736774033792 0.12775347534921608
2 0.22168608388595784 0.29935656593197696 0.08774118597053403 0.20723423527210194
1 0.3975016957891328 0.15134601422790298 0.056169527110793746 0.15176396655204802
3 0.5718458792635938 0.7833485765273689 0.08034784032740315 0.1759422797686576
3 0.5614806854598187 0.24123931333161683 0.07773421665633506 0.13987060229315043
6 0.42348948552745963 0.07337485107386572 0.063255199061999 0.130171306670877
6 0.47849285383601664 0.4378652170734835 0.0705226781947966 0.139828646789706
4 0.26062472076349824 0.7947586511415066 0.06563107488021558 0.12537759953099936
4 0.5815217930686967 0.1740504949503503 0.058321640243973474 0.10850872095063206
4 0.5045567606421754 0.16639143111873833 0.05591779409012732 0.10849473578281728
4 0.31208204767585496 0.3431502404942626 0.051138072118064586 0.11327445775487988
4 0.3949805784191597 0.5443468900461196 0.060823382572523274 0.12534962919536993
4 0.4642314076979593 0.6721493134826874 0.0656170897124008 0.12297375337715348