6 0.420323447727707 0.056600585614266966 0.05355590343972567 0.11320117122853393
6 0.15322840239685454 0.7241294194658052 0.07779015732759431 0.14993354257454483
2 0.21065659461097994 0.3556976184326587 0.08051566234118078 0.20524997539538412
5 0.40576671035524003 0.28492232917545707 0.06837056506161687 0.1834755035988807
4 0.30178597835600446 0.391894325086925 0.055945764425757036 0.11362410872545421
4 0.32925619588269966 0.214903948673079 0.04867828529295929 0.10392481026293673
4 0.34417574626320185 0.12939958251727487 0.04624646880348356 0.0990891466728668
4 0.49125089443398334 0.05316921586570077 0.048706255628588865 0.10633843173140153
4 0.3744879386644611 0.4968104317436387 0.04872024079640379 0.1111363487244752
4 0.4874485314986575 0.29238476711308 0.05108213144680544 0.10395278154531436
3 0.4199458481967075 0.12010502558391872 0.04642827598507592 0.13033914667286683
3 0.5602204176461882 0.38528164300056295 0.07294050951645768 0.1426660615482514
7 0.5577947923854704 0.5956321671032903 0.07056463369824109 0.14744578257356594
8 0.8344127160306124 0.355650609117208 0.08293349366284165 0.2076817928316079
11 0.6413226556804409 0.2857869127332208 0.06831462439035746 0.1738601189834961
9 0.6443208714664159 0.18359547991238165 0.05848946225775091 0.13769054154629337
9 0.8390238146337482 0.5959652962958795 0.08744749744642331 0.1572569661655939
12 0.7444556823165827 0.7376811763086061 0.07534435567030383 0.14269403283062887
12 0.8061547405878294 0.05077809225507235 0.06311534738385113 0.1015561845101447
10 0.73679741984012 0.6079713834892354 0.053541918271910745 0.11359613744307659
10 0.7280367331717368 0.04940176969594624 0.05347199243283667 0.09880353939189249
10 0.721104096711345 0.20673886041475972 0.060725486397819634 0.10887235898251714
10 0.5692072710650564 0.28662605120454904 0.05352793310409609 0.11119229128923044
10 0.5497860993584885 0.7327353117196539 0.06563107488021558 0.12575522462419558