6 0.5820454355066021 0.05747094907271921 0.05351394793628117 0.10848075061500245
6 0.841977890463268 0.7332392155988412 0.07779015732759421 0.14948598690853496
2 0.7893154350533904 0.3579455270747305 0.07812580135514935 0.20717829460084267
5 0.592982418480485 0.28469035128243997 0.06838455022943152 0.1854877385449682
4 0.6957891977384273 0.3958616439914919 0.05355590343972567 0.11569228907654096
4 0.6718967791068716 0.2142384002818667 0.04869227046077421 0.1060489341255267
4 0.6569632435585546 0.1264141046595933 0.04624646880348356 0.09882341049617345
4 0.5099020805555879 0.052243701730583014 0.048650314957329716 0.09883739566398823
4 0.620676398692217 0.4999884188976335 0.04872024079640379 0.11085662643321907
4 0.5100916816762371 0.2914194014543679 0.04869227046077421 0.10604893412552677
3 0.581193141625049 0.11756011033496566 0.04403841499904455 0.13246327148220477
3 0.43371402629793726 0.3847218760842944 0.07295449468427233 0.1446503242652131
7 0.4337567831565311 0.5986571911926948 0.06816078754439495 0.14702620008342968
8 0.15588798834711412 0.35185658920168544 0.08293349366284172 0.20720626493647223
11 0.35379972617279276 0.28329882708486764 0.06832860955817238 0.1758723539295835
9 0.3531983639567565 0.17993344246948306 0.05850344742556583 0.13975872095063208
9 0.14768510568102397 0.5945891100688877 0.08505763646039195 0.15914332702736408
12 0.2410792852568961 0.7405602313374497 0.07292652434864276 0.13984263195752078
12 0.18896764126540422 0.04677091259653844 0.06062759022311613 0.09169578304152376
10 0.25112740871938993 0.6084116261310779 0.05355590343972567 0.11569228907654096
10 0.26949648741925036 0.04723941571833413 0.05341605176157767 0.09165382753807938
10 0.274004299974074 0.20230847039313324 0.060725486397819634 0.10852270611844685
10 0.4259221033720847 0.2849203051962346 0.05352793310409609 0.11088459676884857
10 0.43816669953665105 0.7368993227905707 0.06563107488021558 0.12537759953099936