6 0.41190299360533805 0.06129807692307692 0.05115205728587951 0.11538461538461539
6 0.15436739221861104 0.7367788461538461 0.07537232600593334 0.1466346153846154
2 0.20580694679984324 0.36538461538461536 0.07809783101951985 0.20192307692307693
5 0.40093804029582564 0.2932692307692308 0.06837056506161687 0.18269230769230768
4 0.2993401766987139 0.4026442307692308 0.05354191827191081 0.11298076923076923
4 0.3220166870855316 0.22355769230769232 0.048692270460774074 0.10576923076923077
4 0.3369432300499412 0.13701923076923078 0.04382863748182263 0.09615384615384616
4 0.4828374328955218 0.057692307692307696 0.04869227046077421 0.10576923076923077
4 0.373251052668001 0.5072115384615384 0.04872024079640379 0.11057692307692307
4 0.4838287771000735 0.3004807692307692 0.048692270460774074 0.10576923076923077
3 0.41272032456735425 0.12740384615384615 0.04402442983122977 0.12980769230769232
3 0.5578095789084346 0.39302884615384615 0.07055064853042617 0.14423076923076922
7 0.5589827302945787 0.6045673076923077 0.06814680237658002 0.14423076923076922
8 0.8332317707054115 0.36177884615384615 0.08052964750899551 0.20673076923076922
11 0.6377168864496716 0.2932692307692308 0.06831462439035746 0.17307692307692307
9 0.6383112560818005 0.19110576923076922 0.05608561610390476 0.13701923076923078
9 0.8414416459554092 0.6033653846153846 0.08504365129257717 0.15625
12 0.749263374624275 0.7463942307692307 0.07292652434864276 0.13942307692307693
12 0.8001730955388436 0.052884615384615384 0.05830765507615883 0.10576923076923077
10 0.7392012659939662 0.6165865384615384 0.05355590343972567 0.11538461538461539
10 0.7220411029549363 0.054086538461538464 0.05347199243283667 0.10096153846153846
10 0.71630339698756 0.21394230769230768 0.058321640243973474 0.10817307692307693
10 0.5655945092503797 0.29447115384615385 0.05112408695024994 0.11057692307692307
10 0.5533708908375355 0.7427884615384616 0.06322722872636942 0.125