6 0.5845192074995224 0.06950416500976478 0.05115205728587951 0.11567830390872612
6 0.8491964215087138 0.7344830941792087 0.07777617215977929 0.1470821407546888
2 0.7929771449554188 0.3675818894418373 0.07809783101952004 0.20237060229315035
5 0.5978740217950661 0.29914139854114646 0.06837056506161687 0.18308389239112197
4 0.7018547537943018 0.4055119915264135 0.05594576442575717 0.11330242809050958
4 0.6743775436836992 0.22747353929583533 0.04867828529295929 0.10364508797168054
4 0.6594649858871043 0.14325501290433115 0.04623248363566891 0.09641956434232729
4 0.513591760793246 0.06668775640538213 0.048692270460774074 0.1060489341255267
4 0.6291458009019377 0.5096527516003698 0.04872024079640379 0.11085662643321907
4 0.5173941237285717 0.3070863569578123 0.05108213144680544 0.10365907313949532
3 0.5836948839535987 0.13440101857970355 0.04642827598507592 0.13007341049617344
3 0.4446152449971338 0.39920788626253795 0.07294050951645768 0.14224647811136693
7 0.44823580075086716 0.6083564868149681 0.07055064853042617 0.14463633909739843
8 0.1716318622735399 0.37238018510017395 0.08291950849502694 0.2048024187826261
11 0.3635199995467883 0.30138361390997304 0.06831462439035772 0.17346850777573736
9 0.3617306994216438 0.2004150828645272 0.05848946225775119 0.1373548747967859
9 0.16820870157951245 0.6103329839953135 0.08744749744642331 0.15675346604133258
12 0.261574910819755 0.7514964129561832 0.07533037050248897 0.1398566171253357
12 0.1998758525485081 0.06245884585170503 0.06556114904114158 0.11335836876176875
10 0.2692331732962175 0.6217376687358427 0.05354191827191088 0.1132884429226948
10 0.2768129146393998 0.06531021737562467 0.05347199243283681 0.10126921215346399
10 0.28494048159280744 0.22280409595599215 0.060725486397819634 0.10852270611844685
10 0.43563538416217296 0.30180316894441694 0.05352793310409609 0.11088459676884857
10 0.45624449377784904 0.7454176730876433 0.06563107488021558 0.12537759953099936