6 0.5841346153846154 0.0625 0.05048076923076923 0.11538461538461539
6 0.8461538461538461 0.7247596153846154 0.07692307692307693 0.1466346153846154
2 0.7908653846153846 0.359375 0.07692307692307693 0.20192307692307693
5 0.5973557692307693 0.2920673076923077 0.0673076923076923 0.18269230769230768
4 0.7007211538461539 0.39663461538461536 0.055288461538461536 0.11298076923076923
4 0.6742788461538461 0.21995192307692307 0.04807692307692308 0.10336538461538461
4 0.6598557692307693 0.13581730769230768 0.04567307692307692 0.09615384615384616
4 0.5144230769230769 0.06009615384615385 0.04807692307692308 0.10576923076923077
4 0.6274038461538461 0.5012019230769231 0.04807692307692308 0.11057692307692307
4 0.515625 0.3004807692307692 0.05048076923076923 0.10336538461538461
3 0.5841346153846154 0.12740384615384615 0.04567307692307692 0.12980769230769232
3 0.4423076923076923 0.39302884615384615 0.07211538461538461 0.14182692307692307
7 0.44471153846153844 0.6021634615384616 0.06971153846153846 0.14423076923076922
8 0.17067307692307693 0.36658653846153844 0.08173076923076923 0.20432692307692307
11 0.3629807692307692 0.29447115384615385 0.0673076923076923 0.17307692307692307
9 0.36177884615384615 0.1935096153846154 0.057692307692307696 0.13701923076923078
9 0.16466346153846154 0.6057692307692307 0.08653846153846154 0.15625
12 0.25841346153846156 0.7463942307692307 0.07451923076923077 0.13942307692307693
12 0.19951923076923078 0.05889423076923077 0.06009615384615385 0.10817307692307693
10 0.2668269230769231 0.6153846153846154 0.052884615384615384 0.11298076923076923
10 0.2776442307692308 0.06009615384615385 0.052884615384615384 0.10096153846153846
10 0.2848557692307692 0.21754807692307693 0.06009615384615385 0.10817307692307693
10 0.4338942307692308 0.2956730769230769 0.052884615384615384 0.11057692307692307
10 0.45072115384615385 0.7391826923076923 0.06490384615384616 0.125