6 0.5929396616218912 0.060412771201612085 0.05356988860754031 0.1184038297507689
6 0.8636754391030499 0.7291829588576977 0.08019400348144036 0.14996151385692258
2 0.8050243460602792 0.35844605322434064 0.08052964750899551 0.20765382154923026
5 0.6075033915782655 0.29102815991776604 0.07078839638327782 0.1859073210351045
4 0.7127000318222391 0.397984486057417 0.0559457644257569 0.11362410872545407
4 0.6852088365438216 0.21800370862510915 0.04869227046077421 0.1063286564167829
4 0.6690873630863964 0.13284898349902516 0.048650314957329716 0.09911711795524446
4 0.5208102918386918 0.058848063519094156 0.048706255628588865 0.10873250257062907
4 0.6387961484368593 0.5046208265803537 0.04872024079640379 0.1111363487244752
4 0.5246266399418325 0.3016085537751781 0.051096116614620365 0.10635662769916052
3 0.5933172611528907 0.12531661735545824 0.046442261152890844 0.13274299282671304
3 0.45186174637820914 0.3974136009646182 0.07295449468427233 0.1450699077020974
7 0.45549628729975744 0.6089240912207021 0.07296847985208725 0.1474737538559437
8 0.17405668617910827 0.3730000533100011 0.08535132498450274 0.21011361026783165
11 0.36955059268312596 0.2986050091808415 0.07073245571201853 0.1762919364197198
9 0.36774730739016653 0.19525361020664564 0.05848946225775119 0.13769054154629337
9 0.17066149582071038 0.6158444574132178 0.08746148261423811 0.1596608123194399
12 0.2652436133056908 0.7577824235543372 0.07774820182414992 0.14272200411300637
12 0.20227969870235424 0.05894848920335791 0.06075345673344927 0.11368005129020942
10 0.27288789061433855 0.6254729856044772 0.05595974959357182 0.1160279548793005
10 0.2816206069470921 0.060429283038743016 0.05587583858668296 0.10160487795622343
10 0.28976215906831454 0.22020113842237946 0.060725486397819765 0.10887235898251714
10 0.4416659772985106 0.2977658707095132 0.053541918271910745 0.11359613744307659
10 0.46231004983372365 0.747075316860912 0.06803492103406174 0.1257831959065728