6 0.4182692307692308 0.058864657723302335 0.052884615384615384 0.1156922890765409
6 0.15384615384615385 0.7298741800290838 0.07692307692307693 0.14948598690853496
2 0.2091346153846154 0.3593602134770358 0.07932692307692307 0.2047884336148113
5 0.4050480769230769 0.29091272999243756 0.06971153846153846 0.18550172371278298
4 0.3016826923076923 0.3972833229777046 0.055288461538461536 0.11330242809050958
4 0.3269230769230769 0.21804994025411076 0.04807692307692308 0.1060489341255267
4 0.3425480769230769 0.13262249820177613 0.04567307692307692 0.09882341049617345
4 0.4891826923076923 0.056048249118919674 0.04807692307692308 0.10845278027937286
4 0.375 0.502626006128584 0.04807692307692308 0.11085662643321907
4 0.48677884615384615 0.298850695825196 0.05048076923076923 0.10606291929334155
3 0.4182692307692308 0.12376850387714848 0.04567307692307692 0.1324772566500196
3 0.5612980769230769 0.39216715562293736 0.07211538461538461 0.1446503242652131
7 0.5588942307692307 0.6037196023292136 0.06971153846153846 0.14704018525124446
8 0.8365384615384616 0.3641235462158354 0.08173076923076923 0.20720626493647237
11 0.6418269230769231 0.29193903711652625 0.06971153846153846 0.17348249294355222
9 0.6430288461538461 0.1897685829941573 0.057692307692307696 0.1373548747967859
9 0.8413461538461539 0.6056821143417443 0.08653846153846154 0.15915731219517887
12 0.7475961538461539 0.7480544589634446 0.07692307692307693 0.14227444844699677
12 0.8064903846153846 0.05423527630524868 0.0625 0.10847055261049736
10 0.7391826923076923 0.6158918685892579 0.055288461538461536 0.1157062742443556
10 0.7283653846153846 0.05345480184442435 0.052884615384615384 0.10126921215346399
10 0.7211538461538461 0.21335252657863799 0.06009615384615385 0.10852270611844685
10 0.5697115384615384 0.2935605152278932 0.052884615384615384 0.11088459676884864
10 0.5516826923076923 0.7407807886018889 0.06490384615384616 0.12537759953099936