6 0.5884816235983912 0.060282549546205336 0.05182339078489443 0.11567830390872612
6 0.85116323189538 0.7354828140655292 0.07865729643048852 0.14948598690853496
2 0.7963469138960817 0.3631803487434861 0.07930063592517364 0.2047744484469965
5 0.6007962369632149 0.2921977627211 0.06943350976839031 0.18308389239112197
4 0.7030304687729345 0.40098538567287856 0.05419926565636283 0.1132884429226948
4 0.6792980072099986 0.22082279064475016 0.0493076595015378 0.10604893412552677
4 0.6638679641213279 0.1343682401131774 0.04681989950055892 0.09882341049617345
4 0.5163242820594403 0.057096335349880005 0.0493076595015378 0.1060489341255267
4 0.6297279887871297 0.505986233567445 0.04936360206629304 0.11085662643321907
4 0.5179474585026554 0.2998917894722489 0.0493076595015378 0.1060489341255267
3 0.5868330020687405 0.12520038086786628 0.04477968001762155 0.13005942532835865
3 0.44331718466922826 0.394082322258415 0.07138981540419483 0.14463633909739831
7 0.44337481136461154 0.6056347689646914 0.06901394053272643 0.14702620008342968
8 0.16651125030601172 0.36444061655711657 0.08413629951524343 0.20720626493647223
11 0.36161354465552265 0.2935892869186722 0.06932162463888011 0.17346850777573736
9 0.3616266882313974 0.19141883279630328 0.059286670787831335 0.1373548747967859
9 0.15970697956957663 0.6060830956899144 0.08598072002153746 0.15914332702736408
12 0.2527314103583869 0.7497824285437212 0.07373771899328588 0.13984263195752078
12 0.1977447384688808 0.052996096049559044 0.05892304411692241 0.10599219209911809
10 0.262024283161115 0.6187098799039392 0.05422723693874058 0.11569228907654096
10 0.2758837241100696 0.05368715982366734 0.05405940924447487 0.10126921215346397
10 0.2825515066958728 0.21351495871880696 0.05895101539930003 0.10850872095063206
10 0.4349448379890192 0.294364662377244 0.05176744822013919 0.11087061160103379
10 0.44980483805020516 0.7450298755521386 0.06635835283748183 0.12537759953099936