6 0.417458892391122 0.06245467481517743 0.05115205728587951 0.11597201231454514
6 0.16047352068006854 0.7241434051069938 0.07777617215977949 0.14752969642069866
2 0.21364322929458843 0.3593173733046167 0.07809783101951978 0.20281815795916033
5 0.40555933690346646 0.2897719784067158 0.06835657989380195 0.18107165744503456
4 0.3040112227488559 0.39672998867699494 0.055945764425757036 0.11362410872545421
4 0.328223697529853 0.21975359790433774 0.04867828529295929 0.10392481026293673
4 0.3433592166563351 0.13543716918426787 0.04623248363566878 0.09668530051902069
4 0.4871564456848457 0.05923966147238066 0.048692270460774074 0.10632865641678291
4 0.3779298926571998 0.4992422491798625 0.048706255628588865 0.10873250257062904
4 0.4873460468054948 0.2984363394212618 0.05108213144680544 0.10395278154531436
3 0.41783649192212147 0.1273585209690236 0.04642827598507592 0.13033914667286683
3 0.5599928677978417 0.3889433547960874 0.07294050951645754 0.14266606154825126
7 0.5600006617368986 0.5968900327449685 0.07055064853042617 0.14504193641971994
8 0.8314806389204018 0.3605422152720331 0.08291950849502701 0.20527794667776172
11 0.6387533915782656 0.29066453324685715 0.0683006392225428 0.17145627282964987
9 0.6393749301908745 0.19089093222105294 0.058475477089936265 0.13528669539244723
9 0.8364639471809284 0.5972791045023129 0.08504365129257717 0.1572289948832163
12 0.7459359256519401 0.7389670132326619 0.07533037050248918 0.14029018667678272
12 0.7996354679331236 0.054425818409407994 0.06315730288729562 0.10885163681881599
10 0.7367672650514796 0.6092572204132913 0.053541918271911015 0.11359613744307659
10 0.7227333687617687 0.056498475799375135 0.05347199243283695 0.10157690667384582
10 0.7164308662081921 0.21283238964650797 0.06071150123000498 0.106468512828671
10 0.5678469226237114 0.2926916091539197 0.05352793310409609 0.11119229128923044
10 0.5535792852568961 0.732791254284409 0.0656170897124008 0.12335137847034917