6 0.4131398796017981 0.05769391040260653 0.05352793310409609 0.1108845967688486
6 0.15319343947731753 0.732887182338023 0.07779015732759431 0.14948598690853523
2 0.20585589488719502 0.35818087086213374 0.07812580135514942 0.2071782946008428
5 0.40218891146010044 0.2872052774236551 0.06838455022943166 0.18548773854496814
4 0.29938912478606566 0.3959859077915262 0.05355590343972567 0.11569228907654096
4 0.32327455083371387 0.2158303053473052 0.04869227046077421 0.1060489341255267
4 0.33820808638203087 0.1281738317388094 0.04624646880348356 0.09882341049617345
4 0.4840743188919819 0.0545007036223738 0.05108213144680544 0.10365907313949535
4 0.37449493124836847 0.5021956713469231 0.04872024079640379 0.11085662643321907
4 0.48507964826434835 0.294899304174804 0.04869227046077421 0.1060489341255267
3 0.4139851808994439 0.11899897990959087 0.04403841499904469 0.13246327148220477
3 0.5614573036426482 0.38909682954487745 0.07295449468427233 0.1446503242652131
7 0.5614215393679618 0.6018442067441695 0.06816078754439495 0.14702620008342968
8 0.8392833415934715 0.35946211642748643 0.08293349366284165 0.20720626493647237
11 0.6413785963517001 0.28739487854430423 0.06832860955817238 0.1758723539295835
9 0.641972965983829 0.18523141700584267 0.05850344742556583 0.13975872095063208
9 0.8474862242595614 0.6023065186372072 0.08505763646039209 0.15914332702736408
12 0.7540920446836895 0.74720078198403 0.07292652434864302 0.13984263195752078
12 0.8062106812590886 0.052768946878787304 0.06065556055874584 0.09650347534921608
10 0.7440439212211956 0.6149263102673248 0.05355590343972567 0.11569228907654082
10 0.7244799120283194 0.05229345117308422 0.05584786825105353 0.09647550501358647
10 0.7211670299665115 0.20852946600526945 0.060725486397819634 0.10852270611844685
10 0.5692492265685007 0.28937916966370647 0.05352793310409609 0.11088459676884864
10 0.5558027073270113 0.7412393133316167 0.06563107488021558 0.12537759953099936