1 0.7091346153846154 0.5999215486216828 0.06009615384615385 0.14973774359790162
6 0.5865384615384616 0.059280776330633035 0.055288461538461536 0.11122026257160804
6 0.8377403846153846 0.7186173927067885 0.0673076923076923 0.1353985805219577
2 0.7896634615384616 0.35619604912357133 0.07932692307692307 0.19803843693384565
5 0.5973557692307693 0.281510674790703 0.057692307692307696 0.16413284923860105
1 0.5276442307692307 0.490254534287346 0.052884615384615384 0.13523075282769198
4 0.6754807692307693 0.22050545426727697 0.04567307692307692 0.09668530051902066
4 0.6658653846153846 0.13768464708909506 0.038461538461538464 0.09419754051804172
4 0.6971153846153846 0.39333063580280153 0.04807692307692308 0.10873250257062904
4 0.7079326923076923 0.4965701496474869 0.05048076923076923 0.1015489353914682
4 0.6442307692307693 0.7364940809381858 0.052884615384615384 0.11599998359692275
4 0.6153846153846154 0.6070220440190248 0.052884615384615384 0.10157690667384582
4 0.515625 0.29448092916077245 0.04567307692307692 0.0990891466728668
4 0.5192307692307693 0.0624678183910522 0.04326923076923077 0.10386886769818154
3 0.5877403846153846 0.1229687137663673 0.052884615384615384 0.13042306051999966
3 0.43990384615384615 0.3903139476325902 0.06490384615384616 0.13537060923957994
11 0.1875 0.2742605476668543 0.06971153846153846 0.1762919364197198
8 0.171875 0.3609808225407703 0.07211538461538461 0.19555067693286665
12 0.25240384615384615 0.7326399384272743 0.0625 0.14015033026489476
12 0.20673076923076922 0.051856670757238314 0.06009615384615385 0.10371334151447663
7 0.36177884615384615 0.05391744766930176 0.04567307692307692 0.10783489533860352
7 0.15745192307692307 0.48374480408118975 0.0625 0.13774648411104862
9 0.3641826923076923 0.19407965841210018 0.055288461538461536 0.1400664164177619
9 0.1658653846153846 0.6014353661313296 0.0673076923076923 0.1450139651373423
10 0.4362980769230769 0.2966059045561566 0.04326923076923077 0.10146502154433534
10 0.42908653846153844 0.13322827994175093 0.04807692307692308 0.10632865641678292
10 0.28365384615384615 0.05318977329482695 0.04807692307692308 0.1015209641090906
10 0.28125 0.21908312919258915 0.04807692307692308 0.10152096410909059
10 0.27283653846153844 0.4030752594501416 0.055288461538461536 0.096797185648531
10 0.2644230769230769 0.5065385435538479 0.04807692307692308 0.1063286564167829
10 0.2644230769230769 0.6111058512461555 0.052884615384615384 0.11119229128923044
10 0.4483173076923077 0.7303602789134994 0.055288461538461536 0.1160279548793005