1 0.28835905376837573 0.598848864576715 0.06336708040451743 0.14976571488027937
6 0.41859788221287847 0.054224710742798415 0.05834961057960305 0.10844942148559683
6 0.1580417041905928 0.7193636840816793 0.07050869302698189 0.13783039795818133
2 0.21000249714428218 0.35334971484356775 0.08290552332721216 0.20287410052391558
5 0.40548241848048505 0.27655082456056196 0.06347896174703585 0.16899648411104862
1 0.47402080555587944 0.4873060901924505 0.056085616103904896 0.13766257026391562
4 0.32698681153339293 0.21375796816091114 0.048650314957329716 0.09911711795524443
4 0.3385235540130132 0.13068541944133077 0.04382863748182276 0.09665732923664311
4 0.30396926724541157 0.38951845021545645 0.0511240869502498 0.11116432000685282
4 0.29135646819920136 0.494239599960841 0.053485977600651664 0.10398075282769198
4 0.35286512399464964 0.7363287794398623 0.055973734761386604 0.11843180103314666
4 0.38335293234874324 0.604955537384338 0.053485977600651595 0.10398075282769198
4 0.48849202921115875 0.2888069691646884 0.04866430012514464 0.10152096410909059
4 0.4871284753492161 0.05443196916468836 0.0438845781530819 0.1062727138520277
3 0.4177665660830475 0.1153392901997928 0.05846149192212161 0.13288284923860103
3 0.5647795823538119 0.38528164300056295 0.06809086170532087 0.1353985805219577
11 0.820117909683317 0.2669180860427324 0.07315028703367961 0.17872375385594358
8 0.8350444526477265 0.3532887198869283 0.0780698606838902 0.19801046565146804
12 0.7494997393792651 0.7317135178475571 0.06811883204095072 0.14020627282965
12 0.8044012047373713 0.04718630866549192 0.06307339188040664 0.09437261733098384
7 0.6457543511674325 0.050485235855421515 0.05349996276846652 0.10097047171084303
7 0.8477909121433267 0.4781488634750402 0.06571498588710457 0.14017830154727223
9 0.6417508060090912 0.186055268630983 0.05850344742556583 0.14009438770013952
9 0.8364639471809284 0.5972791045023128 0.07296847985208725 0.14747375385594358
10 0.5690348605328197 0.2902737773588847 0.04627443913911314 0.10389683898055911
10 0.5776852685689834 0.12429650761398962 0.051096116614620365 0.10635662769916052
10 0.7238723585835252 0.04821383226021197 0.04866430012514437 0.09642766452042394
10 0.7248303425788388 0.21033064400434018 0.0510681462789908 0.1015489353914682
10 0.7319238084691009 0.3965587927214731 0.05826569957271433 0.09922900308475491
10 0.739743701730583 0.5010421865666479 0.04869227046077421 0.1063286564167829
10 0.7379621955444953 0.6080413116951794 0.05834961057960305 0.11365208000783183
10 0.5511614539352352 0.7304153794129404 0.05836359574741797 0.11605592616167798