1 0.28846153846153844 0.603614599960841 0.06490384615384616 0.15219753231650301
6 0.421875 0.055426633819721495 0.06490384615384616 0.11085326763944299
6 0.15504807692307693 0.7253593138251058 0.06971153846153846 0.13783039795818133
2 0.21033653846153846 0.3557255897150363 0.08413461538461539 0.20530591796013936
5 0.4074519230769231 0.27771079071391863 0.0625 0.16899648411104853
1 0.47596153846153844 0.4908559168584645 0.057692307692307696 0.14009438770013952
4 0.3293269230769231 0.2149179343142678 0.04807692307692308 0.10152096410909059
4 0.34134615384615385 0.13064346251776435 0.04326923076923077 0.09665732923664311
4 0.30408653846153844 0.391894325086925 0.05048076923076923 0.11116432000685282
4 0.2920673076923077 0.4978034122680438 0.052884615384615384 0.10398075282769198
4 0.35216346153846156 0.7422964379009114 0.055288461538461536 0.11843180103314666
4 0.38341346153846156 0.6085193496915409 0.055288461538461536 0.10641257026391561
4 0.49278846153846156 0.28993896403566743 0.04807692307692308 0.10152096410909059
4 0.49158653846153844 0.05317410352301006 0.04326923076923077 0.1062727138520277
3 0.421875 0.1152833476350376 0.057692307692307696 0.13288284923860103
3 0.5685096153846154 0.3876155609484651 0.0673076923076923 0.13780242667580384
11 0.8269230769230769 0.2680221096313338 0.07451923076923077 0.18115557129216733
8 0.8413461538461539 0.3555946665524528 0.07692307692307693 0.2004143118053142
12 0.7512019230769231 0.7364512819493053 0.0673076923076923 0.14261011898349588
12 0.8125 0.04713735892133111 0.0625 0.09427471784266223
7 0.6526442307692307 0.0504432789318551 0.052884615384615384 0.1008865578637102
7 0.8545673076923077 0.4816427475762991 0.0673076923076923 0.14020627282965
9 0.6478365384615384 0.1859713547838502 0.06009615384615385 0.1425262051363633
9 0.8425480769230769 0.6007729886035716 0.07211538461538461 0.1474737538559437
10 0.5733173076923077 0.2914057722298637 0.04567307692307692 0.10630068513440527
10 0.5829326923076923 0.12422657940804561 0.05048076923076923 0.10876047385300666
10 0.7319711538461539 0.04817187533664557 0.05048076923076923 0.09634375067329114
10 0.7319711538461539 0.21143466759294163 0.05048076923076923 0.1015489353914682
10 0.7367788461538461 0.3988787250281864 0.057692307692307696 0.09922900308475491
10 0.7451923076923077 0.5057519793860187 0.04807692307692308 0.10873250257062904
10 0.7427884615384616 0.6127511045145501 0.057692307692307696 0.11365208000783183
10 0.5528846153846154 0.7351531435146887 0.057692307692307696 0.11845977231552414