1 0.2884246339298563 0.6182228030958696 0.06426219078978922 0.1518059220554924
6 0.40697725334181784 0.0648634933607006 0.059034929246432895 0.11572025941217051
6 0.1576396308695758 0.7400497727122097 0.06890205540321595 0.13741081546804507
2 0.2026108995372704 0.3701441609601054 0.0840803569504882 0.20239857262877992
5 0.39760130875727095 0.2919570290600882 0.05965029745874025 0.1686048747967859
1 0.4721921518630738 0.5051169687099167 0.054506949762516646 0.13973075061500248
4 0.31756111797971887 0.23019744159912298 0.049251716936782555 0.1012412418178344
4 0.32738544514762147 0.14492383639275108 0.04198423591048886 0.09639159400669772
4 0.2967804687729345 0.4067472748125747 0.04936360206629304 0.11085662643321907
4 0.2883958205821647 0.5124605649105463 0.05168353437300633 0.10365907313949527
4 0.356138751897338 0.7568285490569304 0.05425520822111807 0.1180961352303871
4 0.3834324995715346 0.6235829095322464 0.054115351809230106 0.10607690446115633
4 0.48187578055377434 0.30446574070283683 0.0468478707829364 0.10122725665001961
4 0.4755148400088108 0.06766591679726847 0.04449996719384549 0.10602096378989713
3 0.405328631812167 0.12975335434673196 0.056826882069229936 0.13253319732127883
3 0.5611336174900674 0.40227602788758693 0.06887408412083833 0.1350069693141989
11 0.8169326061915367 0.2823782100745394 0.07418525951132765 0.1783041704190593
8 0.8335785579983194 0.37020949828072014 0.07681287592419477 0.19754892481764338
12 0.755079313947478 0.750736625375725 0.06652618053174728 0.1398006764540763
12 0.7950725364172724 0.05630479027048255 0.06370276514223697 0.10372899897856933
7 0.6352587241100696 0.05898054584156782 0.04936360206629304 0.11085662643321902
7 0.8506720503231437 0.4965023249484394 0.06412233437790113 0.13978669128626164
9 0.6357071066934252 0.20080047633458348 0.05931464207020882 0.13975872095063208
9 0.8424412441854507 0.6154367688925648 0.07141778668657259 0.1470401852512446
10 0.5636205354257323 0.306143159485463 0.04449996719384549 0.10602096378989713
10 0.5676861466851041 0.1391108147126923 0.0493076595015378 0.1060489341255267
10 0.7157595989815382 0.057045202809517345 0.0493076595015378 0.1060489341255267
10 0.7201354205430056 0.226530341823486 0.049251716936782555 0.1012412418178344
10 0.7307306421069205 0.41407928991083776 0.058839130269789694 0.09889333633524745
10 0.7403748400699968 0.5198974687674204 0.0493076595015378 0.10604893412552677
10 0.7416195621358004 0.6268686226135742 0.05660311181020898 0.11330242809050944
10 0.5555600831782471 0.749575856447097 0.059034929246432895 0.11572025941217053