1 0.7152257377106713 0.6015876655926066 0.06338106557233221 0.1518059220554924
6 0.593435333724167 0.05184231970483833 0.05830765507615869 0.10368463940967666
6 0.8467170400297478 0.7246165582858697 0.06810484687313553 0.13741081546804507
2 0.799605894887195 0.3523071003799192 0.08290552332721209 0.20239857262877992
5 0.6029520208096987 0.27412696106380946 0.06107511559318956 0.1686188599646007
1 0.5295919562587972 0.4884888237905611 0.05369575511787353 0.13973075061500248
4 0.6826355656658992 0.21236737360284424 0.04866430012514437 0.10124124181783446
4 0.6735166545079398 0.12708677581256494 0.04142479132797661 0.0963915940066977
4 0.7044372017091427 0.3901191298932191 0.04872024079640351 0.11085662643321907
4 0.7146391620175992 0.49582542740728325 0.05349996276846652 0.10607690446115633
4 0.6483088287466438 0.7413953346305905 0.05356988860754031 0.1180961352303871
4 0.6202388517142112 0.6081496951059064 0.05349996276846652 0.10607690446115633
4 0.5187474795860093 0.2866356727065581 0.046260453971298486 0.10122725665001966
4 0.5237307878465359 0.05142316534796915 0.0438845781530819 0.1028463306959383
3 0.5942876276057203 0.11072136327353016 0.056071630936090106 0.13493704347512495
3 0.44004908770560264 0.38564788296823127 0.0681048468731358 0.13741081546804507
11 0.18234886972569575 0.26455513466216807 0.07316427220149439 0.18070801657290547
8 0.16620641851654827 0.353588345945272 0.07567999969785891 0.19995277097148956
12 0.24691546914168797 0.7353173961171999 0.06572897105491915 0.14220452260792243
12 0.20285928181151885 0.04517310717369795 0.06303143637696228 0.0903462143473959
7 0.363895996367489 0.048292891822903 0.051054161111175875 0.096585783645806
7 0.14984719720627146 0.4798811726129912 0.0633111397332582 0.13978669128626164
9 0.364307757462876 0.18297040833830477 0.058517432593380755 0.14216256710447822
9 0.15876332343091626 0.6000175396340397 0.07056463369824104 0.14704018525124446
10 0.4370027251874253 0.28951501456610734 0.0438845781530819 0.10602096378989713
10 0.43077014847292266 0.12128773930032094 0.04869227046077421 0.1060489341255267
10 0.2833811353814576 0.046119800938000985 0.04862234462170015 0.09223960187600197
10 0.27882437473928223 0.20870726641111467 0.048664300125144506 0.1012412418178344
10 0.26931307752735917 0.39745813757538956 0.05827968474052912 0.1012971824890936
10 0.26028426860504655 0.503276316431972 0.048692270460774144 0.10604893412552677
10 0.25965493605338075 0.6114493933550491 0.05595974959357182 0.11570627424435574
10 0.4476366229878418 0.7341496346046644 0.058377580915232624 0.11812410556601668