1 0.707965251161781 0.6141826923076923 0.06336708040451729 0.14903846153846154
6 0.5873767702521999 0.0625 0.05836359574741797 0.11538461538461539
6 0.8382686155717493 0.7355769230769231 0.06809086170532087 0.1346153846153846
2 0.7923384157543973 0.36658653846153844 0.08290552332721209 0.20192307692307693
5 0.5968794721699168 0.28846153846153844 0.05867126943934354 0.16826923076923078
1 0.5247353158637531 0.5 0.05369575511787353 0.13942307692307693
4 0.6765630170261171 0.22716346153846154 0.048650314957329716 0.0985576923076923
4 0.6662351902073274 0.14302884615384615 0.04142479132797661 0.09615384615384616
4 0.698371645653268 0.40384615384615385 0.04872024079640379 0.11057692307692307
4 0.7073786754687089 0.5084134615384616 0.05108213144680572 0.10336538461538461
4 0.641055334781661 0.7524038461538461 0.05355590343972567 0.11538461538461539
4 0.6141872808261515 0.6189903846153846 0.05349996276846652 0.10576923076923077
4 0.5126749309462274 0.3004807692307692 0.04626045397129835 0.10096153846153846
4 0.5188531696997697 0.06490384615384616 0.04388457815308177 0.10576923076923077
3 0.5882010937981235 0.12740384615384615 0.05605764576827546 0.13221153846153846
3 0.4363873778035743 0.39783653846153844 0.06809086170532087 0.1346153846153846
11 0.179882090316683 0.2764423076923077 0.07074644087983338 0.1778846153846154
8 0.16374663169144293 0.3641826923076923 0.07566601453004405 0.1971153846153846
12 0.2444696674843974 0.7439903846153846 0.06571498588710437 0.13942307692307693
12 0.20042047273813574 0.051682692307692304 0.06310136221603621 0.10336538461538461
7 0.35905334114025966 0.055288461538461536 0.04872024079640379 0.11057692307692307
7 0.1485963260419966 0.4891826923076923 0.0633111397332582 0.13942307692307693
9 0.3606390549769402 0.19591346153846154 0.05850344742556583 0.13942307692307693
9 0.15751944485054878 0.6081730769230769 0.07055064853042624 0.14423076923076922
10 0.4321390922084738 0.3016826923076923 0.04388457815308177 0.10576923076923077
10 0.42709445340307933 0.13581730769230768 0.04869227046077421 0.10576923076923077
10 0.2797404032311514 0.052884615384615384 0.048692270460774074 0.10576923076923077
10 0.2763575953302695 0.22115384615384615 0.048664300125144506 0.10096153846153846
10 0.26685329070225383 0.40865384615384615 0.05826569957271433 0.0985576923076923
10 0.2578314743638486 0.5132211538461539 0.048692270460774144 0.10576923076923077
10 0.2572091343960902 0.6201923076923077 0.055945764425757036 0.11298076923076923
10 0.4427869751767051 0.7439903846153846 0.05836359574741797 0.11538461538461539