1 0.29086538461538464 0.6047885517553865 0.06009615384615385 0.14973774359790162
6 0.41346153846153844 0.06129470866182077 0.055288461538461536 0.11122026257160804
6 0.1622596153846154 0.7264773230548962 0.0673076923076923 0.1353985805219574
2 0.21033653846153846 0.36293712817657475 0.07932692307692307 0.19803843693384565
5 0.4026442307692308 0.2837763486632892 0.057692307692307696 0.16413284923860105
1 0.4723557692307692 0.490897873782031 0.052884615384615384 0.13523075282769198
4 0.3245192307692308 0.22458926149440758 0.04567307692307692 0.09668530051902066
4 0.33413461538461536 0.14154468405720488 0.038461538461538464 0.09419754051804172
4 0.30288461538461536 0.3979179261127292 0.04807692307692308 0.10873250257062904
4 0.2920673076923077 0.501409181498813 0.05048076923076923 0.1015489353914682
4 0.3557692307692308 0.7398506348234987 0.052884615384615384 0.11599998359692275
4 0.38461538461538464 0.6097072871272751 0.052884615384615384 0.10157690667384582
4 0.484375 0.29484455583168134 0.04567307692307692 0.09908914667286688
4 0.4807692307692308 0.06291535890909392 0.04326923076923077 0.10386886769818154
3 0.41225961538461536 0.12501061737993263 0.052884615384615384 0.13042306051999966
3 0.5600961538461539 0.3889153835137098 0.06490384615384616 0.13537060923957994
11 0.8125 0.2669880142486764 0.06971153846153846 0.1762919364197198
8 0.828125 0.35334466245168356 0.07211538461538461 0.1955506769328668
12 0.7475961538461539 0.7268778542574872 0.0625 0.14015033026489476
12 0.7932692307692307 0.04844417430717022 0.06009615384615385 0.09688834861434044
7 0.6382211538461539 0.05230909893258933 0.04567307692307692 0.10461819786517866
7 0.8425480769230769 0.47577298860357164 0.0625 0.13774648411104862
9 0.6358173076923077 0.19091890350343055 0.055288461538461536 0.1400664164177619
9 0.8341346153846154 0.5936593496303548 0.0673076923076923 0.1450139651373423
10 0.5637019230769231 0.2951234265901434 0.04326923076923077 0.10146502154433541
10 0.5709134615384616 0.1315779742814721 0.04807692307692308 0.1063286564167829
10 0.7163461538461539 0.04945771226070146 0.04807692307692308 0.09891542452140292
10 0.71875 0.21399235579986461 0.04807692307692308 0.10152096410909059
10 0.7271634615384616 0.3977886870807738 0.055288461538461536 0.09679718564853114
10 0.7355769230769231 0.5010561722078368 0.04807692307692308 0.1063286564167829
10 0.7355769230769231 0.6056234799001445 0.052884615384615384 0.11119229128923044
10 0.5516826923076923 0.7291575137712621 0.055288461538461536 0.1160279548793005