1 0.2908328257612959 0.6108401240635682 0.06096323425067127 0.14973774359790176
6 0.4114422844225993 0.06132267994419837 0.05834961057960305 0.11365208000783181
6 0.1617313844282508 0.7337448040811899 0.06809086170532094 0.1353985805219574
2 0.2076755694134174 0.36659883997209913 0.08048769200555114 0.2004422830876918
5 0.40193258992097497 0.286208166099513 0.05867126943934354 0.16894054154629337
1 0.4740697536432312 0.495719551730912 0.053681769950058876 0.13763459898153813
4 0.32224904506477464 0.2258331414948971 0.048650314957329716 0.09911711795524443
4 0.3325838644674718 0.14277457841650557 0.04142479132797647 0.09662935795426549
4 0.3016423395145468 0.40276757534398794 0.04872024079640372 0.1111363487244752
4 0.2914333866221827 0.5074607538069948 0.05106814627899066 0.1015489353914682
4 0.35774274214141594 0.7482920676443379 0.05355590343972567 0.11599998359692275
4 0.3858197117577559 0.6157448737942681 0.053485977600651595 0.10398075282769198
4 0.48493520806774126 0.2972623876267163 0.04626045397129835 0.10149299282671304
4 0.47996588497502946 0.06292934455028272 0.0438845781530819 0.1062727138520277
3 0.4106109682927682 0.12503858866231024 0.05604366060046054 0.13045103180237724
3 0.56241769170341 0.392521152744479 0.06568701555147473 0.13537060923957994
11 0.8165261256203625 0.269363889120145 0.07074644087983345 0.17869578257356603
8 0.8326615842456027 0.35692246040007514 0.0732621683761979 0.19795452308671294
12 0.7531264863617564 0.7352773301547599 0.06331113973325814 0.14015033026489476
12 0.7959877431989099 0.04963910456349889 0.06312933255166578 0.09927820912699778
7 0.6385498052898017 0.052917053291645276 0.04873422596421871 0.10583410658329055
7 0.8478048973111416 0.48055270962888635 0.06331113973325841 0.14015033026489476
9 0.6369780766209359 0.19212082658035362 0.05609960127171995 0.1400664164177619
9 0.8388817785025893 0.5996549793737814 0.06814680237658002 0.1450139651373423
10 0.5654710468054949 0.29752727274398955 0.04387059298526698 0.10386886769818157
10 0.5717246012717196 0.13277989735839518 0.04869227046077421 0.1063286564167829
10 0.7166748052898015 0.050058673799163 0.04867828529295929 0.100117347598326
10 0.7200576131906834 0.2163962019537108 0.04866430012514437 0.10152096410909059
10 0.7307498557278075 0.4013804706703542 0.058251714404899686 0.09682515693090875
10 0.7397716720662125 0.5058498788743402 0.04869227046077421 0.1063286564167829
10 0.740394012033971 0.612821032720494 0.0559457644257569 0.11362410872545435
10 0.5548091786694488 0.7375849609509125 0.05595974959357182 0.1160279548793005