1 0.6995980922244793 0.6170924085683194 0.06423421950741161 0.14940207590164625
6 0.5929947753758046 0.06835818260410088 0.05900695796405527 0.11331641325832434
6 0.8279652634897249 0.7416456845533953 0.06887408412083847 0.13500696931419917
2 0.7889616532830792 0.37480741307119053 0.08405238566811071 0.1999947264749339
5 0.5987929220119599 0.2931667460760681 0.06443001848405494 0.16622899897856933
1 0.5218541753170661 0.5006658981815016 0.05688282463398518 0.13734088962897098
4 0.6788051415071342 0.23473402584472558 0.04922374565440508 0.09883739566398823
4 0.6701687517749659 0.150543469788851 0.04198423591048886 0.09639159400669772
4 0.6947920840474151 0.4103196838341058 0.05173947693776171 0.10846676544718757
4 0.7032047035205627 0.5137410091207495 0.05408738052685235 0.10367305830731019
4 0.6307100224624522 0.7525181315618128 0.056631083092586736 0.1157062742443556
4 0.6069940727366472 0.621361671915142 0.05408738052685262 0.10367305830731019
4 0.5157343589335682 0.3035015654787653 0.04922374565440508 0.09883739566398816
4 0.5256591117857347 0.07037044405913274 0.044471995911467874 0.10361711763605096
3 0.5934414738285323 0.13326902134185445 0.05679891078685218 0.13012935116743263
3 0.43650449327965285 0.39799897060170747 0.06887408412083833 0.1350069693141989
11 0.1867570768863653 0.27153752056506125 0.07418525951132751 0.17830417041905924
8 0.1689231876438484 0.3579780859288192 0.07921672207804072 0.19756290998545806
12 0.2390649127209836 0.7346135492080008 0.06652618053174741 0.1398006764540763
12 0.21213900204426606 0.052920379659301804 0.06610661129608325 0.10374298414638411
7 0.36833305947951084 0.05863710787495587 0.05660311181020912 0.11330242809050955
7 0.14945382044755545 0.48167127409328514 0.06649820924936979 0.13739683030023025
9 0.3655227876658753 0.1968512691372023 0.05931464207020882 0.13975872095063208
9 0.15649668914951423 0.5995086837190985 0.07379366155804104 0.1446503242652131
10 0.43520551277972214 0.3030330623569696 0.04687584206531416 0.10363110280386569
10 0.43351577639181904 0.13834862306678586 0.05171150565538395 0.10606291929334148
10 0.289062078967343 0.05336790502937528 0.04927968821916018 0.10364508797168054
10 0.28232436817559575 0.21920531930913031 0.051655563090628784 0.10125522698564918
10 0.2681513486632892 0.40423154731621014 0.058839130269789555 0.09889333633524745
10 0.2573192132644787 0.5087429143372587 0.0493076595015378 0.10604893412552677
10 0.2536846306860178 0.6144981599386747 0.05660311181020912 0.11330242809050944
10 0.43613834041280175 0.7393661021995835 0.059034929246432895 0.11572025941217053