1 0.7197332052097866 0.6009615384615384 0.06423421950741161 0.14903846153846154
6 0.5811861712897199 0.056490384615384616 0.061410804117901424 0.11298076923076923
6 0.8545312452259396 0.7199519230769231 0.07130590155706183 0.13701923076923078
2 0.7949911487660817 0.3545673076923077 0.0840803569504882 0.20192307692307693
5 0.5994125005508374 0.2800480769230769 0.06445798976643256 0.16826923076923078
1 0.5345662810923746 0.49158653846153844 0.05688282463398518 0.13701923076923078
4 0.6756083241320966 0.21754807692307693 0.04922374565440508 0.0985576923076923
4 0.6638260071977614 0.1346153846153846 0.04438808206433501 0.09615384615384616
4 0.7028906123610466 0.39302884615384615 0.05176744822013919 0.11057692307692307
4 0.7161265939137031 0.49759615384615385 0.05408738052685235 0.10336538461538461
4 0.6600574626646107 0.7403846153846154 0.05665905437496422 0.11778846153846154
4 0.6272690421338424 0.6081730769230769 0.05408738052685262 0.10336538461538461
4 0.5154317272192989 0.2932692307692308 0.049251716936782555 0.10096153846153846
4 0.5139204359055941 0.06009615384615385 0.04449996719384549 0.10576923076923077
3 0.5843312564265727 0.1201923076923077 0.059230728223076096 0.13221153846153846
3 0.44205931902754997 0.3918269230769231 0.06887408412083819 0.1346153846153846
11 0.18470708208880945 0.2764423076923077 0.07418525951132751 0.1778846153846154
8 0.17129097133132642 0.3629807692307692 0.07921672207804079 0.1971153846153846
12 0.26340886163880656 0.7391826923076923 0.06893002668559357 0.13942307692307693
12 0.1965428153919577 0.054086538461538464 0.06605066873132802 0.0985576923076923
7 0.35519666154580387 0.054086538461538464 0.04927968821916018 0.10336538461538461
7 0.15951033852761934 0.48677884615384615 0.06652618053174734 0.13942307692307693
9 0.3616127025902086 0.19230769230769232 0.05931464207020882 0.13942307692307693
9 0.1717122246976186 0.6057692307692307 0.07382163284041866 0.1466346153846154
10 0.43614676106594225 0.296875 0.046875842065314026 0.10336538461538461
10 0.42460135796650267 0.1310096153846154 0.05171150565538395 0.10576923076923077
10 0.2758697384688808 0.054086538461538464 0.049251716936782555 0.10096153846153846
10 0.2777857713117469 0.21875 0.051655563090628714 0.10096153846153846
10 0.2751318677471304 0.40384615384615385 0.058839130269789555 0.0985576923076923
10 0.2691370800690178 0.5084134615384616 0.0493076595015378 0.10576923076923077
10 0.2727856482886675 0.6153846153846154 0.05900695796405527 0.11298076923076923
10 0.4616842124075478 0.7355769230769231 0.059034929246432895 0.11538461538461539