5 0.5228800966752817 0.41764528809117346 0.07073245571201853 0.17588633909739831
2 0.7721668531167272 0.2935946767922808 0.0829614639984715 0.21201395724416466
6 0.7910068390038314 0.43291286495674675 0.07289855401301318 0.13503493964982846
4 0.7473616114139 0.7817362754529202 0.06560310454458601 0.12056990722330706
4 0.6858941097667467 0.3397712197566904 0.05112408695024994 0.11087061160103372
4 0.5147455371379667 0.2590333974407717 0.04876219629984801 0.11806816489475747
4 0.5459411991770063 0.6627117292731479 0.058419536418677115 0.12533564402755515
4 0.6089019083597452 0.5349372761722098 0.05836359574741797 0.11572025941217053
4 0.49137056971555854 0.16661817961193537 0.05352793310409609 0.11088459676884857
6 0.5702010193350563 0.08082013061250862 0.05601569026483096 0.1253216588597403
1 0.5994737207995615 0.15396961629103872 0.05375169578913281 0.14934613523038712
1 0.3540942160520529 0.5364197039605781 0.08018001831362571 0.14709612592250373
9 0.35403048144173693 0.31886463445359386 0.06328316939762857 0.13497899897856933
9 0.24378381251876036 0.7894738604178124 0.08262581997091623 0.15432164955185684
12 0.20002968939447083 0.0865796156867565 0.063255199061999 0.13017130667087698
11 0.3458259960653478 0.14823351303396132 0.07071847054420388 0.17348249294355217
8 0.1658250318222391 0.40529900858859386 0.09257684861385598 0.21206989791542383
7 0.18597022683457862 0.1491635266936453 0.06333911006888779 0.14459438359395393
7 0.35946750630109503 0.42700974104104117 0.06814680237658002 0.1446223539295835
10 0.4139719970867785 0.08533493575123963 0.04869227046077421 0.1060489341255267
10 0.4172848791485864 0.24157095058342484 0.05352793310409609 0.11088459676884864
10 0.27379452245685204 0.16307614499148215 0.05352793310409602 0.11088459676884864
10 0.2627682386024718 0.333819147753633 0.05595974959357182 0.1157062742443556
10 0.26336260823460067 0.43598260929209454 0.06314331771948065 0.11094053744010779
10 0.25144906757913027 0.6608191430996914 0.06560310454458601 0.12056990722330732