5 0.5264876328771303 0.4201020891081185 0.07658910566517381 0.17831815558687403
2 0.7798967610659423 0.30139220920417925 0.08662405951622258 0.21443178856582562
6 0.7971580810850323 0.4421081127949754 0.07611359386475414 0.13745277097148942
4 0.7483712585687363 0.7939639006415115 0.06870625642657274 0.12058389239112198
4 0.6914859077388091 0.34654783491810875 0.054171294373985344 0.11088459676884864
4 0.5209938020858724 0.25782149597178095 0.05187933334964967 0.12048599621641841
4 0.5473975211158699 0.6678031317128834 0.06395450668363555 0.12536361436318472
4 0.612020812380626 0.5407838776739441 0.06146674668265666 0.11813809073383147
4 0.4970803692527962 0.16514055995446347 0.05419926565636297 0.11328844292269473
6 0.5790200810360834 0.08028650978253547 0.05914681437594337 0.1253356440275551
1 0.6063294984820969 0.154959577397729 0.05945449848209705 0.15177795171986283
1 0.35475333135433235 0.5344797724100686 0.08346498873818084 0.14951395724416466
9 0.35700165132447353 0.31455581966877505 0.06649820924936979 0.13739683030023025
9 0.23991584010670838 0.7874002684179129 0.088356594893006 0.15675346604133283
12 0.20399210975370582 0.07570097744958107 0.06641429540223694 0.13018529183869182
11 0.3501940123267823 0.14265284933314548 0.0741572882289499 0.17590032426521315
8 0.1644570451818856 0.39636270596737627 0.09867126156783083 0.2169055605587457
7 0.1890943630955236 0.1381100738587849 0.0666100943788802 0.1470122149156149
7 0.3618940995446127 0.4251537204974204 0.07144575796895006 0.14944403140509074
10 0.42038022052342605 0.08056541178368198 0.054115351809230106 0.10607690446115631
10 0.42222632516034814 0.23921925793752813 0.05900695796405527 0.11331641325832437
10 0.27703054668755145 0.15544745556094805 0.05660311181020912 0.11330242809050951
10 0.2634054933775504 0.32723155197015186 0.05906290052881044 0.11812410556601668
10 0.26339234980167564 0.42938802092470596 0.06381465027174758 0.11334438359395395
10 0.2492226985506253 0.6576555093653871 0.06873422770895023 0.12298773854496813