5 0.4794940112251075 0.41665314253147234 0.0766170769475513 0.1807220017407203
2 0.22860061431965217 0.2883138928443337 0.08905587695244623 0.21684961988748655
6 0.20651761635168098 0.4302596898476825 0.07614156514713202 0.1398566171253357
4 0.24327122245755733 0.7833873266102156 0.0687342277089503 0.12298773854496813
4 0.3157815732874846 0.3358803572960167 0.05419926565636297 0.1132884429226948
4 0.49099745740098066 0.2543375864755978 0.05187933334964967 0.12048599621641841
4 0.4513725845248293 0.6643961406396814 0.06398247796601317 0.12776746051703086
4 0.38919509633748584 0.5337571322021583 0.06146674668265653 0.11813809073383147
4 0.5173287220290919 0.1604407422135424 0.05422723693874058 0.11569228907654096
6 0.4390227507589515 0.0731618681360461 0.05917478565832086 0.12773949018140127
1 0.40810756408216875 0.14785591350296182 0.05945449848209705 0.15177795171986283
1 0.6475526153111921 0.5370614189697599 0.08589680617440475 0.15193178856582562
9 0.6537317425207013 0.3158865950641916 0.06649820924936979 0.13739683030023025
9 0.7551086398913338 0.7960334858656639 0.08835659489300586 0.15675346604133283
12 0.8150988030651753 0.08179049706533813 0.06644226668461456 0.13258913799253796
11 0.6653610594672735 0.14275373131600935 0.07418525951132765 0.17830417041905927
8 0.8425726799441983 0.40612792065297654 0.09869923285020832 0.21930940671259186
7 0.8275787179283226 0.1454155017192798 0.06904191181510391 0.14943004623727582
7 0.6440316019928698 0.4265124662284665 0.07144575796895006 0.1494440314050906
10 0.5976066687068536 0.0782484624448849 0.054115351809230106 0.10607690446115627
10 0.5909528717622392 0.23693027893436064 0.059034929246432895 0.11572025941217053
10 0.7384965538241269 0.15795218369765804 0.05660311181020898 0.11330242809050958
10 0.7460700348259461 0.3333770122571681 0.059090871811188134 0.12052795171986283
10 0.743665346606786 0.43674938945646014 0.0638426215541252 0.1157482297478001
10 0.7506234593962979 0.6650588334005856 0.06873422770895023 0.12298773854496813