5 0.5228870892591891 0.427930782634752 0.07555413318752577 0.1787517251383212
2 0.7769955231761416 0.3107034308744707 0.0853792953201323 0.21492130257552397
6 0.7934386554933072 0.4515102442099251 0.07531638533467426 0.13788634052293658
4 0.742595874609652 0.8018564144591563 0.06800695069843216 0.1209755035988805
4 0.6883189336723151 0.3553415703495761 0.05352793310409582 0.11119229128923044
4 0.517135398123998 0.2656152246853814 0.05118002762150908 0.12077970462223743
4 0.5423564076979592 0.675736721098738 0.06322722872636942 0.12572725334181784
4 0.6065190399576212 0.5490880995690871 0.060781427069078776 0.11848774359790162
4 0.49495536119460554 0.17161348314398295 0.053541918271910745 0.11359613744307659
6 0.57739857262878 0.08844387700139499 0.058419536418677115 0.1256713107770626
1 0.6042744205233463 0.16327079187677945 0.0585733732646399 0.1521136184693703
1 0.3492795311604532 0.5412874800469909 0.08259784963528666 0.14998948513930005
9 0.35400950369001466 0.32140548517601175 0.06570100071928951 0.1377744553934261
9 0.23416842790337575 0.7935366420824461 0.08744749744642331 0.15725696616559376
12 0.20118266438404214 0.0816625251554533 0.06565904521584515 0.1305629169318877
11 0.3481948792996571 0.1482726195343335 0.07313630186586469 0.17631990770209743
8 0.16098237659500975 0.4020864892523067 0.09741251125717786 0.21746500514125808
7 0.18712320182414993 0.14399469746118765 0.06575694139054872 0.14738984000881078
7 0.35825159805635715 0.43082244209957826 0.07057861886605589 0.1498496287274121
10 0.41875171905884123 0.08779969544139599 0.05349996276846652 0.10638459898153813
10 0.4196747401346178 0.24645354159524213 0.05834961057960305 0.11365208000783183
10 0.2749614826142381 0.1618425723448934 0.055945764425756966 0.11362410872545421
10 0.26033642211299607 0.3335357590094389 0.058377580915232756 0.11845977231552414
10 0.25972886866820183 0.4356852349067116 0.06315730288729543 0.11370802257258707
10 0.24423053653368443 0.6638548205454531 0.06802093586624694 0.12337934975272692