5 0.484317456618442 0.4230769230769231 0.07315028703367961 0.1778846153846154
2 0.23023699303711906 0.2980769230769231 0.08297544916628616 0.21394230769230768
6 0.2113830219821999 0.43990384615384615 0.07291253918082798 0.13701923076923078
4 0.2561952097295175 0.7944711538461539 0.06800695069843216 0.1201923076923077
4 0.31890658995703824 0.3449519230769231 0.05352793310409609 0.11057692307692307
4 0.4912710708305561 0.2608173076923077 0.04877618146766293 0.1201923076923077
4 0.4612353763649951 0.671875 0.060823382572523274 0.125
4 0.397086729273148 0.5420673076923077 0.058377580915232624 0.11778846153846154
4 0.5158549539137947 0.16706730769230768 0.05355590343972567 0.11538461538461539
6 0.43582957380128123 0.08052884615384616 0.058419536418677115 0.125
1 0.4065428871689613 0.15625 0.053765680956947594 0.15144230769230768
1 0.6555001908116096 0.5420673076923077 0.0825978496352868 0.14903846153846154
9 0.6555849031736477 0.32091346153846156 0.06328316939762857 0.1346153846153846
9 0.7681864701631186 0.7992788461538461 0.08502966612476225 0.15384615384615385
12 0.8120035265425748 0.08533653846153846 0.063255199061999 0.12980769230769232
11 0.6638033737178516 0.14783653846153846 0.07074644087983345 0.1778846153846154
8 0.8473821368561001 0.40865384615384615 0.09260481894948541 0.21634615384615385
7 0.826062989102467 0.14783653846153846 0.06336708040451756 0.14903846153846154
7 0.6489319700695517 0.43149038461538464 0.06817477271220959 0.14903846153846154
10 0.5944624422034052 0.08413461538461539 0.051096116614620365 0.10576923076923077
10 0.5911285823898751 0.2439903846153846 0.05595974959357182 0.11538461538461539
10 0.7370297778193631 0.16346153846153846 0.05352793310409609 0.11057692307692307
10 0.7492439995828515 0.33653846153846156 0.05598771992920139 0.1201923076923077
10 0.7486426373668154 0.43990384615384615 0.06317128805511028 0.11538461538461539
10 0.759326284609733 0.6694711538461539 0.06800695069843216 0.1201923076923077