5 0.47467233327622643 0.4206730769230769 0.07418525951132765 0.1778846153846154
2 0.2261687968834284 0.2920673076923077 0.08662405951622244 0.21394230769230768
6 0.20411377019783486 0.43149038461538464 0.07370974771090825 0.13701923076923078
4 0.24089534758608883 0.7824519230769231 0.06870625642657267 0.1201923076923077
4 0.31216181841552654 0.3389423076923077 0.054171294373985344 0.11057692307692307
4 0.48495987073398766 0.25961538461538464 0.05187933334964967 0.1201923076923077
4 0.44659286349951466 0.6646634615384616 0.061550660529789386 0.125
4 0.3844013896709824 0.5348557692307693 0.06146674668265653 0.11778846153846154
4 0.5124790727978332 0.16706730769230768 0.05419926565636283 0.11298076923076923
6 0.434159115886504 0.08052884615384616 0.059146814375943234 0.125
1 0.40325791485091006 0.15384615384615385 0.057022681045873144 0.14903846153846154
1 0.6403410768496538 0.5408653846153846 0.08346498873818084 0.14903846153846154
9 0.6476941558537083 0.32211538461538464 0.06406639181314616 0.1346153846153846
9 0.7467371352764386 0.796875 0.08835659489300586 0.15625
12 0.8066433846031473 0.09014423076923077 0.0664142954022368 0.12980769230769232
11 0.6593094871590919 0.1502403846153846 0.0741572882289499 0.17548076923076922
8 0.8341592184057368 0.4110576923076923 0.09867126156783056 0.21634615384615385
7 0.8179213763893716 0.15384615384615385 0.06661009437888027 0.1466346153846154
7 0.6380080009670657 0.43149038461538464 0.07141778668657231 0.1466346153846154
10 0.5915550963986719 0.08533653846153846 0.05171150565538395 0.10576923076923077
10 0.5849012994540576 0.2439903846153846 0.05660311181020898 0.11298076923076923
10 0.7312430584390222 0.1658653846153846 0.05660311181020898 0.11298076923076923
10 0.7376565732874846 0.33774038461538464 0.05906290052881037 0.11778846153846154
10 0.7352658707095133 0.43990384615384615 0.06381465027174744 0.11298076923076923
10 0.7422239834990252 0.6682692307692307 0.06870625642657274 0.1201923076923077