5 0.5264439104026065 0.4073637989032201 0.07556811835534055 0.18115557129216733
2 0.7780855649105463 0.2734171988689559 0.08779712664179311 0.21735312001174775
6 0.800552297780142 0.41619430348140357 0.07533037050248918 0.14029018667678272
4 0.760547802340517 0.7712511086153194 0.06802093586624708 0.12337934975272692
4 0.6906248836514576 0.32251507375266164 0.053541918271910745 0.11359613744307659
4 0.5146756112988927 0.24402813121238082 0.05118002762150908 0.12077970462223743
4 0.5531247673029152 0.654666254284409 0.06324121389418422 0.12813109949566398
4 0.6148625756570089 0.5229293855579759 0.060781427069078915 0.11848774359790176
4 0.48888980513873104 0.1505718296773457 0.05595974959357182 0.11602795487930037
6 0.5689012000834297 0.06236503124542126 0.058433521586491906 0.12473006249084252
1 0.5993898097926726 0.1360639968418219 0.0585733732646399 0.1521136184693703
1 0.3552751613772538 0.5307579763624498 0.08501568095694759 0.15242130257552397
9 0.35038275670752317 0.30964608713217 0.06570100071928965 0.13777445539342623
9 0.24741755208515917 0.7928479774029386 0.08985134360026947 0.1572849374479715
12 0.19035836410782705 0.07591526869216901 0.06567303038365993 0.13296676308573385
11 0.33975344742556585 0.13547912610783427 0.07555413318752577 0.1787517251383212
8 0.16100335434673196 0.40200004920923177 0.09742649642499265 0.21986885129510425
7 0.1775148097926727 0.14097295689909203 0.06817477271220973 0.14982165744503456
7 0.35943953596546546 0.42012511072077147 0.07057861886605589 0.1498496287274121
10 0.40908039377219746 0.06856218968811444 0.05349996276846652 0.10638459898153813
10 0.41482509232348114 0.22956393943105152 0.05836359574741797 0.11605592616167798
10 0.2665270433240544 0.1519572502203513 0.055945764425757036 0.11362410872545421
10 0.2579325759591499 0.32754990458063094 0.05839156608304755 0.1208636184693703
10 0.2609307917451249 0.42968539483671486 0.06557513420895643 0.11613984000881071
10 0.25266497582386815 0.6617684338123792 0.06802093586624694 0.12337934975272692