5 0.4795673076923077 0.42827081020982116 0.07451923076923077 0.17831815558687417
2 0.2247596153846154 0.306596074729145 0.08413461538461539 0.21443178856582562
6 0.2091346153846154 0.448332094215272 0.07451923076923077 0.13745277097148956
4 0.2620192307692308 0.7983993832918128 0.0673076923076923 0.12058389239112198
4 0.3137019230769231 0.35278660286136937 0.052884615384615384 0.11088459676884864
4 0.484375 0.2672410882377584 0.05048076923076923 0.12048599621641841
4 0.46274038461538464 0.6757690678812713 0.0625 0.12536361436318472
4 0.39663461538461536 0.5479806296125184 0.06009615384615385 0.11813809073383147
4 0.5060096153846154 0.17361695474809158 0.052884615384615384 0.11328844292269473
6 0.4230769230769231 0.08779792799694265 0.057692307692307696 0.1253356440275551
1 0.39663461538461536 0.16216332192021066 0.057692307692307696 0.15177795171986283
1 0.6538461538461539 0.5446693502610093 0.08173076923076923 0.14951395724416455
9 0.6478365384615384 0.3246824642645492 0.06490384615384616 0.13739683030023025
9 0.7704326923076923 0.798953400130796 0.08653846153846154 0.15675346604133283
12 0.7992788461538461 0.08758276060611214 0.06490384615384616 0.13018529183869182
11 0.6526442307692307 0.1528354346001788 0.07211538461538461 0.17590032426521313
8 0.8413461538461539 0.40874096258133263 0.09615384615384616 0.2169055605587457
7 0.8137019230769231 0.15016667161300093 0.06490384615384616 0.1470122149156149
7 0.6442307692307693 0.4352384095897501 0.06971153846153846 0.1494440314050906
10 0.5817307692307693 0.08992287214964229 0.052884615384615384 0.10607690446115631
10 0.5817307692307693 0.24857671830348846 0.057692307692307696 0.11331641325832437
10 0.7259615384615384 0.16648313606468393 0.055288461538461536 0.11330242809050951
10 0.7415865384615384 0.3384490396554801 0.057692307692307696 0.11812410556601668
10 0.7427884615384616 0.44061949377784904 0.0625 0.11334438359395395
10 0.7596153846153846 0.6690827745679372 0.0673076923076923 0.12298773854496813