5 0.5240977723644729 0.42129002701722673 0.07658910566517381 0.17831815558687417
2 0.7787088236302078 0.302587139697195 0.08662405951622258 0.21443178856582562
6 0.7959841292904867 0.4445049663649142 0.07611359386475414 0.13745277097148942
4 0.7471693354918133 0.793956908057604 0.06870625642657274 0.12058389239112198
4 0.6890960472261517 0.34773577282721696 0.054171294373985344 0.11088459676884864
4 0.519819850291327 0.2602183495417197 0.05187933334964967 0.12048599621641841
4 0.5450076606032126 0.6689910696219916 0.06395450668363555 0.12536361436318472
4 0.6096309518679687 0.5419718155830524 0.06146674668265653 0.11813809073383147
4 0.49589243181706194 0.16633549044747914 0.05419926565636283 0.1132884429226948
6 0.576630220523426 0.08147444769164378 0.059146814375943234 0.12533564402755515
1 0.6051415610463626 0.15615450789074467 0.05945449848209691 0.15177795171986283
1 0.352363470841675 0.5356677103191768 0.08346498873818084 0.14951395724416455
9 0.35461179081181626 0.31574375757788337 0.06649820924936979 0.13739683030023025
9 0.23872790267097413 0.7885951989109283 0.088356594893006 0.15675346604133283
12 0.20160224924104847 0.07688891535868936 0.06641429540223694 0.13018529183869182
11 0.34780415181412505 0.14384078724225377 0.0741572882289499 0.17590032426521313
8 0.16326910774615136 0.39755763646039194 0.09867126156783083 0.2169055605587457
7 0.18790642565978935 0.1393050043518006 0.0666100943788802 0.1470122149156149
7 0.3595042390319554 0.42634165840652866 0.07144575796895006 0.14944403140509074
10 0.4179903600107687 0.08175334969279026 0.054115351809230106 0.10607690446115631
10 0.4198364646476908 0.2404071958466364 0.05900695796405527 0.11331641325832437
10 0.2758426092518172 0.1566423860539637 0.05660311181020912 0.11330242809050958
10 0.26221755594181617 0.3284264824631675 0.05906290052881044 0.11812410556601668
10 0.2622044123659414 0.4305829514177217 0.06381465027174758 0.11334438359395395
10 0.248034761114891 0.6588504398584027 0.0687342277089503 0.12298773854496813