5 0.48201471205989704 0.42346311790212887 0.07073245571201853 0.17588633909739843
2 0.23130146850134248 0.29941250660323615 0.08296146399847136 0.2120139572441646
6 0.21408376208075452 0.43873069476770216 0.07289855401301318 0.13503493964982846
4 0.26178468833697693 0.7875541052638757 0.06560310454458601 0.12056990722330706
4 0.31810564822828513 0.34558904956764575 0.05112408695024994 0.11087061160103386
4 0.48830322944565896 0.26485122725172705 0.04876219629984801 0.11806816489475747
4 0.4618065837923909 0.6685295590841034 0.058419536418677115 0.12533564402755515
4 0.39736344682128366 0.5407551059831651 0.05836359574741797 0.11572025941217053
4 0.5106013389463278 0.1724360094228907 0.05352793310409609 0.11088459676884864
6 0.4307779424119794 0.08663796042346396 0.05601569026483096 0.1253216588597403
1 0.4023583361841769 0.1597874461019941 0.05375169578913281 0.14934613523038703
1 0.652171139128976 0.5422375337715335 0.08018001831362571 0.1470961259225036
9 0.6497035583648139 0.3246824642645492 0.06328316939762857 0.13497899897856933
9 0.7654184279033758 0.7952916902287677 0.08262581997091609 0.15432164955185684
12 0.8009912278560093 0.09239744549771184 0.063255199061999 0.130171306670877
11 0.6559221499115018 0.15405134284491667 0.0707184705442036 0.17348249294355214
8 0.8389019548991622 0.4111168383995492 0.09257684861385612 0.21206989791542383
7 0.815777919142271 0.15498135650460063 0.06333911006888772 0.14459438359395393
7 0.6455251986087873 0.4328275708519965 0.06814680237658002 0.1446223539295835
10 0.5870489201637016 0.09115276556219495 0.04869227046077421 0.1060489341255267
10 0.5855541099178172 0.24738878039438017 0.05352793310409609 0.11088459676884864
10 0.7281214455337751 0.16889397480243748 0.05352793310409582 0.11088459676884857
10 0.7411336232178564 0.3396369775645884 0.05595974959357182 0.1157062742443556
10 0.7417279928499853 0.44180043910304995 0.0631433177194807 0.11094053744010779
10 0.7562567598868225 0.6666369729106467 0.06560310454458573 0.12056990722330706