12 0.19779286389925282 0.09129800711395147 0.058419536418677115 0.12533564402755515
8 0.16408926830290543 0.3062534381176825 0.08771321563490446 0.20242654296440957
7 0.18423606602554385 0.1489133963832778 0.05853141776119548 0.14456641325832434
11 0.345307743501051 0.147446556473023 0.07077441121546303 0.1830978775589368
9 0.22978786495674675 0.7898250923234811 0.08746148261423811 0.15915731219517873
10 0.2718715618823175 0.167452701162364 0.05352793310409602 0.11088459676884864
10 0.2564485454604826 0.33924379015547523 0.05112408695024987 0.11087061160103386
10 0.2558681609961686 0.43900340554009065 0.05834961057960312 0.11331641325832437
10 0.35369862457749146 0.5645767974204973 0.060739471565634556 0.11092655227229287
2 0.7686915389147502 0.3037610924384884 0.08774118597053396 0.20723423527210189
1 0.5976346712319157 0.1621361529397305 0.053765680956947594 0.15174998138423318
6 0.5704519510005732 0.08264840043293724 0.056071630936090106 0.13493704347512495
6 0.5088244212786992 0.34551992508372115 0.06328316939762857 0.13497899897856933
3 0.2426601909626801 0.6432604027779397 0.07306637602679075 0.16388109349598232
3 0.34601239176539933 0.4395278493331455 0.06578491172617837 0.15181990722330718
4 0.41961020416915235 0.18513971205989707 0.05111010178243502 0.10846676544718764
4 0.6831032674325452 0.346533849750294 0.04873422596421871 0.11326047258706523
4 0.5169425915827511 0.8095251660311955 0.058377580915232756 0.11812410556601641
4 0.5393953392845321 0.6690260325415286 0.05836359574741797 0.11572025941217053
4 0.603831483671732 0.5431947164116977 0.055973734761386604 0.11811012039820176