12 0.7975594718677755 0.08429923197779525 0.06083736774033792 0.12775347534921608
8 0.8299336751665679 0.30405536270531114 0.08774118597053396 0.20723423527210194
7 0.810437989102467 0.14311654432404464 0.05855938809682525 0.14937410556601666
11 0.6457885127318203 0.14167068216551207 0.07320622770493876 0.18791955503444388
9 0.7561462616421656 0.7984583097712323 0.08746148261423824 0.159157312195179
10 0.7213838000676408 0.16286476476396136 0.05355590343972567 0.11569228907654089
10 0.734792952324145 0.33705969991091866 0.05352793310409609 0.11088459676884864
10 0.7341915901081089 0.4404250845263033 0.05836359574741797 0.11572025941217053
10 0.6336977534132165 0.5672073920675405 0.06317128805511028 0.1157482297478001
2 0.21097825347072027 0.30164692803300586 0.09015901729219504 0.20965206659376287
1 0.38850005584730035 0.15638824896784914 0.05377966612476238 0.15415382753807935
6 0.4178147128152499 0.07569158080022541 0.05848946225775105 0.1373548747967859
6 0.4763445278661465 0.34457272083562474 0.06329715456544335 0.13738284513241547
3 0.7462030269382828 0.6482808584110142 0.07790203867011278 0.16871675613930448
3 0.6416505057689393 0.4397615904102499 0.06820274304783916 0.15423773854496814
4 0.5698435962006296 0.1805727534132166 0.05352793310409609 0.11088459676884857
4 0.29845991248153114 0.3456076232539197 0.048748211132033356 0.11566431874091138
4 0.46398105777515436 0.8169844307376531 0.05839156608304755 0.12052795171986283
4 0.44197663679859633 0.6740884436780475 0.058377580915232624 0.11812410556601668
4 0.37782099712284184 0.5458602739782779 0.05839156608304755 0.12052795171986283