12 0.18818447186777562 0.08784447201884617 0.06083736774033806 0.12775347534921608
8 0.15444591335189126 0.3091871179381921 0.08774118597053403 0.20723423527210194
7 0.17461368882625183 0.1480175442879814 0.058559388096825114 0.14937410556601666
11 0.3392911355325282 0.14465571413882167 0.07320622770493876 0.18791955503444394
9 0.22129049241139642 0.8015700096100244 0.08746148261423811 0.159157312195179
10 0.26345110775994857 0.16552893923268006 0.0535559034397256 0.11569228907654096
10 0.24800711358639152 0.34109361947033806 0.05352793310409602 0.11088459676884864
10 0.24861466703118573 0.4432500884248922 0.05836359574741797 0.11572025941217053
10 0.34643114544469383 0.5700805426983316 0.06317128805511028 0.1157482297478001
2 0.7722763303937972 0.2983813913482509 0.09015901729219476 0.20965206659376287
1 0.5964257555710852 0.15638045502879228 0.05377966612476238 0.1541538275380794
6 0.5680550974306345 0.07481750781180063 0.05848946225775105 0.1373548747967859
6 0.5063856122053161 0.3455998293148629 0.06329715456544335 0.13738284513241547
3 0.23417680358514462 0.652461622232489 0.07790203867011264 0.1687167561393042
3 0.3399608208773396 0.44271865204792993 0.0682027430478393 0.15423773854496814
4 0.41478852669364524 0.18267671981419406 0.05352793310409609 0.11088459676884864
4 0.6842772201738387 0.34336300381964485 0.048748211132033356 0.11566431874091138
4 0.5144548344220162 0.8178926652904656 0.05839156608304755 0.12052795171986255
4 0.536921567291612 0.6747379526262862 0.058377580915232756 0.11812410556601668
4 0.6037825355843803 0.5445456682036869 0.05839156608304755 0.12052795171986283