12 0.7951905886334664 0.07830360176099467 0.06324121389418408 0.12776746051703086
8 0.8299756306700122 0.2968438242437727 0.09014503212438012 0.20724822043991672
7 0.8092780215289882 0.1359119984464136 0.06336708040451729 0.14940207590164625
11 0.6446075674066193 0.13807190551865023 0.0756100738587849 0.18793354020225866
9 0.7658175869288095 0.7887869844845885 0.08987931393589904 0.1615751435168398
10 0.7202168399102548 0.15686214196325338 0.05595974959357182 0.11570627424435567
10 0.7372317613975282 0.33103609935848854 0.05352793310409609 0.11088459676884864
10 0.736630399181492 0.4344014839738731 0.060767441901264124 0.11573424457998531
10 0.6397353391334615 0.5623647368403112 0.06317128805511028 0.1157482297478001
2 0.21577196061059778 0.30402280385122243 0.09257684861385598 0.21206989791542383
1 0.389694986340316 0.15758317946086478 0.05858735843245469 0.15418179787370898
6 0.4166127897383268 0.0756985733841328 0.05848946225775105 0.1373548747967859
6 0.4799642822647306 0.3421478969300564 0.06329715456544349 0.13738284513241547
3 0.75226159041025 0.6398324339530158 0.07790203867011278 0.1687167561393042
3 0.6452842453353381 0.4349329203508354 0.07060658920168532 0.15425172371278292
4 0.5686556582915213 0.17817589984327784 0.05352793310409609 0.11088459676884857
4 0.303260612205316 0.3467815759952131 0.05115205728587951 0.11567830390872604
4 0.4760212662961074 0.8133087356678098 0.0607954122368937 0.12054193688767775
4 0.4516060065817957 0.6716286568529422 0.058377580915232624 0.11812410556601668
4 0.3850395281682876 0.5446163953979103 0.05839156608304755 0.12052795171986283