12 0.8027316153968526 0.08081580809629871 0.05914681437594337 0.12567131077706256
8 0.8376869682465716 0.29558242655343175 0.0888880492581805 0.20293004308867074
7 0.816624080020069 0.13835427373552955 0.05937058463496406 0.1449020800078318
11 0.6555384164299991 0.1378245035009831 0.07183735592223674 0.18350347488125832
9 0.7747995806198552 0.7795526850242707 0.08838456617538362 0.1596608123194399
10 0.7290934800225165 0.1574040716961584 0.054171294373985344 0.11119229128923044
10 0.7455165036355923 0.32911124400189273 0.05176744822013919 0.11116432000685282
10 0.7466773118542631 0.42887085938650815 0.05900695796405513 0.11365208000783183
10 0.6495741262302063 0.55501768196399 0.06138283283552381 0.11127620513636316
2 0.2330497323483198 0.2966075886867846 0.08894399182293575 0.20773773539636314
1 0.4032884123292298 0.1539826419967857 0.05464680617440461 0.15205767590461505
6 0.4300095907799995 0.07433404917252016 0.05685485335160756 0.1352587241100696
6 0.4931686000465013 0.33685592095923383 0.06406639181314602 0.13534263795720244
3 0.7610741016255904 0.6330579260515432 0.07401743181706194 0.1643006769328668
3 0.6565330810850323 0.4299197824756684 0.06666603694363551 0.15219753231650315
4 0.5814527405376212 0.17595122863930432 0.05173947693776157 0.10876047385300666
4 0.31888975389265517 0.3388838389316104 0.049391573348670656 0.11354019487832136
4 0.48774974985307185 0.8009240994222407 0.05906290052881037 0.11845977231552414
4 0.46447881444936645 0.6605508409636391 0.059034929246432895 0.11605592616167798
4 0.399308399047619 0.5350901568697227 0.05665905437496422 0.11843180103314638