12 0.806601427679581 0.08905098361422838 0.06398247796601343 0.12776746051703086
8 0.8328882091881837 0.30883508467737386 0.09134783797678189 0.20724822043991672
7 0.8167194533124486 0.14908420420521562 0.06423421950741161 0.14940207590164625
11 0.6533278430568541 0.1440255802320064 0.07670099079468429 0.18793354020225872
9 0.7490570675831518 0.79967421801597 0.09081638361160753 0.1615751435168398
10 0.7287972553616094 0.16521966283045572 0.056631083092586736 0.11570627424435574
10 0.7375866450815406 0.3394355757291353 0.054171294373985344 0.11088459676884864
10 0.7339940194266461 0.4416130224354116 0.06143877540027905 0.11573424457998531
10 0.6315779742814721 0.567200399483633 0.0638426215541252 0.1157482297478001
2 0.21769939278021166 0.2955883645610387 0.09380762669538328 0.21206989791542383
1 0.39840826561965137 0.15512339263575947 0.059482469764474535 0.15418179787370898
6 0.4282054430666439 0.07322480139121267 0.059286670787831335 0.1373548747967859
6 0.4803471353376245 0.34333583483916463 0.06409436309552365 0.13738284513241547
3 0.741175902475179 0.6506916971487678 0.07888106668950948 0.1687167561393042
3 0.6426618512216812 0.4409425357354508 0.0715017005337053 0.15425172371278292
4 0.5771871199750361 0.18052380532586482 0.054171294373985344 0.11088459676884857
4 0.30370639995349863 0.3407579754427829 0.05182339078489436 0.11567830390872604
4 0.4556339947608443 0.8146015623355292 0.061494717965034286 0.12054193688767775
4 0.4380815024727314 0.6704826744472783 0.05906290052881037 0.11812410556601668
4 0.3770919517211222 0.5410385965027708 0.059090871811188134 0.12052795171986283