12 0.1894213578642357 0.08403752056506122 0.06324121389418422 0.12776746051703086
8 0.15928856857912058 0.3050235447051298 0.09014503212438019 0.20724822043991672
7 0.177052497899635 0.14406374857214108 0.06336708040451736 0.14940207590164625
11 0.3417509223576335 0.13901211718283926 0.0756100738587849 0.18793354020225872
9 0.23456758692880947 0.794660754966803 0.08987931393589904 0.1615751435168398
10 0.2659039020011465 0.16020619978128858 0.05595974959357175 0.11570627424435574
10 0.2540656770583587 0.3356240357568912 0.05352793310409602 0.11088459676884864
10 0.25588214616398336 0.43659955938624445 0.060767441901264055 0.11573424457998531
10 0.35611645589915236 0.5621869364344659 0.06317128805511028 0.1157482297478001
2 0.7735761496454239 0.2905679089279642 0.09257684861385584 0.21206989791542383
1 0.5965026739940666 0.1501099295865923 0.05858735843245469 0.15418179787370895
6 0.5681110381018937 0.07181710757281476 0.06570100071928965 0.13739683030023025
6 0.5112702229359898 0.33832237178999747 0.06329715456544349 0.13738284513241547
3 0.24505005194871143 0.6456782340996008 0.07790203867011264 0.16871675613930448
3 0.3472352925940446 0.43592907268628367 0.07060658920168532 0.15425172371278292
4 0.41725530610265804 0.17671226535362075 0.05352793310409609 0.11088459676884857
4 0.6879738929954043 0.33574451239361586 0.05115205728587951 0.11567830390872604
4 0.5253560531212127 0.8095741141185473 0.0607954122368937 0.12054193688767775
4 0.5466278554977928 0.6654622188142038 0.058377580915232756 0.11812410556601668
4 0.6098830545597919 0.5360181408696962 0.05839156608304755 0.12052795171986283