12 0.20624828094115877 0.0841354167397648 0.06324121389418422 0.12776746051703086
8 0.16891793836231997 0.30267563922254287 0.09014503212438019 0.20724822043991672
7 0.1926844904835424 0.14295272908601417 0.06336708040451736 0.14940207590164625
11 0.35614602894508085 0.14390372049742034 0.0756100738587849 0.18793354020225872
9 0.227356048467271 0.7946187994633587 0.08987931393589904 0.1615751435168398
10 0.2803129937564086 0.16269395694202352 0.05595974959357175 0.11570627424435574
10 0.2612702229359897 0.3368679143372587 0.05352793310409602 0.11088459676884864
10 0.2606688607199535 0.4402332989526433 0.060767441901264124 0.11573424457998531
10 0.3560814929796155 0.5681965518190814 0.06317128805511028 0.1157482297478001
2 0.7842815759952132 0.3098616114139 0.09257684861385612 0.21206989791542383
1 0.6108488324941622 0.16341499443963492 0.05858735843245469 0.15418179787370898
6 0.5848820205075576 0.08153038836290295 0.05848946225775105 0.13735487479678588
6 0.5184258207262691 0.34797971190882654 0.06329715456544349 0.13738284513241547
3 0.2426462057948653 0.6456642489317859 0.07790203867011264 0.16871675613930448
3 0.3520150145661073 0.4407647353296056 0.07060658920168546 0.15425172371278306
4 0.4316364275222906 0.184007714822048 0.05352793310409609 0.11088459676884857
4 0.6950875352822391 0.3526133909739833 0.05115205728587951 0.11567830390872616
4 0.5180885739884151 0.8191475432304874 0.0607954122368937 0.12054193688767748
4 0.5429521604279496 0.6774604718317124 0.058377580915232624 0.11812410556601668
4 0.6110010666298261 0.5504482103766806 0.05839156608304755 0.12052795171986283