12 0.8009422797686576 0.07932692307692307 0.06324121389418408 0.12740384615384615
8 0.8382656297635889 0.296875 0.09014503212438012 0.20673076923076922
7 0.8157010007192896 0.13701923076923078 0.06335309523670236 0.1466346153846154
11 0.6534483779185816 0.13822115384615385 0.0756100738587849 0.1875
9 0.7798135344908231 0.7860576923076923 0.08987931393589904 0.16105769230769232
10 0.7280794900303307 0.15745192307692307 0.053541918271911015 0.11298076923076923
10 0.7471082756829349 0.3293269230769231 0.05352793310409582 0.11057692307692307
10 0.7477026453150637 0.43149038461538464 0.05836359574741797 0.11538461538461539
10 0.6522900130554017 0.5588942307692307 0.06315730288729536 0.11298076923076923
2 0.22770968443838802 0.3004807692307692 0.09256286344604113 0.2091346153846154
1 0.39873858178559285 0.15504807692307693 0.05858735843245469 0.15384615384615385
6 0.4247123863561048 0.07451923076923077 0.05848946225775119 0.13701923076923078
6 0.491161593553486 0.3401442307692308 0.06329715456544349 0.13701923076923078
3 0.7657322928240593 0.6382211538461539 0.07790203867011278 0.16826923076923078
3 0.6575723997136477 0.4338942307692308 0.06820274304783916 0.15384615384615385
4 0.5779509867574645 0.17668269230769232 0.05352793310409609 0.11057692307692307
4 0.315701802074439 0.34375 0.05115205728587951 0.11538461538461539
4 0.4914848551235252 0.8088942307692307 0.0607954122368937 0.1201923076923077
4 0.46542633819097495 0.6682692307692307 0.058377580915232624 0.11778846153846154
4 0.3985793550660215 0.5408653846153846 0.05839156608304755 0.1201923076923077