5 0.5973557692307693 0.2907349295865923 0.07932692307692307 0.18315381823019597
3 0.4411057692307692 0.4004028167555536 0.07451923076923077 0.14466430943302788
7 0.43990384615384615 0.6047227472485693 0.07451923076923077 0.15427969404841263
11 0.3557692307692308 0.2929351894519745 0.07211538461538461 0.1783041704190593
9 0.1622596153846154 0.6031074603659603 0.07932692307692307 0.168730741307119
8 0.2608173076923077 0.37291162147713625 0.08413461538461539 0.20241255779659484
12 0.1935096153846154 0.06122195985524496 0.0673076923076923 0.11096850777573739
12 0.2548076923076923 0.7514824277883684 0.08653846153846154 0.1447342352721018
10 0.25841346153846156 0.6204937901554752 0.06490384615384616 0.11095452260792243
10 0.2776442307692308 0.2191633638056859 0.06009615384615385 0.10852270611844685
10 0.27403846153846156 0.0592866168231945 0.06009615384615385 0.10611885996460067
10 0.4326923076923077 0.30540194559127876 0.04807692307692308 0.10364508797168054
10 0.45072115384615385 0.7430068343498898 0.0673076923076923 0.12058389239112198
4 0.5108173076923077 0.06426992508372117 0.057692307692307696 0.10370102864293972
4 0.6742788461538461 0.2298843780335889 0.057692307692307696 0.11091256710447822
4 0.65625 0.1420391046595933 0.052884615384615384 0.10367305830731012
4 0.5132211538461539 0.3022646794823052 0.057692307692307696 0.10850872095063206
4 0.6213942307692307 0.5072209351108941 0.0625 0.1205559220554924
4 0.6971153846153846 0.4054980063585987 0.055288461538461536 0.11570627424435574
2 0.7896634615384616 0.3663729737810068 0.08653846153846154 0.2096380814259481
6 0.84375 0.7368799477491474 0.08653846153846154 0.14713808142594823