5 0.6012107538069948 0.28846153846153844 0.07902092310139744 0.18028846153846154
3 0.4412981999461563 0.39663461538461536 0.07379366155804098 0.14423076923076922
7 0.43532885735447924 0.5997596153846154 0.07147372925132768 0.15144230769230768
11 0.35962421534545636 0.28846153846153844 0.06937756720363535 0.1778846153846154
9 0.1589424922269268 0.5949519230769231 0.07882512412475425 0.16346153846153846
8 0.26376322559126103 0.36658653846153844 0.08162056823188688 0.1971153846153846
12 0.20608742973608424 0.055288461538461536 0.06378667898936996 0.11057692307692307
12 0.24616456605301165 0.7427884615384616 0.08338107489104811 0.14182692307692307
10 0.2536846306860178 0.6129807692307693 0.06378667898936996 0.11057692307692307
10 0.2847701712530083 0.21394230769230768 0.05892304411692241 0.10576923076923077
10 0.28421242973608424 0.055288461538461536 0.05892304411692241 0.10576923076923077
10 0.43639345021545645 0.3016826923076923 0.049251716936782555 0.10096153846153846
10 0.44214795579741717 0.7367788461538461 0.0663024102727266 0.1201923076923077
4 0.5209073620427976 0.0625 0.05408738052685248 0.10336538461538461
4 0.678819127148323 0.22956730769230768 0.0565751405278315 0.11057692307692307
4 0.6630271415193716 0.140625 0.05408738052685235 0.10336538461538461
4 0.5157483445747572 0.29927884615384615 0.05892304411692241 0.10576923076923077
4 0.6191260307007025 0.5048076923076923 0.059090871811188134 0.1201923076923077
4 0.6960219784067158 0.40384615384615385 0.05422723693874058 0.11538461538461539
2 0.7902055332835687 0.36658653846153844 0.08413629951524343 0.20673076923076922
6 0.8339888645155291 0.7355769230769231 0.08581289232727202 0.14423076923076922