5 0.39377544992163893 0.28945704518188564 0.08038979583084764 0.18361536001076872
3 0.553015871768557 0.39708636622922727 0.07535834083811849 0.14509787898447504
7 0.5590386709658379 0.6014972031532833 0.07541428150937762 0.15471326359985965
11 0.6353829661348995 0.2886623898300659 0.07315028703367961 0.17872375385594358
9 0.8367388424063278 0.5951125016525123 0.08030588482395892 0.1691922830876918
8 0.7322842174116879 0.36792022676635905 0.08530936948105824 0.20290207180629322
12 0.790571696091274 0.05968332113300205 0.06789506935591359 0.10174473436811148
12 0.7493263078794414 0.7443459201023029 0.08737757160734926 0.145237735396363
10 0.7428769610638095 0.6132523908705548 0.06554716387332658 0.11133214770111853
10 0.7115516453511268 0.21262040830188364 0.060725486397819634 0.10887235898251714
10 0.7112447730143509 0.05876026881454101 0.06789506935591359 0.10174473436811148
10 0.5583759782049339 0.3021903857170595 0.04867828529295929 0.10392481026293673
10 0.5522249084318717 0.7396484287934931 0.06800695069843216 0.1209755035988805
4 0.47443096394096773 0.06201471288496207 0.058293669908343906 0.10403669539244718
4 0.3147841708722709 0.2308416851711169 0.0583356254117884 0.11124823385398568
4 0.33092662208141843 0.14208119081426365 0.053485977600651595 0.10398075282769198
4 0.4778541246349951 0.3000514246804865 0.058321640243973474 0.10884438770013952
4 0.3756758765735694 0.5080112462052424 0.06319925839073985 0.12091956103412553
4 0.2981382536217908 0.40614064106643166 0.05595974959357175 0.11602795487930037
2 0.2033961080620897 0.36897808310482394 0.08775517113834888 0.21014158155020915
6 0.15916109935848854 0.7410847395093696 0.08739155677516411 0.14764158155020915