5 0.39302884615384615 0.29218457890843463 0.07692307692307693 0.18313983306238127
3 0.5516826923076923 0.40063655783265806 0.07211538461538461 0.1446503242652131
7 0.5564903846153846 0.6049355105739516 0.07211538461538461 0.1542657088805977
11 0.6358173076923077 0.2907720769591402 0.0673076923076923 0.17827620008342968
9 0.8353365384615384 0.5985055387997428 0.07692307692307693 0.16631290998545806
8 0.7319711538461539 0.36953959332347136 0.08173076923076923 0.20239857262877992
12 0.7944711538461539 0.05547565859366244 0.06490384615384616 0.11095131718732489
12 0.7451923076923077 0.7492703672081823 0.08413461538461539 0.14472025010428688
10 0.7391826923076923 0.6170937916661808 0.0625 0.11094053744010779
10 0.7127403846153846 0.21460339774291284 0.057692307692307696 0.10850872095063206
10 0.7151442307692307 0.05353172026740573 0.057692307692307696 0.10610487479678588
10 0.5576923076923077 0.3044477487592749 0.04807692307692308 0.10364508797168054
10 0.5480769230769231 0.7444075355843801 0.06490384615384616 0.12056990722330706
4 0.47596153846153844 0.06333670600343953 0.055288461538461536 0.10609088962897109
4 0.3137019230769231 0.23254993560016904 0.057692307692307696 0.11091256710447822
4 0.33052884615384615 0.14350973173315779 0.052884615384615384 0.10607690446115631
4 0.47716346153846156 0.30251240572722443 0.057692307692307696 0.10850872095063206
4 0.3713942307692308 0.5110604454187678 0.06009615384615385 0.12054193688767748
4 0.29447115384615385 0.4093445092503797 0.052884615384615384 0.11569228907654096
2 0.20072115384615385 0.3714283923336183 0.08173076923076923 0.20961011109031852
6 0.15144230769230768 0.7455131651968986 0.08413461538461539 0.1471240962581333