5 0.6005202043202229 0.2824519230769231 0.08280762715250858 0.18509615384615385
3 0.4388401720447722 0.3894230769230769 0.07777617215977956 0.1466346153846154
7 0.4304329017350686 0.5949519230769231 0.07542826667719255 0.15625
11 0.35775272053348356 0.27884615384615385 0.07316427220149425 0.18028846153846154
9 0.151642688560174 0.5853365384615384 0.08030588482395885 0.16826923076923078
8 0.25874051027181044 0.35697115384615385 0.0853093694810583 0.20192307692307693
12 0.20404022713671977 0.04927884615384615 0.06788108418809895 0.0985576923076923
12 0.23730008452630333 0.7367788461538461 0.08737757160734932 0.14423076923076922
10 0.2452808072176556 0.6045673076923077 0.06554716387332679 0.11057692307692307
10 0.2824790920574033 0.20192307692307693 0.0607254863978197 0.10817307692307693
10 0.2857779889513964 0.04807692307692308 0.06305940671259186 0.09615384615384616
10 0.4345918864496718 0.2932692307692308 0.04867828529295929 0.10336538461538461
10 0.43563836997033323 0.7331730769230769 0.06800695069843216 0.1201923076923077
4 0.5213199491087825 0.054086538461538464 0.05830765507615883 0.10576923076923077
4 0.6801827714247012 0.2247596153846154 0.058335625411788126 0.11057692307692307
4 0.665082215217756 0.1346153846153846 0.05590380892231268 0.10576923076923077
4 0.5151277251874252 0.2920673076923077 0.058321640243973474 0.10817307692307693
4 0.6160674845420921 0.5024038461538461 0.06319925839073985 0.1201923076923077
4 0.6947798615903136 0.4014423076923077 0.05595974959357182 0.11538461538461539
2 0.7911434852613817 0.36538461538461536 0.0877691563061638 0.21153846153846154
6 0.8310360993584885 0.7391826923076923 0.08740554194297882 0.14903846153846154