5 0.6122691283825135 0.2979700903392969 0.08038979583084764 0.18361536001076872
3 0.4530217139516879 0.4006773077534937 0.07535834083811863 0.14509787898447504
7 0.44579699167748404 0.604906331342095 0.07541428150937776 0.15471326359985965
11 0.3706546195853454 0.29035128415265504 0.07315028703367961 0.17872375385594363
9 0.16929874331391714 0.5920742492532857 0.08030588482395878 0.1691922830876918
8 0.27375336830855707 0.3673434472163619 0.08530936948105824 0.20290207180629322
12 0.2142569739681406 0.056575982593145516 0.07274471716705047 0.10901221539440516
12 0.2555093547638804 0.7433076143930754 0.0873775716073494 0.145237735396363
10 0.26316761724034293 0.6135978215737047 0.06554716387332679 0.11133214770111853
10 0.2944929329530255 0.21374903491160657 0.0607254863978197 0.10887235898251714
10 0.29598075061500245 0.05632508311706109 0.06311534738385106 0.10649648411104858
10 0.4476616075153111 0.30566944211181546 0.04867828529295929 0.10392481026293673
10 0.4526107542114502 0.7431974133941929 0.06800695069843216 0.1209755035988805
4 0.5316066217792773 0.06747973032852815 0.058293669908343906 0.1040366953924472
4 0.6912604074318813 0.24120083496545022 0.058335625411788126 0.11124823385398568
4 0.6751109636388265 0.15087479086076502 0.053485977600651595 0.10398075282769198
4 0.5269815380083268 0.30539057135335335 0.058321640243973474 0.10884438770013952
4 0.6303617091466756 0.515713966239017 0.06319925839073985 0.12091956103412553
4 0.7079063246823616 0.41686341753167394 0.05595974959357182 0.11602795487930037
2 0.8026414776581553 0.380708667800974 0.08775517113834888 0.2101415815502093
6 0.8468764863617564 0.7537943190887361 0.08739155677516418 0.14764158155020915