5 0.3918269230769231 0.2825761868769574 0.07692307692307693 0.18313983306238119
3 0.5504807692307693 0.38982624272425775 0.07211538461538461 0.1446503242652131
7 0.5552884615384616 0.5941251954655513 0.07211538461538461 0.1542657088805977
11 0.6346153846153846 0.28116368492766297 0.0673076923076923 0.17827620008342968
9 0.8317307692307693 0.5877092088591573 0.07692307692307693 0.16631290998545806
8 0.7307692307692307 0.3599312012919942 0.08173076923076923 0.19999472647493377
12 0.7920673076923077 0.05067146257792384 0.0625 0.10134292515584768
12 0.7427884615384616 0.7372651216067664 0.08413461538461539 0.14231640395044073
10 0.7379807692307693 0.6062834765577806 0.0625 0.11094053744010779
10 0.7103365384615384 0.20500199829534302 0.057692307692307696 0.1061048747967859
10 0.7127403846153846 0.04969330218603751 0.057692307692307696 0.09938660437207501
10 0.5564903846153846 0.2948393567277977 0.04807692307692308 0.10364508797168047
10 0.546875 0.732395297399057 0.06490384615384616 0.12056990722330706
4 0.47596153846153844 0.05492324446497799 0.055288461538461536 0.10368704347512493
4 0.3137019230769231 0.22293455098478443 0.055288461538461536 0.11089858193666344
4 0.33052884615384615 0.13509627019469625 0.052884615384615384 0.10367305830731015
4 0.47716346153846156 0.29289702111183985 0.057692307692307696 0.1061048747967859
4 0.3713942307692308 0.5002431377264601 0.06009615384615385 0.12054193688767748
4 0.29447115384615385 0.39852720155807203 0.052884615384615384 0.11569228907654096
2 0.20192307692307693 0.3618060151343263 0.08173076923076923 0.20720626493647237
6 0.15264423076923078 0.7334869418437605 0.08413461538461539 0.14472025010428716