5 0.391322655680441 0.2932692307692308 0.08038979583084764 0.18269230769230768
3 0.5505700701112666 0.39783653846153844 0.07535834083811849 0.14423076923076922
7 0.5565998618924547 0.6009615384615384 0.07299645018771682 0.15144230769230768
11 0.6317352414006859 0.28846153846153844 0.07074644087983345 0.1778846153846154
9 0.8318961871790985 0.5913461538461539 0.080291899656144 0.1658653846153846
8 0.7286364926774743 0.36658653846153844 0.08289153815939744 0.19951923076923078
12 0.7881398796017982 0.055288461538461536 0.06795101002717274 0.11057692307692307
12 0.7456925683130426 0.7403846153846154 0.08737757160734926 0.14423076923076922
10 0.7392362289135032 0.6105769230769231 0.06554716387332658 0.11057692307692307
10 0.7066950049560828 0.2127403846153846 0.060725486397819634 0.10817307692307693
10 0.7076180260318594 0.054086538461538464 0.06071150123000498 0.10576923076923077
10 0.5547282534707203 0.30288461538461536 0.04867828529295929 0.10336538461538461
10 0.549793091942396 0.7379807692307693 0.06800695069843216 0.1201923076923077
4 0.47197816969976975 0.06490384615384616 0.055889823754497754 0.10336538461538461
4 0.312331376631073 0.23557692307692307 0.0583356254117884 0.11057692307692307
4 0.3284738278402205 0.1466346153846154 0.053485977600651595 0.10336538461538461
4 0.4754083229777046 0.3016826923076923 0.058321640243973474 0.10817307692307693
4 0.37323706750018626 0.5096153846153846 0.0607954122368937 0.1201923076923077
4 0.2956924519645003 0.4098557692307692 0.05595974959357182 0.11538461538461539
2 0.20215222948172223 0.3737980769230769 0.08535132498450267 0.2091346153846154
6 0.1567292828690128 0.7439903846153846 0.08739155677516411 0.1466346153846154