5 0.6146589893685448 0.28846153846153844 0.07798594967700148 0.18269230769230768
3 0.4554395452733488 0.39783653846153844 0.07295449468427233 0.14423076923076922
7 0.451834577397729 0.6045673076923077 0.07301043535553162 0.15384615384615385
11 0.37066860475316016 0.28846153846153844 0.0683425947259873 0.1778846153846154
9 0.1717585301390225 0.5997596153846154 0.07790203867011264 0.16826923076923078
8 0.27378133864418663 0.36899038461538464 0.08290552332721216 0.20192307692307693
12 0.20944928166044832 0.054086538461538464 0.06311534738385106 0.10576923076923077
12 0.26277683389667805 0.75 0.08497372545350317 0.14423076923076922
10 0.2680172650514796 0.6177884615384616 0.06554716387332679 0.11057692307692307
10 0.2921030719669941 0.2127403846153846 0.058321640243973544 0.10817307692307693
10 0.2899711352303871 0.052884615384615384 0.05830765507615876 0.10576923076923077
10 0.4476686000992185 0.3016826923076923 0.048692270460774074 0.10576923076923077
10 0.46105917866944873 0.7439903846153846 0.06800695069843216 0.1201923076923077
4 0.5291957830415238 0.06009615384615385 0.05590380892231268 0.10576923076923077
4 0.693636283250098 0.2283653846153846 0.0583356254117884 0.11057692307692307
4 0.6750899858871043 0.13942307692307693 0.05349996276846652 0.10576923076923077
4 0.529385384162173 0.29927884615384615 0.058321640243973474 0.10817307692307693
4 0.636371324531291 0.5084134615384616 0.0607954122368937 0.1201923076923077
4 0.7139019548991622 0.40625 0.05355590343972567 0.11538461538461539
2 0.8086301152910484 0.36778846153846156 0.0829614639984715 0.21153846153846154
6 0.8588887245470798 0.7427884615384616 0.0873915567751639 0.1466346153846154