5 0.4019116121692528 0.28493108494345176 0.08038979583084764 0.18315381823019597
3 0.5588119224726409 0.39580089518933614 0.07535834083811849 0.14466430943302802
7 0.5624045078907447 0.6001138330984445 0.07541428150937776 0.15427969404841263
11 0.6447280440433439 0.2883262753018496 0.07315028703367961 0.1783041704190593
9 0.8400487386599754 0.5984985462158354 0.08030588482395892 0.168730741307119
8 0.7401414776581553 0.36710078425008824 0.08530936948105824 0.20241255779659484
12 0.8044361676569084 0.055447688258032854 0.06554716387332686 0.11089537651606571
12 0.7471588264805854 0.7468805062221511 0.08737757160734926 0.14473423527210208
10 0.743992788680833 0.6158848760053502 0.06554716387332658 0.11095452260792243
10 0.7212175807641622 0.21335951916254536 0.060725486397819634 0.10852270611844685
10 0.7250952594121706 0.05347577959614654 0.06071150123000498 0.10611885996460067
10 0.5678679003754336 0.2995911083642308 0.04867828529295929 0.10364508797168061
10 0.5523913473477878 0.7383979201997649 0.06800695069843216 0.12058389239112198
4 0.48834438359395393 0.05966101093359631 0.058293669908343906 0.10370102864293974
4 0.32463191346689857 0.22408053339044834 0.0583356254117884 0.11091256710447822
4 0.34215030099550464 0.13623526001645275 0.053485977600651595 0.10367305830731012
4 0.48732506905377265 0.2976557653321803 0.058321640243973474 0.10850872095063206
4 0.3791388083180304 0.5026190135446766 0.06319925839073985 0.1205559220554924
4 0.3028162922558402 0.39969416171545813 0.05595974959357182 0.11570627424435574
2 0.21124637572464966 0.36176405963088193 0.08775517113834883 0.2096380814259481
6 0.1581116300296668 0.73227802618293 0.08739155677516411 0.14713808142594823