6 0.8550465905613205 0.738990687121595 0.08255589413184229 0.1423024187826261
12 0.6532284023968545 0.7221365950641917 0.07053666336261152 0.14223249294355228
2 0.7381042316756541 0.5942432680368276 0.09010307662093589 0.20003668197837826
5 0.6112815713412715 0.28850108989953455 0.06832860955817252 0.1758723539295835
4 0.710376891254684 0.4021033977429128 0.05836359574741797 0.11572025941217053
4 0.6897771782883636 0.2243446488686306 0.05112408695024994 0.11087061160103386
4 0.6364791990980623 0.5022895607458795 0.05112408695024966 0.11087061160103372
3 0.44964349456926517 0.38919771152774135 0.0681048468731358 0.13741081546804507
4 0.5271119930371191 0.2950001861576678 0.04627443913911314 0.10363110280386575
9 0.5208794163226164 0.12677291089188147 0.05848946225775119 0.1373548747967859
9 0.4584749084318717 0.7304809321187287 0.07301043535553162 0.1542657088805977
7 0.44962171546239343 0.5995272574053724 0.05853141776119541 0.14456641325832437
11 0.37212684936920876 0.2850849217894145 0.06354888758610978 0.18065207590164625
8 0.2779293239991353 0.36255342025726855 0.07331810904745718 0.2071503242652131
12 0.21963026421718276 0.054008818683407664 0.05347199243283681 0.10126921215346397
10 0.4477780773762886 0.2966636197724792 0.05108213144680544 0.10365907313949532
10 0.29296155707730526 0.05117842491121021 0.05826569957271433 0.09889333633524741
10 0.2968532208931284 0.2086023776525037 0.05351394793628117 0.1084807506150025
10 0.2704862289135032 0.6089826139460363 0.06315730288729543 0.11334438359395395