6 0.12904309659633764 0.7504257462632018 0.0801380628101813 0.13988458746096527
12 0.33108504744584033 0.7288182998590667 0.06813281720876524 0.14221850777573736
2 0.2452808072176556 0.6031198428234763 0.08768524529927482 0.1976188506567172
5 0.37088297078884125 0.2923034528348604 0.06593874857214115 0.1782622149156149
4 0.2728559135029618 0.40825446751597505 0.0583635957474179 0.11572025941217053
4 0.2919196620751029 0.23026496337274868 0.04872024079640372 0.110856626433219
4 0.34679475980787855 0.5075805426983316 0.04872024079640379 0.11085662643321907
3 0.5337851025377879 0.38750630757730037 0.0657149858871043 0.13980067645407643
4 0.45499660842173445 0.29541974119211173 0.04387059298526698 0.1036171176360509
9 0.4619991707212004 0.12471170134949783 0.05850344742556583 0.13975872095063202
9 0.5269775312325796 0.7312842779129299 0.06820274304783916 0.15423773854496814
7 0.5349582539239319 0.5990307839479472 0.056127571607349255 0.14455242809050944
11 0.6113235268447158 0.2812895514379961 0.06113105626444884 0.17823424457998532
8 0.7070368402123959 0.3564512985715581 0.06851041673976474 0.2071223539295835
12 0.7641363809828736 0.046524168771905954 0.04863632978951507 0.09304833754381191
10 0.5355254545755807 0.29495123807031604 0.04867828529295929 0.10364508797168061
10 0.6896241427975501 0.046146969918481155 0.053444022097207375 0.09229393983696231
10 0.687506191228758 0.20152209557490697 0.05111010178243502 0.10846676544718764
10 0.7164136756197796 0.6039845191625454 0.06315730288729562 0.11334438359395395