6 0.8634670446836895 0.7377398159573201 0.08013806281018149 0.13988458746096527
12 0.6604679111940226 0.7172869472530549 0.06814680237658002 0.14462235392958378
2 0.7477405940427609 0.5905815581347992 0.08769923046708947 0.20002269681056334
5 0.6257605889356076 0.27880179427726115 0.0683425947259873 0.17827620008342968
4 0.7236400006042824 0.39481494085839297 0.05836359574741797 0.11572025941217053
4 0.7066530494526385 0.21583329115546548 0.05112408695024966 0.11087061160103386
4 0.6473384622938142 0.49501508902917446 0.04872024079640351 0.11085662643321907
3 0.46053072810064677 0.377115547503344 0.06811883204095046 0.1398146616218912
4 0.5415980032153626 0.28409896745847135 0.04627443913911314 0.10363110280386575
9 0.5365813347455978 0.11346085345493144 0.05850344742556583 0.13975872095063208
9 0.46453347190383887 0.72203250766073 0.0682027430478393 0.15423773854496814
7 0.4568891945951912 0.5898699172865434 0.05853141776119541 0.14456641325832437
11 0.38422299856142084 0.2717938421041867 0.061145041432263486 0.18063809073383147
8 0.2876286196214087 0.34807440266293244 0.07091426289361089 0.20713633909739831
12 0.23292134390241057 0.042660875969287124 0.04858038911825579 0.08532175193857425
10 0.46106915706151635 0.28456747058026705 0.04869227046077421 0.1060489341255267
10 0.3086494903324718 0.0412456790831884 0.05337409625813331 0.0824913581663768
10 0.3089633552531553 0.19290745181342972 0.05111010178243502 0.10846676544718764
10 0.2753638470602695 0.5969354128411759 0.06315730288729543 0.11334438359395395