6 0.8677884615384616 0.7439903846153846 0.08173076923076923 0.14182692307692307
12 0.6646634615384616 0.7259615384615384 0.06971153846153846 0.14182692307692307
2 0.7475961538461539 0.5973557692307693 0.09134615384615384 0.19951923076923078
5 0.6189903846153846 0.28966346153846156 0.0673076923076923 0.1778846153846154
4 0.7199519230769231 0.40384615384615385 0.057692307692307696 0.11538461538461539
4 0.6983173076923077 0.22596153846153846 0.05048076923076923 0.11298076923076923
4 0.6466346153846154 0.5048076923076923 0.05048076923076923 0.11298076923076923
3 0.4579326923076923 0.3894230769230769 0.0673076923076923 0.13942307692307693
4 0.5348557692307693 0.29447115384615385 0.04567307692307692 0.10336538461538461
9 0.5276442307692307 0.12620192307692307 0.057692307692307696 0.13942307692307693
9 0.46875 0.7319711538461539 0.07211538461538461 0.15625
7 0.45913461538461536 0.6009615384615384 0.057692307692307696 0.14423076923076922
11 0.3786057692307692 0.2848557692307692 0.0625 0.18028846153846154
8 0.2848557692307692 0.36177884615384615 0.07211538461538461 0.20673076923076922
12 0.22235576923076922 0.052884615384615384 0.05048076923076923 0.09615384615384616
10 0.45552884615384615 0.296875 0.05048076923076923 0.10336538461538461
10 0.2980769230769231 0.05048076923076923 0.052884615384615384 0.09375
10 0.30288461538461536 0.20673076923076922 0.052884615384615384 0.10817307692307693
10 0.27884615384615385 0.6105769230769231 0.0625 0.11298076923076923