6 0.8598752606207349 0.7403846153846154 0.08015204797799615 0.14182692307692307
12 0.6556672114702378 0.7199519230769231 0.06814680237658002 0.14423076923076922
2 0.744155802563714 0.5913461538461539 0.08771321563490467 0.20192307692307693
5 0.6197719513027143 0.27884615384615385 0.0683425947259873 0.1778846153846154
4 0.7188532860483121 0.3954326923076923 0.05836359574741797 0.11538461538461539
4 0.7018733274805757 0.21514423076923078 0.05113807211806486 0.11298076923076923
4 0.6425447551539368 0.4963942307692308 0.04873422596421843 0.11298076923076923
3 0.4545420904677536 0.3762019230769231 0.06811883204095046 0.13942307692307693
4 0.5356163581663768 0.2824519230769231 0.04628842430692792 0.10576923076923077
9 0.5318086053574425 0.11057692307692307 0.05850344742556583 0.13942307692307693
9 0.45853084910313086 0.7235576923076923 0.07062057436950024 0.15625
7 0.45089356437839057 0.5901442307692307 0.05853141776119541 0.14423076923076922
11 0.377039430435512 0.2692307692307692 0.06115902660007841 0.18269230769230768
8 0.28044505149549975 0.3449519230769231 0.07092824806142581 0.2091346153846154
12 0.22572379060868691 0.040865384615384616 0.048552418782626144 0.08173076923076923
10 0.4550875120125306 0.2824519230769231 0.048692270460774074 0.10576923076923077
10 0.30265386011567125 0.039663461538461536 0.05333214075468888 0.07692307692307693
10 0.30178677971115386 0.18870192307692307 0.05111010178243502 0.10817307692307693
10 0.2681662937665458 0.5961538461538461 0.06317128805511028 0.11538461538461539