6 0.12716019579643822 0.7424100071610499 0.08094925745482427 0.14034612924153797
12 0.3293350142609136 0.7184258040567154 0.06895799796797118 0.14261011898349615
2 0.24426504504727647 0.5932308471453862 0.0888321066934254 0.19812235078097837
5 0.3716714173970648 0.28169417225678556 0.06697372104978919 0.17863984000881084
4 0.27177110353524725 0.39822561021888286 0.059034929246432895 0.11605592616167798
4 0.2930717476619594 0.22011722457524657 0.04936360206629304 0.1111363487244752
4 0.3463314491627304 0.4971041302086036 0.04936360206629304 0.1111363487244752
3 0.534014104563499 0.3759459712089544 0.06652618053174741 0.14017830154727223
4 0.45576407585811374 0.28432094660433854 0.044471995911467874 0.10386886769818157
9 0.4625437435734273 0.11479385019342946 0.05931464207020895 0.1400943877001395
9 0.5252065188758087 0.7197519137737096 0.06909785437985914 0.15462934975272694
7 0.5339564778681155 0.5874564614650384 0.0569667384811179 0.1448741087254542
11 0.6121679179111905 0.2692816594036402 0.06216602874209688 0.17858389744405562
8 0.7074406686701421 0.3438839619546898 0.06971322259216652 0.2075139651373423
12 0.7650935456348253 0.04136549943692539 0.05154367796111851 0.08273099887385078
10 0.5362929220119599 0.2833839086446887 0.04927968821916018 0.10392481026293673
10 0.6917902235837066 0.03999616969839369 0.05389158155020915 0.07999233939678738
10 0.6888121240758055 0.1890736409318225 0.05173947693776171 0.10876047385300666
10 0.7153629486363673 0.5925561681070675 0.06381465027174744 0.11370802257258693