6 0.8631964483057997 0.7316427475762991 0.07854541130097804 0.1403181579591602
12 0.6634394616363591 0.7135316717059481 0.06893002668559343 0.14020627282965
2 0.7473354790554508 0.5887406142584661 0.08883210669342526 0.19812235078097837
5 0.622388895424264 0.2848647024800738 0.06691777848503368 0.17383214770111846
4 0.7198573918498575 0.39672662041573875 0.05660311181020898 0.11362410872545421
4 0.6998006277236348 0.2226575588797246 0.04936360206629304 0.1111363487244752
4 0.6464849836581088 0.49615142247713684 0.04936360206629276 0.1111363487244752
3 0.4624360687704871 0.3816907014762966 0.06647023796699217 0.13537060923957994
4 0.5394981600401381 0.28943548095287047 0.04444402462909025 0.10146502154433541
9 0.5315445405302789 0.12243810146650681 0.05685485335160756 0.1352587241100696
9 0.4711737262522332 0.719375143526926 0.06909785437985914 0.15462934975272694
7 0.462451738542304 0.5896513650663665 0.05693876719874042 0.14247026257160805
11 0.3854981641409073 0.27800448917888354 0.05976218258825073 0.17855592616167798
8 0.29261527389461317 0.353614599960841 0.06965728002741141 0.20270627282965
12 0.23254456513489477 0.04806908819101464 0.04922374565440494 0.09613817638202928
10 0.46017123696321494 0.29035853327133154 0.049251716936782555 0.10152096410909064
10 0.30704981026293676 0.04644060305783305 0.05159962052587354 0.0928812061156661
10 0.31006986669440434 0.20074659893258934 0.0493076595015378 0.1063286564167829
10 0.2834351282867095 0.5977448409881135 0.06378667898936996 0.11130417641874092