6 0.15183980010279247 0.7563794209765581 0.0809772287372019 0.14228843361481142
12 0.35472704420258283 0.7347649819885155 0.06898596925034867 0.1446223539295835
2 0.2666921190569193 0.606662678799079 0.08888804925818057 0.20242654296440948
5 0.38805585234783035 0.2934354500727095 0.06937756720363535 0.17827620008342968
4 0.29085476723545195 0.4105953804146546 0.059034929246432895 0.11572025941217053
4 0.30678576721097756 0.2302020301175821 0.051795419502516746 0.11327445775488001
4 0.3677507149414653 0.511116386090027 0.04939157334867052 0.11326047258706523
3 0.553852150822585 0.38983323530816516 0.06893002668559343 0.1398146616218912
4 0.47343434773293513 0.29654474584605345 0.04690381334769164 0.10603494895771191
9 0.47624209335062856 0.12464177551042385 0.05931464207020882 0.13975872095063208
9 0.5530863088184569 0.737216974874564 0.07152967181608293 0.1566555698666292
7 0.5587454411080383 0.6037615578326581 0.05937058463496406 0.14456641325832437
11 0.6307324287567814 0.2824075635080304 0.06222197130685213 0.18304193688767761
8 0.7277673703055222 0.35756931064159236 0.07214504002839014 0.20954018525124446
12 0.7806214882118179 0.0470831748069231 0.05162759180825123 0.0941663496138462
10 0.5539631938867813 0.29607624272425775 0.0493076595015378 0.10604893412552677
10 0.7048863487244752 0.046105014415036775 0.05400346667971963 0.09221002883007355
10 0.7067184677202084 0.20143119198411077 0.05173947693776171 0.10846676544718764
10 0.742709600083213 0.6087013078794415 0.0638426215541252 0.1157482297478001