6 0.14742018884769223 0.75647198360916 0.08255589413184222 0.14277794667776186
12 0.3480014910156981 0.7347691241492286 0.07053666336261152 0.14263809026587365
2 0.2595408702578515 0.6099500954193691 0.09010307662093577 0.2005541682172023
5 0.37551825256429683 0.3000226113327949 0.06832860955817238 0.17626396513734216
4 0.2800426870494684 0.415490298499229 0.05836359574741797 0.11605592616167798
4 0.29463977721508083 0.23898941952699118 0.0511240869502498 0.11116432000685282
4 0.357539155852952 0.5149430718430048 0.05112408695024994 0.11116432000685282
3 0.539518219986705 0.3944727354575491 0.0681048468731358 0.13780242667580384
4 0.458464930039804 0.3033914667286685 0.04627443913911314 0.10389683898055911
9 0.46109173752353744 0.1351641928830041 0.05848946225775119 0.13769054154629334
9 0.5427130294772365 0.7370347980218148 0.07301043535553162 0.15468529231748215
7 0.5467515375551151 0.6048792021250315 0.05853141776119541 0.14490208000783183
11 0.6146240264490078 0.28958460008321296 0.06354888758610978 0.18101571488027937
8 0.7112044202212053 0.364020759070625 0.07331810904745704 0.2075699077020974
12 0.7598950879716806 0.056915848308247 0.053444022097207375 0.09676921436615353
10 0.5389867836097427 0.3031265816113953 0.05108213144680544 0.10395278154531436
10 0.6841669415416193 0.0548328298364293 0.055833883083238604 0.09439333949468497
10 0.6874728310195197 0.20990887804188382 0.05351394793628117 0.10878844513538428
10 0.7282698925061293 0.6117987262522332 0.06315730288729536 0.11370802257258707