6 0.14942196830775753 0.756827747701781 0.0809492574548243 0.13988458746096527
12 0.3523092124075478 0.737576802074439 0.06898596925034867 0.1446223539295835
2 0.26428827290307316 0.6096694898792602 0.08886007797580295 0.20002269681056334
5 0.38446406875824984 0.2990916490986452 0.06937756720363535 0.17827620008342968
4 0.28724899800468273 0.41390287260285397 0.059034929246432895 0.11572025941217053
4 0.3031939836213971 0.23492122289992648 0.05176744822013919 0.11087061160103379
4 0.36414494571069606 0.5153049438505585 0.04936360206629304 0.11085662643321907
3 0.5502463815918157 0.3962034792478049 0.06893002668559343 0.1398146616218912
4 0.4698425641433548 0.30319389178683975 0.04687584206531416 0.10363110280386575
9 0.4726642954022369 0.13254878519939242 0.05931464207020895 0.13975872095063202
9 0.5482646308695759 0.7423223624821141 0.06909785437985914 0.15423773854496842
7 0.55512568623608 0.6089578490310044 0.05937058463496406 0.14456641325832437
11 0.625938722090278 0.29088177384864766 0.062194000024474366 0.18063809073383147
8 0.7229736636390187 0.36716233440739343 0.07211706874601266 0.20713633909739843
12 0.7758277815453144 0.054990985851041105 0.051655563090628714 0.10125522698564918
10 0.5503714102972009 0.30366239490863545 0.0493076595015378 0.1060489341255267
10 0.7000926420579717 0.053348529987951934 0.05400346667971963 0.09646151984577168
10 0.7007368236179707 0.2119953835578907 0.05173947693776171 0.10846676544718764
10 0.7366859990574087 0.6160233445856369 0.06381465027174744 0.11334438359395395