11 0.8272841773980436 0.27884615384615385 0.07412931694657214 0.17307692307692307
8 0.8430761630269953 0.36778846153846156 0.07681287592419449 0.1971153846153846
9 0.6479747107427983 0.19471153846153846 0.06415030566027888 0.14182692307692307
9 0.8414809578661576 0.6081730769230769 0.07382163284041873 0.1466346153846154
12 0.7460806522058788 0.75 0.06649820924936979 0.13701923076923078
12 0.8130445979410493 0.056490384615384616 0.05886710155216717 0.10096153846153846
7 0.8512370409587444 0.49278846153846156 0.06655415181412504 0.14182692307692307
7 0.6556486174288815 0.051682692307692304 0.05403143796209738 0.0985576923076923
10 0.5734826091906312 0.2956730769230769 0.04438808206433501 0.09615384615384616
10 0.5849580840841268 0.13581730769230768 0.042012207192866614 0.0985576923076923
10 0.7337456461465037 0.054086538461538464 0.04441605334671277 0.0985576923076923
10 0.7341915025339175 0.22235576923076922 0.0468478707829364 0.10096153846153846
10 0.7343716317387439 0.41346153846153844 0.056463255398321296 0.10096153846153846
10 0.7427702655707026 0.5180288461538461 0.05171150565538395 0.10576923076923077
10 0.7391636542746193 0.6213942307692307 0.05419926565636283 0.11298076923076923
10 0.5502790757969277 0.7403846153846154 0.0565751405278315 0.11057692307692307
3 0.420448464598742 0.12259615384615384 0.04723946873622294 0.1346153846153846
3 0.5663401568697227 0.39302884615384615 0.06415030566027888 0.14182692307692307
5 0.21549134560300873 0.2800480769230769 0.06906988309748154 0.15144230769230768
2 0.21094853841258965 0.3605769230769231 0.08153665438475408 0.18990384615384615
6 0.42480945845370666 0.057692307692307696 0.05422723693874058 0.11538461538461539
6 0.14769078759245216 0.7355769230769231 0.07608562258237679 0.1346153846153846
1 0.2536740133060852 0.20072115384615385 0.047267440018600566 0.13701923076923078
1 0.2849346306860178 0.6129807692307693 0.06415030566027888 0.14182692307692307
4 0.29097305941832485 0.5072115384615384 0.0564352841159434 0.0985576923076923
4 0.30425099789454796 0.39903846153846156 0.05414332309160773 0.10817307692307693
4 0.37861470248007384 0.6189903846153846 0.05651919796307626 0.10576923076923077
4 0.3495019793860186 0.7451923076923077 0.05654716924545388 0.10817307692307693
4 0.3327491948416098 0.22235576923076922 0.04922374565440508 0.0985576923076923
4 0.3457474204940568 0.13822115384615385 0.0420401784752441 0.10096153846153846
4 0.49450701127405633 0.05889423076923077 0.042012207192866614 0.0985576923076923
4 0.4917098830362956 0.29927884615384615 0.04449996719384549 0.10576923076923077