11 0.8137019230769231 0.27524038461538464 0.0673076923076923 0.17307692307692307
8 0.8317307692307693 0.3641826923076923 0.07211538461538461 0.19230769230769232
9 0.6346153846153846 0.19591346153846154 0.057692307692307696 0.13942307692307693
9 0.8377403846153846 0.6021634615384616 0.0673076923076923 0.14423076923076922
12 0.7475961538461539 0.7439903846153846 0.0625 0.1346153846153846
12 0.7944711538461539 0.052884615384615384 0.055288461538461536 0.10576923076923077
7 0.8449519230769231 0.4891826923076923 0.0625 0.13942307692307693
7 0.6370192307692307 0.051682692307692304 0.05048076923076923 0.10336538461538461
10 0.5625 0.2980769230769231 0.040865384615384616 0.09615384615384616
10 0.5709134615384616 0.13942307692307693 0.038461538461538464 0.09615384615384616
10 0.7151442307692307 0.056490384615384616 0.04326923076923077 0.09615384615384616
10 0.7199519230769231 0.22235576923076922 0.04326923076923077 0.10096153846153846
10 0.7259615384615384 0.41225961538461536 0.052884615384615384 0.0985576923076923
10 0.7367788461538461 0.5144230769230769 0.04807692307692308 0.10576923076923077
10 0.7367788461538461 0.6177884615384616 0.04807692307692308 0.11057692307692307
10 0.5528846153846154 0.7379807692307693 0.052884615384615384 0.11057692307692307
3 0.4074519230769231 0.12860576923076922 0.04326923076923077 0.1346153846153846
3 0.5588942307692307 0.3942307692307692 0.06009615384615385 0.13942307692307693
5 0.2091346153846154 0.28846153846153844 0.0625 0.14903846153846154
2 0.20552884615384615 0.36778846153846156 0.07451923076923077 0.1875
6 0.4110576923076923 0.06009615384615385 0.04567307692307692 0.11538461538461539
6 0.15384615384615385 0.7415865384615384 0.07211538461538461 0.13221153846153846
1 0.2439903846153846 0.2091346153846154 0.04326923076923077 0.1346153846153846
1 0.28725961538461536 0.6165865384615384 0.057692307692307696 0.13942307692307693
4 0.28966346153846156 0.5120192307692307 0.052884615384615384 0.09615384615384616
4 0.3004807692307692 0.4050480769230769 0.05048076923076923 0.10576923076923077
4 0.3798076923076923 0.6225961538461539 0.052884615384615384 0.10336538461538461
4 0.3557692307692308 0.7475961538461539 0.052884615384615384 0.10576923076923077
4 0.3233173076923077 0.2283653846153846 0.04567307692307692 0.09615384615384616
4 0.33413461538461536 0.14543269230769232 0.038461538461538464 0.10096153846153846
4 0.4795673076923077 0.06490384615384616 0.038461538461538464 0.09615384615384616
4 0.48197115384615385 0.3016826923076923 0.04326923076923077 0.10336538461538461