11 0.1751583090158795 0.2630471406036183 0.07312231669804997 0.17349647811136693
8 0.1554030959920554 0.35307949003033073 0.07566601453004405 0.19754892481764325
9 0.3594930725712764 0.1883958520952964 0.06332512490107306 0.1421905374401078
9 0.14438919459519112 0.5934081647436869 0.07296847985208718 0.14705417041905924
12 0.23249239221861104 0.7381563851836036 0.06570100071928958 0.1373968303002304
12 0.20284529664370407 0.04925866975727338 0.065463252866438 0.09653144568484567
7 0.14025279034260907 0.4779955790234419 0.06572897105491915 0.14220452260792257
7 0.3615061353814576 0.04897976775612686 0.055833883083238604 0.09407165885974032
10 0.4286032488167786 0.29216680657731015 0.04382863748182263 0.0964055791745125
10 0.4247255701687702 0.13228306701091128 0.04143877649579126 0.09879544016054384
10 0.28217221972062717 0.04972018029516167 0.051040175943361084 0.09644753467795689
10 0.2716128362777438 0.21192385500851785 0.04626045397129835 0.10122725665001954
10 0.26088563082108285 0.40297368356802793 0.05587583858668296 0.10128319732127868
10 0.2482720304197232 0.5050672192674154 0.05109611661462023 0.10606291929334141
10 0.24525982946593342 0.6096205417919083 0.05354191827191081 0.1132884429226948
10 0.4296217620018104 0.7368993227905707 0.055931779257942245 0.1108985819366633
3 0.5906399028715067 0.12483458205167072 0.04645624632070549 0.13488110280386575
3 0.4316426187510486 0.3895435535598015 0.06332512490107306 0.1421905374401078
5 0.7867973034915777 0.29064482735094554 0.06818875788002451 0.15183389239112197
2 0.7875377160306124 0.369978743011776 0.08043175133429187 0.19036535669173438
6 0.58861365624866 0.05991675073000976 0.04872024079640379 0.110856626433219
6 0.832210052099782 0.7488572230149337 0.07530240016685934 0.13504892481764313
1 0.7524100373826041 0.20991319626378485 0.04647023148852041 0.1372849489577119
1 0.6995378044555047 0.6206772000473665 0.06332512490107306 0.1421905374401078
4 0.7001601444232631 0.5137060462012126 0.05586185341886818 0.09887935116743253
4 0.691167099775637 0.4066789516837996 0.05351394793628117 0.1084807506150025
4 0.6057668267037825 0.6237375477333587 0.05590380892231268 0.10609088962897098
4 0.6278691438550441 0.7500723299045222 0.05591779409012732 0.10849473578281714
4 0.6729782255470701 0.2274805318797427 0.048650314957329716 0.09883739566398823
4 0.6638523218052034 0.14328997582386815 0.041452761663605904 0.10119928631439003
4 0.5189091103710288 0.058309257786457576 0.04143877649579126 0.09879544016054384
4 0.5103060477119181 0.29744999459070554 0.0438845781530819 0.10602096378989713