11 0.8100961538461539 0.265625 0.06971153846153846 0.17307692307692307
8 0.8293269230769231 0.3545673076923077 0.07451923076923077 0.19471153846153846
9 0.6298076923076923 0.18990384615384615 0.0625 0.13942307692307693
9 0.8377403846153846 0.5925480769230769 0.06971153846153846 0.14423076923076922
12 0.75 0.7355769230769231 0.06490384615384616 0.1346153846153846
12 0.7860576923076923 0.05048076923076923 0.0625 0.10096153846153846
7 0.84375 0.47836538461538464 0.06490384615384616 0.14182692307692307
7 0.6274038461538461 0.05048076923076923 0.057692307692307696 0.10096153846153846
10 0.5588942307692307 0.2932692307692308 0.04326923076923077 0.09615384615384616
10 0.5637019230769231 0.1346153846153846 0.040865384615384616 0.09615384615384616
10 0.7055288461538461 0.04927884615384615 0.04326923076923077 0.0985576923076923
10 0.7139423076923077 0.21514423076923078 0.04567307692307692 0.10096153846153846
10 0.7247596153846154 0.40384615384615385 0.055288461538461536 0.0985576923076923
10 0.7355769230769231 0.5072115384615384 0.04807692307692308 0.10576923076923077
10 0.7391826923076923 0.609375 0.05048076923076923 0.11057692307692307
10 0.5552884615384616 0.7331730769230769 0.055288461538461536 0.11057692307692307
3 0.4014423076923077 0.12620192307692307 0.04567307692307692 0.1346153846153846
3 0.5552884615384616 0.3894230769230769 0.0625 0.14182692307692307
5 0.20432692307692307 0.28966346153846156 0.0673076923076923 0.14903846153846154
2 0.203125 0.36899038461538464 0.07692307692307693 0.1875
6 0.4026442307692308 0.05889423076923077 0.04807692307692308 0.11538461538461539
6 0.15745192307692307 0.7427884615384616 0.07451923076923077 0.1346153846153846
1 0.23798076923076922 0.21033653846153846 0.04326923076923077 0.1346153846153846
1 0.28846153846153844 0.6165865384615384 0.0625 0.14182692307692307
4 0.28846153846153844 0.5108173076923077 0.055288461538461536 0.0985576923076923
4 0.2980769230769231 0.4050480769230769 0.052884615384615384 0.10576923076923077
4 0.38100961538461536 0.6201923076923077 0.052884615384615384 0.10336538461538461
4 0.359375 0.7451923076923077 0.052884615384615384 0.10817307692307693
4 0.3173076923076923 0.2283653846153846 0.04807692307692308 0.09615384615384616
4 0.3269230769230769 0.14423076923076922 0.040865384615384616 0.10096153846153846
4 0.47115384615384615 0.06009615384615385 0.040865384615384616 0.0985576923076923
4 0.47716346153846156 0.2980769230769231 0.04326923076923077 0.10336538461538461