11 0.8193681004949265 0.2751771929319529 0.06831462439035772 0.1738601189834961
8 0.8368794954396253 0.3643292852420927 0.07324818320838325 0.19555067693286665
9 0.6395481420782606 0.19255050059978623 0.05850344742556583 0.14009438770013952
9 0.8402956635497453 0.6035679201145402 0.06814680237658002 0.1450139651373423
12 0.7493263078794415 0.7443459201023029 0.06328316939762857 0.13534263795720244
12 0.8002010658744733 0.05739136010866633 0.058251714404899686 0.09682515693090872
7 0.8481714974824867 0.4894691416539807 0.06331113973325841 0.14015033026489476
7 0.642763127965365 0.053155394959086895 0.05101220560773138 0.0919335507760836
10 0.5668383878307472 0.2938748236669195 0.04142479132797647 0.09662935795426549
10 0.5749729473680623 0.13530489136020618 0.039020945174130316 0.09660138667188786
10 0.7196722197206271 0.05645432214901648 0.04623248363566891 0.0966853005190207
10 0.7247308436938364 0.21998578881649897 0.043856607817452056 0.10146502154433541
10 0.7308375538980059 0.40997354881747794 0.05345800726502203 0.09917306051999966
10 0.7398515762973543 0.513450818562373 0.04869227046077421 0.1063286564167829
10 0.7392502140813181 0.6168162031777575 0.04872024079640379 0.1111363487244752
10 0.5534408166766096 0.7372585682808357 0.05352793310409609 0.11119229128923044
3 0.4115743421616903 0.1225855364662212 0.04405240016685934 0.13511886769818157
3 0.5614642962265557 0.3911746503329335 0.06092127874722691 0.14252620513636316
5 0.20991618207194512 0.2813076266953833 0.06577092655836357 0.149793686162657
2 0.20705082538021072 0.3606065784899287 0.07801392001263106 0.18839508103608343
6 0.41434879526262863 0.058911584671675725 0.048706255628588865 0.10873250257062908
6 0.15318644689341016 0.7350051959188101 0.07288456884519844 0.1330506769328668
1 0.2464423775014331 0.20119834977720125 0.04405240016685934 0.13511886769818157
1 0.2873271371582411 0.6115576020907674 0.0585034474255659 0.14009438770013952
4 0.2903463306959383 0.5058163426039143 0.053444022097207236 0.09676921436615352
4 0.30178597835600446 0.3989710595284596 0.05109611661462023 0.10635662769916052
4 0.3810491668226116 0.6174561744111865 0.05349996276846652 0.10638459898153813
4 0.35507456089695005 0.7433643990231447 0.05349996276846652 0.10638459898153813
4 0.3256574192358378 0.2213521713264315 0.04623248363566878 0.09668530051902066
4 0.33695721521775607 0.13854534978943844 0.03904891550976002 0.10140907897958017
4 0.4828654032311514 0.05850684314251447 0.039020945174130316 0.09660138667188786
4 0.48507964826434835 0.29773149237377317 0.0438845781530819 0.10627271385202772