11 0.8209134615384616 0.27527214211432394 0.06971153846153846 0.17348249294355214
8 0.8365384615384616 0.3641235462158354 0.07451923076923077 0.1951450786637971
9 0.6418269230769231 0.19338134480883395 0.0625 0.13978669128626164
9 0.8377403846153846 0.6020973228626972 0.06971153846153846 0.14463633909739843
12 0.7451923076923077 0.7432607518235669 0.06490384615384616 0.13499298414638397
12 0.8028846153846154 0.053040345812233006 0.06009615384615385 0.10608069162446601
7 0.8473557692307693 0.48906061296066883 0.06490384615384616 0.14220452260792257
7 0.6466346153846154 0.051084025028460336 0.055288461538461536 0.10216805005692067
10 0.5685096153846154 0.2947694308887237 0.04326923076923077 0.09640557917451244
10 0.5793269230769231 0.13605265147971096 0.040865384615384616 0.0963915940066977
10 0.7247596153846154 0.05467770267306962 0.04326923076923077 0.09880942532835865
10 0.7271634615384616 0.22052910212063945 0.04567307692307692 0.10122725665001961
10 0.7307692307692307 0.40921004744584033 0.055288461538461536 0.09887935116743266
10 0.7391826923076923 0.5125264839738731 0.04807692307692308 0.10604893412552677
10 0.7379807692307693 0.6158988611731652 0.05048076923076923 0.11087061160103372
10 0.5516826923076923 0.7347711732172735 0.055288461538461536 0.1108985819366633
3 0.4170673076923077 0.12377549646105587 0.04567307692307692 0.13488110280386575
3 0.5637019230769231 0.3909512473781994 0.0625 0.1421905374401078
5 0.21514423076923078 0.2812002505574988 0.0673076923076923 0.14943004623727582
2 0.21153846153846154 0.36054815138614404 0.07692307692307693 0.18794752537007342
6 0.4206730769230769 0.05653853134758698 0.04807692307692308 0.11307706269517397
6 0.15384615384615385 0.7322780261829299 0.07451923076923077 0.13504892481764338
1 0.2512019230769231 0.20166354996335376 0.04326923076923077 0.13486711763605097
1 0.28725961538461536 0.6101076185999779 0.0625 0.1421905374401078
4 0.2920673076923077 0.5055123405720406 0.055288461538461536 0.09887935116743253
4 0.30408653846153844 0.3984712608868129 0.052884615384615384 0.10607690446115633
4 0.3798076923076923 0.6155788050237236 0.052884615384615384 0.10367305830731019
4 0.35336538461538464 0.7407326418696865 0.052884615384615384 0.1084807506150025
4 0.33052884615384615 0.22283665481008086 0.04807692307692308 0.09643354951014207
4 0.3425480769230769 0.13983403666331456 0.040865384615384616 0.10119928631439
4 0.4891826923076923 0.060855941426611986 0.040865384615384616 0.09879544016054384
4 0.4879807692307692 0.29764178016436554 0.04326923076923077 0.10361711763605097