11 0.8069493845786729 0.279859014468946 0.06932162463887984 0.17386011898349615
8 0.8239432932845477 0.3690111067790858 0.07438105848797086 0.19555067693286665
9 0.6275979609998613 0.19723232213677927 0.05931464207020882 0.14009438770013952
9 0.8259678429956682 0.6082497416515332 0.06898596925034894 0.1450139651373423
12 0.7341733065661585 0.7490277416392961 0.06406639181314616 0.13534263795720244
12 0.7890900502497206 0.058467412414890174 0.056435284115943535 0.09920103180237727
7 0.8345080173701429 0.4941509631909738 0.06412233437790113 0.14015033026489476
7 0.6316521128139864 0.055433370342233806 0.051599620525873476 0.09674124308377591
10 0.5530918738065054 0.2985426595627238 0.04198423591048886 0.09662935795426555
10 0.563351439981889 0.13998671289719927 0.0395803897566427 0.09660138667188786
10 0.7097631271727974 0.05754436009642913 0.04438808206433501 0.09665732923664308
10 0.7126268153552461 0.22466761035349203 0.04444402462909025 0.10146502154433534
10 0.7164266994320305 0.4146413847132822 0.05403143796209738 0.09917306051999966
10 0.7260412419821011 0.5181326400993661 0.0493076595015378 0.1063286564167829
10 0.7248384768398639 0.6214980247147507 0.04936360206629304 0.1111363487244752
10 0.5383157875924521 0.7419403898178287 0.054171294373985344 0.11119229128923044
3 0.4000157722910497 0.12726735800321426 0.04483562258237679 0.13511886769818154
3 0.548353267639443 0.39585647186992656 0.061746459506432726 0.14252620513636316
5 0.19743452816678497 0.2847875251554533 0.06663806566125775 0.14979368616265687
2 0.19410762969447776 0.36408647694999874 0.07910483694853031 0.18839508103608343
6 0.40318882871028006 0.06118956005482265 0.04936360206629304 0.11113634872447521
6 0.13804743169468991 0.7396870174558033 0.07365380514615302 0.1330506769328668
1 0.2344152727929383 0.2058801713141943 0.04483562258237679 0.13511886769818157
1 0.27291539991678704 0.6162394236277605 0.05931464207020895 0.14009438770013952
4 0.2765499824952479 0.5104981641409073 0.05400346667971963 0.09676921436615352
4 0.28861201225335914 0.4036528810654527 0.05171150565538395 0.10635662769916052
4 0.3666094573520318 0.6221379959481794 0.054115351809230106 0.10638459898153813
4 0.3399005804118228 0.7480462205601377 0.054115351809230106 0.10638459898153813
4 0.3135184256108406 0.22603399286342457 0.046791928218181164 0.09668530051902066
4 0.3253007425451757 0.14322717132643153 0.039636332321397946 0.10140907897958017
4 0.47168445845370666 0.06318866467950754 0.0395803897566427 0.09660138667188786
4 0.4725210707290927 0.3012113908338432 0.04449996719384549 0.10627271385202772