11 0.8145147743965017 0.2670019998898652 0.06926568207412487 0.16905242667580372
8 0.8335645723571304 0.35453259988741775 0.07194924105174695 0.19311885949664287
9 0.6369090297703485 0.1897309660676963 0.059286670787831335 0.13769054154629337
9 0.8423013877735627 0.5888376716814737 0.06898596925034894 0.1450139651373423
12 0.7549954001003449 0.7304976091294452 0.06406639181314616 0.13534263795720244
12 0.7926966615458038 0.049031150204442944 0.054115351809230106 0.09806230040888589
7 0.8470103385276194 0.47698889732168365 0.06412233437790113 0.14015033026489476
7 0.6376345989815382 0.04931827688147044 0.0493076595015378 0.09863655376294088
10 0.5659684390148233 0.29153164300056295 0.041956264628111375 0.09422551180041933
10 0.5725637671987405 0.13518374351224133 0.0395803897566427 0.09660138667188786
10 0.714627604110559 0.050586759903081376 0.04438808206433501 0.09665732923664308
10 0.7213513292611174 0.21519427887678771 0.04441605334671277 0.09906117539048925
10 0.7295287190299974 0.40142242759392066 0.05400346667971963 0.09676921436615352
10 0.7403328831464304 0.5034740040028717 0.0493076595015378 0.1063286564167829
10 0.7427235857244017 0.6056234799001445 0.04936360206629304 0.1111363487244752
10 0.5614158565097856 0.7267396819762273 0.05414332309160773 0.10878844513538428
3 0.4113802041203488 0.1262405117392333 0.04480765129999917 0.13271502154433537
3 0.5634675354379696 0.3865255230010524 0.05931464207020882 0.14009438770013952
5 0.2160969385006975 0.2859860799711202 0.06420624822503405 0.14736186872643323
2 0.21460215902412358 0.3641390512534978 0.07664504822992892 0.1835594174460135
6 0.41300085436762196 0.058904848149163413 0.04701569847720212 0.11591606974978992
6 0.16721305856139404 0.733730818440001 0.0736258338637754 0.13064683077902062
1 0.25004364105419447 0.2074554963766449 0.04480765129999917 0.1327150215443354
1 0.2979980616216745 0.6095962440630788 0.05931464207020895 0.14009438770013952
4 0.29919914263328357 0.5062028881653166 0.05400346667971963 0.09676921436615352
4 0.30758379082405346 0.40032177226657534 0.05171150565538395 0.10635662769916052
4 0.3894001580325836 0.6133410276404219 0.05405940924447487 0.10157690667384582
4 0.3668022175365688 0.7374188173872749 0.054115351809230106 0.10638459898153813
4 0.3283924113132154 0.2257771989301419 0.046791928218181164 0.09668530051902072
4 0.3382586954046844 0.14392055892867345 0.03960836103902032 0.09900523282573402
4 0.4803505035988807 0.061727421473359634 0.0395803897566427 0.09660138667188786
4 0.4866834728614666 0.29606046454979323 0.0420401784752441 0.10143705026195779