11 0.18945883183174655 0.2705507648789686 0.06932162463888004 0.17346850777573736
8 0.1724649231258719 0.35959796132988736 0.07435308720559324 0.19272724734213617
9 0.36762231797482403 0.19018194679984324 0.05931464207020882 0.13975872095063208
9 0.17041240213237388 0.5964047778193631 0.06898596925034874 0.1446223539295835
12 0.2622069385618835 0.7377072571032313 0.06406639181314602 0.13497899897856933
12 0.20731816616069898 0.049959821729668064 0.05646325539832102 0.09991964345933613
7 0.16188621339908787 0.48346596409203824 0.06412233437790126 0.13978669128626164
7 0.3647561035964333 0.048292891822903 0.05162759180825123 0.096585783645806
10 0.4409124964500681 0.2907239302269378 0.04198423591048886 0.09639159400669772
10 0.4318688389927963 0.13331396265345913 0.0395803897566427 0.0963776088388829
10 0.28665907487881087 0.05001845733773152 0.04438808206433501 0.09640557917451249
10 0.28378140105517347 0.21591181228874573 0.04444402462909025 0.10121327148220474
10 0.27877959390146595 0.40585761394603626 0.054031437962097244 0.09886536599961787
10 0.27035298878712966 0.5080770161557571 0.0493076595015378 0.10604893412552677
10 0.27035383085244374 0.611449393355049 0.04936360206629304 0.11085662643321907
10 0.45686253445866676 0.7317667662025404 0.054171294373985344 0.11088459676884864
3 0.5939885979655237 0.12035073305672958 0.04483562258237665 0.13486711763605097
3 0.4468390400528647 0.38684980604515434 0.06171848822405497 0.13977270611844686
5 0.7953679190128654 0.27904573335887073 0.06423421950741161 0.14940207590164625
2 0.7986948174851727 0.358358671267979 0.07670099079468429 0.18793354020225864
6 0.5908155415462933 0.056045554182115404 0.04941954463104828 0.11209110836423081
6 0.8547270442025828 0.7318560670830377 0.07365380514615302 0.13263109349598232
1 0.7595890974636352 0.19992159521526218 0.04483562258237693 0.13486711763605097
1 0.7210749846985975 0.6088271743897746 0.05931464207020882 0.13975872095063208
4 0.7174404021201367 0.5030719287883587 0.05400346667971963 0.09646151984577173
4 0.7053783723620254 0.3961637081973714 0.05171150565538395 0.10606291929334141
4 0.628582850340276 0.6141732956583367 0.05408738052685235 0.10367305830731019
4 0.654075818562373 0.7390334439801887 0.054115351809230106 0.10607690446115633
4 0.6804859446457328 0.21961387498391968 0.046791928218181164 0.09641956434232729
4 0.6687036277113977 0.13674411593139396 0.039636332321397946 0.10118530114657522
4 0.5223338974440556 0.057061372430343 0.0395803897566427 0.0963776088388829
4 0.5226852226044038 0.293854203752004 0.044471995911467874 0.10361711763605097