11 0.8100961538461539 0.2858686298535614 0.0673076923076923 0.17386011898349615
8 0.828125 0.3762226452406242 0.07211538461538461 0.1979545230867128
9 0.6298076923076923 0.20444386059831773 0.057692307692307696 0.14009438770013952
9 0.8341346153846154 0.6166771888311836 0.0673076923076923 0.14501396513734205
12 0.7427884615384616 0.7586431262546807 0.0625 0.13534263795720244
12 0.7896634615384616 0.062073181645659406 0.057692307692307696 0.10644054154629336
7 0.8413461538461539 0.501376487293701 0.0625 0.1425541764187409
7 0.6310096153846154 0.05902515393181425 0.05048076923076923 0.10395278154531437
10 0.5564903846153846 0.30575419802426224 0.040865384615384616 0.09662935795426555
10 0.5637019230769231 0.14598234264062585 0.038461538461538464 0.09660138667188786
10 0.7103365384615384 0.06355397548104452 0.04326923076923077 0.09906117539048924
10 0.7151442307692307 0.2318791488150305 0.04326923076923077 0.10146502154433534
10 0.7223557692307693 0.4230688318929326 0.052884615384615384 0.10157690667384582
10 0.7319711538461539 0.5265461016378276 0.04807692307692308 0.1063286564167829
10 0.7319711538461539 0.6299114862532122 0.05048076923076923 0.11116432000685296
10 0.5456730769230769 0.7503398657151015 0.052884615384615384 0.11119229128923044
3 0.40024038461538464 0.13326298774664086 0.04326923076923077 0.13511886769818157
3 0.5516826923076923 0.4030540246902763 0.06009615384615385 0.14252620513636316
5 0.19831730769230768 0.29197109233461416 0.06490384615384616 0.149793686162657
2 0.19591346153846154 0.37247196720608267 0.07692307692307693 0.18839508103608343
6 0.4026442307692308 0.06478134364440308 0.04807692307692308 0.11594404103216754
6 0.14302884615384615 0.7480585220706983 0.07211538461538461 0.13545452308671294
1 0.234375 0.2130637384933552 0.04326923076923077 0.13511886769818157
1 0.2776442307692308 0.6246249138838444 0.057692307692307696 0.1424982338539857
4 0.2800480769230769 0.5176817313200682 0.052884615384615384 0.09917306051999966
4 0.29086538461538464 0.4108364482446136 0.05048076923076923 0.10635662769916052
4 0.3713942307692308 0.6305234862042635 0.052884615384615384 0.10638459898153813
4 0.34615384615384615 0.7564317108162216 0.052884615384615384 0.10638459898153813
4 0.31490384615384615 0.23323154568377424 0.04807692307692308 0.09671327180139827
4 0.3245192307692308 0.1492088154286693 0.038461538461538464 0.10140907897958017
4 0.47115384615384615 0.06918429442293411 0.038461538461538464 0.09900523282573402
4 0.47475961538461536 0.3084089436541929 0.04326923076923077 0.10627271385202765