2 0.7235576923076923 0.6273979516966478 0.07451923076923077 0.1979824943690904
6 0.8485576923076923 0.7701742142437815 0.06971153846153846 0.1354265518043352
12 0.6442307692307693 0.7641383117074165 0.0673076923076923 0.1353985805219577
4 0.6754807692307693 0.24694776195958465 0.04807692307692308 0.10152096410909059
4 0.6237980769230769 0.5360106829922416 0.052884615384615384 0.10157690667384582
5 0.59375 0.31640840094503864 0.06490384615384616 0.1738321477011184
3 0.4375 0.4300053804534293 0.0625 0.14015033026489476
4 0.5096153846153846 0.33181047275133185 0.04326923076923077 0.10146502154433534
11 0.3545673076923077 0.3276050050800722 0.0673076923076923 0.16905242667580384
8 0.25961538461538464 0.4152483322724492 0.0673076923076923 0.1978985805219577
12 0.17427884615384615 0.24797208202762347 0.0625 0.12572725334181784
10 0.43028846153846156 0.335137371223639 0.04567307692307692 0.1014929928267131
10 0.3545673076923077 0.17736462046468754 0.04807692307692308 0.1063286564167829
10 0.27163461538461536 0.08578155278363807 0.04567307692307692 0.101492992826713
10 0.2548076923076923 0.6665061979141274 0.057692307692307696 0.11845977231552414