2 0.28385469752237363 0.6370192307692307 0.07681287592419463 0.1971153846153846
6 0.159331051388107 0.78125 0.0713059015570621 0.13701923076923078
12 0.36356007497670845 0.7728365384615384 0.06887408412083833 0.1346153846153846
4 0.32745621541887954 0.25240384615384615 0.049251716936782555 0.10096153846153846
4 0.3825234328942623 0.5432692307692307 0.05405940924447487 0.10096153846153846
5 0.4099981518385994 0.32211538461538464 0.06691777848503395 0.17307692307692307
3 0.5687647251872701 0.43509615384615385 0.06412233437790113 0.13942307692307693
4 0.49430059491748035 0.33653846153846156 0.04444402462909025 0.10096153846153846
11 0.6504806667115364 0.33052884615384615 0.06929365335650235 0.17067307692307693
8 0.7464395559540533 0.4170673076923077 0.06960133746265604 0.1971153846153846
12 0.8310200277260823 0.24879807692307693 0.06395450668363568 0.125
10 0.5748574123537041 0.3389423076923077 0.0468478707829364 0.10096153846153846
10 0.648718475921747 0.17908653846153846 0.049335630783915556 0.10817307692307693
10 0.7305742738579014 0.08653846153846154 0.04687584206531389 0.10336538461538461
10 0.7541982185525833 0.6706730769230769 0.059090871811188134 0.1201923076923077