2 0.2642948063472955 0.63870812509182 0.080501677173366 0.20284612924153797
6 0.13722580286585503 0.7892150789551058 0.07534435567030376 0.14269403283062887
12 0.34522842101262124 0.7747763322602119 0.07292652434864276 0.14026221539440525
4 0.30742578814867716 0.2488095363683236 0.053485977600651595 0.10398075282769198
4 0.36461382844450274 0.541393470719303 0.055889823754497754 0.10400872411006959
5 0.39236374932749385 0.31632617122853396 0.07073245571201853 0.1762919364197198
3 0.5539800469926287 0.42501503274496844 0.06813281720876538 0.14261011898349615
4 0.47882529244297406 0.3285403589090939 0.04867828529295929 0.10392481026293673
11 0.6363331561911563 0.31709285529797604 0.0707184705442036 0.17388809026587365
8 0.7355823129505317 0.40367243169468997 0.07327615354401254 0.20035836924055908
12 0.8195289299247968 0.22842857629881633 0.06565904521584542 0.13056291693188776
10 0.5605560616737433 0.32758933530825524 0.048664300125144506 0.10152096410909059
10 0.6348173681935497 0.16447659581112287 0.05352793310409609 0.11119229128923044
10 0.7183094672138339 0.06735774041524924 0.04869227046077421 0.10632865641678292
10 0.7425133467006249 0.6583822245140605 0.06079541223689343 0.12089158975174777