2 0.2838966544459401 0.6390167057012983 0.07684084720657211 0.19995277097148956
6 0.15818507087593917 0.7851906119031751 0.0713059015570621 0.13742480063586
12 0.36481794061838674 0.7755744259326408 0.0713059015570621 0.13742480063586
4 0.3274841867012572 0.25291969465269476 0.051655563090628714 0.10125522698564918
4 0.38376731289475186 0.5446793286530769 0.05405940924447487 0.10126921215346403
5 0.4112280461979001 0.32214874482462275 0.06691777848503395 0.17345452260792257
3 0.5711965426234937 0.4342064929796154 0.06412233437790126 0.13978669128626164
4 0.49673241235370413 0.3360753482902744 0.04444402462909025 0.10121327148220474
11 0.6529124841477602 0.32915669699769723 0.06932162463888011 0.17346850777573736
8 0.7500872821083889 0.41633767490049 0.06960133746265604 0.1975069693141989
12 0.8346537682392292 0.24636305501300346 0.06398247796601317 0.12776746051703086
10 0.5772892297899279 0.3380106913223249 0.0468478707829364 0.10122725665001954
10 0.6511502933579709 0.17771438930538958 0.05173947693776171 0.10846676544718764
10 0.7341940287298596 0.08347490843187168 0.04687584206531389 0.10363110280386575
10 0.7578459447069188 0.6699154737956297 0.059090871811188134 0.12052795171986283