2 0.2666427118298825 0.6530156390714723 0.08050167717336593 0.20238458746096527
6 0.13957370834844202 0.801319879299657 0.07534435567030376 0.14226046327918157
12 0.348771256988224 0.7917192812072366 0.07292652434864276 0.13984263195752078
4 0.3121775397851103 0.2638442951690617 0.053485977600651595 0.10367305830731012
4 0.36816365700401277 0.5574491699658476 0.055889823754497754 0.10368704347512483
5 0.397115500963927 0.33285038401110234 0.07073245571201853 0.17588633909739831
3 0.5575228829682313 0.44556623640853993 0.06813281720876538 0.14221850777573736
4 0.4823751210024841 0.3465680113146815 0.04867828529295929 0.10364508797168061
11 0.6410779152436821 0.3390775708519965 0.07071847054420388 0.17348249294355214
8 0.7379302184331187 0.42618243168695735 0.07327615354401254 0.19993878580367463
12 0.8230717659003994 0.25359498948355214 0.06565904521584515 0.13018529183869182
10 0.564098897649346 0.3482454300973077 0.048664300125144506 0.10124124181783432
10 0.6371652736761367 0.1852034466702131 0.05352793310409609 0.11088459676884857
10 0.7218523031894366 0.0907410044668079 0.04869227046077421 0.1060489341255267
10 0.7460561826762273 0.6822479877428319 0.06079541223689343 0.12054193688767775