2 0.7209390091441299 0.6297458552857388 0.08167651079664204 0.20284612924153797
6 0.8502703475860888 0.7724521896269285 0.07373771899328574 0.14026221539440525
12 0.6423935978431518 0.7700640132448993 0.07373771899328574 0.14026221539440525
4 0.6701539240684631 0.243369964011193 0.05408738052685262 0.10398075282769198
4 0.6198524419772062 0.5383865578637101 0.0564912266806985 0.10400872411006959
5 0.5875840163663657 0.3164363722274163 0.06934959592125758 0.1762639651373423
3 0.42878947173531745 0.43365310660776496 0.06895799796797118 0.14261011898349615
4 0.5032675876462959 0.3330403671106325 0.04687584206531416 0.10389683898055911
11 0.34585762149293914 0.3312667168755966 0.07172547079272626 0.17388809026587365
8 0.2498567753268558 0.4225158132987428 0.07443700105272602 0.20035836924055894
12 0.16048259688832325 0.25410756818293806 0.06638632411985931 0.12815907077804162
10 0.4214948614919602 0.33759715994224043 0.049251716936782555 0.10152096410909059
10 0.344028028693148 0.17866444302993223 0.054171294373985344 0.11119229128923044
10 0.25976838460314744 0.08710934663126037 0.0493076595015378 0.1063286564167829
10 0.2456759106767175 0.678539414324547 0.06149471796503415 0.12089158975174777