2 0.7137134850414026 0.643618627267516 0.07924469336041841 0.1999667561393042
6 0.8346033906625223 0.7909664862106859 0.07370974771090798 0.13743878580367463
12 0.6304163239974874 0.7777585161771974 0.0713059015570621 0.13742480063586
4 0.6772815486828687 0.26237126403004896 0.051655563090628714 0.10125522698564925
4 0.6162466727464371 0.5492952353871092 0.05405940924447487 0.10126921215346403
5 0.5935796461097922 0.3279945449712077 0.06932162463888011 0.17346850777573736
3 0.43365310660776496 0.43644652389543115 0.06652618053174728 0.13980067645407643
4 0.5080892655951769 0.34071922535993626 0.0468478707829364 0.10122725665001954
11 0.3531390881604216 0.3314037204974204 0.07169749951034851 0.171078646789706
8 0.2559922614821704 0.416180852246367 0.07200518361650232 0.19752095448201382
12 0.1762474533002113 0.24503227961758695 0.06635835283748169 0.1253775995309995
10 0.4287483568770651 0.3414596378989711 0.049251716936782555 0.10124124181783446
10 0.3584930625397913 0.18118431363375795 0.05173947693776144 0.10846676544718764
10 0.2778531733217488 0.08695881792805486 0.04927968821916018 0.10364508797168054
10 0.24466978657643773 0.6661319041590151 0.05906290052881044 0.11812410556601668