2 0.7125954758116124 0.6322115384615384 0.07927266464279589 0.20192307692307693
6 0.8394949968173476 0.7788461538461539 0.07373771899328574 0.13942307692307693
12 0.631660203997977 0.7704326923076923 0.07133387283943958 0.13942307692307693
4 0.6690499004798617 0.24278846153846154 0.0516835343730062 0.10336538461538461
4 0.6127388030039893 0.5372596153846154 0.05408738052685248 0.10336538461538461
5 0.5841041179062957 0.3125 0.06934959592125758 0.17548076923076922
3 0.42291971276259005 0.4266826923076923 0.06415030566027888 0.14182692307692307
4 0.4985857661093028 0.328125 0.046875842065314026 0.10336538461538461
11 0.34001583380258943 0.32091346153846156 0.06932162463888011 0.17307692307692307
8 0.2428270502007718 0.4098557692307692 0.07203315489887988 0.19951923076923078
12 0.15708661227538612 0.23798076923076922 0.06401044924839078 0.12980769230769232
10 0.41684101123734474 0.3293269230769231 0.049251716936782555 0.10096153846153846
10 0.3417920102335674 0.16826923076923078 0.05176744822013919 0.11057692307692307
10 0.2587622605028676 0.0733173076923077 0.04690381334769164 0.10576923076923077
10 0.2338384932429412 0.6658653846153846 0.059090871811188064 0.1201923076923077