2 0.27156228548009315 0.6306102367467443 0.07809783101951978 0.20237060229315035
6 0.14330534408954437 0.7779860660255439 0.07052267819479667 0.13982864678970613
12 0.3500850614076654 0.76836988005501 0.0705226781947966 0.13982864678970613
4 0.3218908205751984 0.24331130262121756 0.05108213144680544 0.10365907313949532
4 0.3730692454864087 0.5362728596985229 0.05347199243283681 0.10126921215346403
5 0.40441794301626166 0.3125403527931455 0.06591077823651158 0.17345452260792257
3 0.5636094167758281 0.4257930314411539 0.06332512490107306 0.1421905374401078
4 0.48967057047091134 0.3264669562587972 0.043856607817452195 0.10121327148220474
11 0.6483593795442945 0.31953431979840524 0.06831462439035772 0.17346850777573736
8 0.7428008439959775 0.4067222902851054 0.06845447606850559 0.1975069693141989
12 0.8315341755262126 0.2355387547367884 0.06324121389418408 0.12776746051703086
10 0.5713873545338658 0.3283953067069403 0.04626045397129835 0.10122725665001954
10 0.648045514623611 0.16689708161308187 0.05112408695024966 0.11087061160103379
10 0.7327255515530035 0.07265760073956398 0.04628842430692806 0.1060349489577119
10 0.7473210390083171 0.6626969427501839 0.05839156608304727 0.12052795171986283