2 0.27442112624244347 0.6495394184253164 0.08167651079664204 0.20284612924153797
6 0.14993943703174326 0.7988444492116792 0.07616953642950958 0.14269403283062887
12 0.35894818164565945 0.7855936399525196 0.07373771899328574 0.14026221539440525
4 0.31315900926650186 0.2596128584194425 0.05408738052685248 0.10398075282769198
4 0.37426381340887765 0.5522107784116107 0.05649122668069864 0.10400872411006959
5 0.3992927292758021 0.32712949327965285 0.07175344207510374 0.1762919364197198
3 0.5616371005728643 0.43583234043727614 0.06895799796797118 0.14261011898349615
4 0.48478310979041744 0.3393576666014016 0.04927968821916018 0.10392481026293673
11 0.6433250708147532 0.3278961773490949 0.07172547079272626 0.17388809026587365
8 0.741701791852305 0.4145037250281864 0.07443700105272609 0.20035836924055908
12 0.823808489264544 0.23924588399112404 0.0664142954022368 0.13056291693188776
10 0.5665138790211867 0.33840664300056295 0.049251716936782555 0.10152096410909059
10 0.6367412020760828 0.17530788914461934 0.054171294373985344 0.11119229128923044
10 0.7197569661655939 0.07817504810755693 0.0493076595015378 0.10632865641678292
10 0.754282132399716 0.6691995322063682 0.061494717965034015 0.12089158975174777