2 0.7806152775747256 0.3086177328335325 0.08293349366284165 0.20720626493647237
1 0.6042814131072538 0.160962200198437 0.05377966612476238 0.1541538275380794
1 0.3637725339226041 0.5513766213260656 0.0682027430478393 0.15423773854496814
3 0.6041493553681627 0.34484943838376036 0.05858735843245455 0.15418179787370898
3 0.4505355595012518 0.7970654024757986 0.08269574580999016 0.16634088032108763
6 0.5786144808735179 0.08749804824407394 0.05604366060046054 0.13012935116743263
6 0.5278206480772146 0.4465653745521484 0.06813281720876538 0.14221850777573736
4 0.7546360831306049 0.8012383723582166 0.07288456884519853 0.13263109349598232
4 0.6931196333960999 0.3501745819006001 0.0559457644257569 0.11330242809050944
4 0.49501829444977213 0.17955664429363297 0.04872024079640379 0.110856626433219
4 0.4229378727539246 0.18514670464380448 0.0583356254117884 0.11091256710447822
4 0.6197821493072195 0.5528660416983414 0.05839156608304755 0.12052795171986283
4 0.5532156708937114 0.6798783031533733 0.06564506004803036 0.1277814456848455
8 0.16105929501799116 0.414384559537315 0.0853792953201323 0.21443178856582562
9 0.2378371303893116 0.8030392535857275 0.07787406833448306 0.16390906383161216
11 0.3458190034814405 0.15104533311988486 0.06356287275392457 0.1830559220554924
12 0.19881378114973297 0.08649031480625917 0.06324121389418422 0.12776746051703086
7 0.3582725758080793 0.43235826637505137 0.06578491172617837 0.15181990722330732
7 0.18477529634156298 0.15251217303013961 0.058559388096825114 0.14937410556601668
10 0.4139510193350564 0.08654006424876037 0.05349996276846652 0.10607690446115627
10 0.27262756229946594 0.1722534008861489 0.05352793310409602 0.11088459676884864
10 0.25799550921431647 0.34283557421842964 0.05352793310409602 0.11088459676884864
10 0.2610007175841989 0.4462149440016291 0.06317128805511028 0.1157482297478001
10 0.2515399711699265 0.6793250876695395 0.06802093586624694 0.12298773854496813