2 0.7692307692307693 0.29600551553003435 0.07932692307692307 0.20238458746096522
1 0.5973557692307693 0.15277468579802306 0.052884615384615384 0.15174998138423323
1 0.359375 0.5387746020270725 0.0673076923076923 0.14943004623727582
3 0.5961538461538461 0.33427206299731504 0.057692307692307696 0.14937410556601668
3 0.44350961538461536 0.7786697365381701 0.08173076923076923 0.16393703416724145
6 0.5721153846153846 0.0808061454446938 0.052884615384615384 0.1277115198457717
6 0.5204326923076923 0.43447221116809653 0.0673076923076923 0.1398146616218912
4 0.7403846153846154 0.7793464144668888 0.06971153846153846 0.13021326217432153
4 0.6826923076923077 0.33737436618675165 0.052884615384615384 0.11088459676884864
4 0.49038461538461536 0.17262779499655073 0.04807692307692308 0.10845278027937286
4 0.41947115384615385 0.17904997283170263 0.057692307692307696 0.11091256710447822
4 0.609375 0.5361182214974106 0.057692307692307696 0.11572025941217053
4 0.5444711538461539 0.6626977441053332 0.0625 0.12536361436318472
8 0.16105769230769232 0.4077168399102548 0.08173076923076923 0.20961011109031838
9 0.234375 0.7870979845995958 0.07692307692307693 0.16150521767776574
11 0.3449519230769231 0.14582966688011514 0.0625 0.1782482297478001
12 0.20072115384615385 0.08537070002592603 0.06009615384615385 0.1253496291953699
7 0.3545673076923077 0.4222160339011637 0.0625 0.14940207590164625
7 0.18629807692307693 0.1491565341097379 0.057692307692307696 0.14697025941217048
10 0.4110576923076923 0.08294507476520827 0.052884615384615384 0.10607690446115631
10 0.27283653846153844 0.16788383729917447 0.052884615384615384 0.10607690446115633
10 0.25721153846153844 0.3362439716592014 0.052884615384615384 0.11088459676884864
10 0.25961538461538464 0.43719152495292507 0.06009615384615385 0.11092655227229287
10 0.24879807692307693 0.6644179197465532 0.0673076923076923 0.12058389239112198