2 0.2186965836311869 0.30528846153846156 0.08656811695146721 0.2091346153846154
1 0.38883736412377523 0.15625 0.059482469764474535 0.15384615384615385
1 0.6421248318684581 0.5420673076923077 0.07147372925132782 0.15144230769230768
3 0.39578485953335457 0.3401442307692308 0.06426219078978936 0.15144230769230768
3 0.5644630421583167 0.7884615384615384 0.08606463386867019 0.1658653846153846
6 0.41321063898545407 0.08173076923076923 0.05920275694069847 0.12980769230769232
6 0.4750706677520252 0.43990384615384615 0.07136184412181734 0.14182692307692307
4 0.26166234062083416 0.7956730769230769 0.07365380514615302 0.13221153846153846
4 0.3081144031239139 0.34615384615384615 0.05900695796405527 0.11298076923076923
4 0.4984081631004185 0.17307692307692307 0.05176744822013919 0.11057692307692307
4 0.5705794902805583 0.1778846153846154 0.05900695796405513 0.11298076923076923
4 0.38857500520244415 0.546875 0.05906290052881037 0.11778846153846154
4 0.459755035988807 0.6730769230769231 0.06879017027370547 0.12740384615384615
8 0.8400357139009764 0.40384615384615385 0.09143175182391489 0.21394230769230768
9 0.776029474979156 0.7908653846153846 0.08125694156097787 0.1658653846153846
11 0.6458950605322369 0.14302884615384615 0.06943350976839059 0.18269230769230768
12 0.7905585425745449 0.07692307692307693 0.06398247796601317 0.12740384615384615
7 0.6431440995446127 0.4230769230769231 0.06906988309748166 0.15144230769230768
7 0.8069527528399292 0.14302884615384615 0.06183037335356545 0.14903846153846154
10 0.5766442061646149 0.07932692307692307 0.05654716924545388 0.10817307692307693
10 0.7194501241247543 0.16346153846153846 0.054171294373985344 0.11057692307692307
10 0.7406668544043336 0.33413461538461536 0.056575140527831226 0.11057692307692307
10 0.7406537108284588 0.4362980769230769 0.0638426215541252 0.11538461538461539
10 0.7577620308597861 0.6670673076923077 0.07113807386279639 0.12259615384615384