2 0.23056197234734083 0.2933889060508059 0.08656811695146721 0.2096240962581333
1 0.4067822964304886 0.15139496231525473 0.059482469764474535 0.15418179787370898
1 0.6469604954585281 0.5481982010687971 0.07390554668755146 0.1542657088805977
3 0.40651825337852937 0.3352752079166707 0.06429016207216684 0.15420976820933857
3 0.5608572729275475 0.7916711344750342 0.0884964513048941 0.16877269681056334
6 0.4335734030872023 0.07823848405281722 0.05920275694069847 0.13014333633524744
6 0.48344217236692033 0.4390811253182214 0.07136184412181734 0.14223249294355214
4 0.25672877754244267 0.7862962415156933 0.07368177642853063 0.13503493964982846
4 0.3176039169685993 0.3371616028613694 0.05900695796405527 0.11331641325832437
4 0.5163950523306983 0.1724639797585203 0.05176744822013919 0.11087061160103379
4 0.5885943507932156 0.18009507325450264 0.06141080411790129 0.11333039842613915
4 0.3908809518679687 0.5406991653119059 0.061494717965034286 0.12054193688767761
4 0.4584971703471287 0.6708914497345051 0.06879017027370547 0.12779543085266043
8 0.8509509210816059 0.41718239445542377 0.09145972310629237 0.21686360505530133
9 0.7737235283136314 0.8037261295189514 0.08125694156097787 0.16632689515327298
11 0.6651258297630063 0.14688875247073 0.06943350976839031 0.18308389239112197
12 0.8134650092420274 0.08765967902909352 0.06398247796601317 0.12776746051703086
7 0.6527874554423749 0.4292497719568569 0.06906988309748166 0.15183389239112197
7 0.8262674359178312 0.15503729717585982 0.06426219078978936 0.1518059220554924
10 0.5970629128311183 0.08159332161806954 0.05654716924545388 0.10849473578281724
10 0.7387228502790898 0.17135376162754282 0.0565751405278315 0.11089858193666344
10 0.7527420277383196 0.3432986874666168 0.05660311181020898 0.11330242809050958
10 0.7503390236497876 0.4466430943302792 0.0638426215541252 0.1157482297478001
10 0.7590618534250309 0.6798511341728931 0.07113807386279639 0.12300172371278305