2 0.2329937897835646 0.29447115384615385 0.08413629951524343 0.20673076923076922
1 0.40683823899524374 0.15384615384615385 0.05945449848209705 0.15144230769230768
1 0.6433407405865701 0.5432692307692307 0.07147372925132782 0.15144230769230768
3 0.406546224660907 0.33533653846153844 0.06426219078978936 0.15144230769230768
3 0.558411469850135 0.7848557692307693 0.08606463386867033 0.1658653846153846
6 0.43364333129314636 0.08173076923076923 0.05679891078685232 0.12980769230769232
6 0.4822542349311861 0.4375 0.07133387283943972 0.13942307692307693
4 0.25909066677272236 0.78125 0.0736258338637754 0.12980769230769232
4 0.3200357344048231 0.33774038461538464 0.05660311181020898 0.11298076923076923
4 0.5152490718185304 0.17427884615384615 0.04936360206629304 0.11057692307692307
4 0.5862464472041248 0.1814903846153846 0.058978986681677656 0.11057692307692307
4 0.3920828749448918 0.5384615384615384 0.05906290052881037 0.11778846153846154
4 0.4584691990647511 0.6658653846153846 0.06635835283748169 0.125
8 0.8437533682612561 0.41346153846153844 0.08899993438769098 0.21153846153846154
9 0.7688598934411839 0.7944711538461539 0.0812289702786004 0.16346153846153846
11 0.6615899887381809 0.14903846153846154 0.06700169233216695 0.18028846153846154
12 0.806323398986433 0.0889423076923077 0.06398247796601317 0.12740384615384615
7 0.6491956718527946 0.4266826923076923 0.06904191181510391 0.14903846153846154
7 0.8203137630979711 0.15504807692307693 0.06183037335356545 0.14903846153846154
10 0.5947289948832163 0.08413461538461539 0.05651919796307626 0.10576923076923077
10 0.7339711005361528 0.171875 0.05414332309160786 0.10817307692307693
10 0.7479623067130048 0.34134615384615385 0.0565751405278315 0.11057692307692307
10 0.7455313313420953 0.4423076923076923 0.06381465027174744 0.11298076923076923
10 0.7554281129118838 0.6730769230769231 0.07113807386279639 0.12259615384615384