2 0.234375 0.2970366307850196 0.08173076923076923 0.20480241878262614
1 0.40865384615384615 0.15742555545159234 0.055288461538461536 0.15176396655204805
1 0.6394230769230769 0.5469892854079667 0.06971153846153846 0.14944403140509074
3 0.40625 0.3389019548991622 0.06009615384615385 0.14938809073383147
3 0.5516826923076923 0.7856615190904189 0.08413461538461539 0.16395101933505637
6 0.43509615384615385 0.08546400768217047 0.055288461538461536 0.12772550501358648
6 0.4807692307692308 0.4402970335629593 0.0673076923076923 0.1398146616218912
4 0.2548076923076923 0.7803285816345222 0.07211538461538461 0.13022724734213617
4 0.31971153846153844 0.33960041193475254 0.055288461538461536 0.11089858193666344
4 0.515625 0.17848058772704306 0.04807692307692308 0.10845278027937286
4 0.5865384615384616 0.18610468863911803 0.057692307692307696 0.11091256710447822
4 0.3894230769230769 0.5395252125706124 0.057692307692307696 0.11812410556601668
4 0.453125 0.6672996656715507 0.06490384615384616 0.12537759953099936
8 0.8401442307692307 0.4195512776897329 0.08653846153846154 0.21204192757979426
9 0.7608173076923077 0.7976955363826138 0.07932692307692307 0.1639230489994268
11 0.6610576923076923 0.15408630576445367 0.06490384615384616 0.18066606106946104
12 0.8064903846153846 0.09603817764801807 0.0625 0.12536361436318472
7 0.6466346153846154 0.4304447024498726 0.06490384615384616 0.14941606106946104
7 0.8197115384615384 0.1610189422248456 0.06009615384615385 0.14698424457998532
10 0.5961538461538461 0.09000678315653107 0.055288461538461536 0.10609088962897109
10 0.7331730769230769 0.17734239926043602 0.052884615384615384 0.10848075061500242
10 0.7451923076923077 0.34688347894566385 0.052884615384615384 0.11088459676884864
10 0.7415865384615384 0.44662211657855705 0.0625 0.11334438359395395
10 0.7487980769230769 0.675029456697386 0.0673076923076923 0.12058389239112198