2 0.21560654266226847 0.2835682481760852 0.08776915630616368 0.21254542770405543
1 0.39384697847101174 0.13605169533126119 0.05860134360026947 0.1569213107770626
1 0.6329473624821141 0.5323349855555285 0.07301043535553148 0.15468529231748215
3 0.393721913315828 0.3211618348186039 0.06339505074014685 0.1545734071879717
3 0.5454315419069157 0.7785622306958077 0.08751742328549739 0.16927619693482454
6 0.4210646616218912 0.06442707125545577 0.058461491922121474 0.12885414251091154
6 0.4688494988850025 0.4248620327572057 0.07053666336261152 0.14263809026587365
4 0.24012210261673192 0.7785088143269945 0.07289855401301318 0.13545452308671294
4 0.3035986602983194 0.3258165271385334 0.05834961057960312 0.11365208000783183
4 0.504549768058268 0.15639963172650664 0.051138072118064586 0.11356816616069897
4 0.576707108177097 0.16277203171671686 0.0607534567334492 0.11368005129020944
4 0.3757008611010387 0.529318297385317 0.0607954122368937 0.12089158975174791
4 0.44376375247072997 0.6583427937864363 0.06804890620187652 0.12818704206041895
8 0.8377000318222391 0.3965299793737814 0.09020097279563927 0.21738109129412536
9 0.7582348597774669 0.7869040798976971 0.08269574580999016 0.1668164082162234
11 0.6534343927507668 0.12822310452678728 0.06837056506161687 0.1834755035988807
12 0.8021162325099509 0.06522914046052689 0.063255199061999 0.13045828092105377
7 0.6394596425529128 0.4120587640160879 0.06818875788002451 0.15222550359888076
7 0.8157359636388265 0.13354658142783726 0.06338106557233221 0.1521695610341255
10 0.585749100912075 0.06410245427951414 0.05591779409012732 0.10881641641776191
10 0.7268915521212225 0.1514084419527318 0.055931779257941974 0.11122026257160805
10 0.7399107223892111 0.3231435855408437 0.05594576442575717 0.11362410872545421
10 0.7381082384514013 0.42653694143860604 0.06317128805511028 0.11611186872643323
10 0.7454884002818667 0.662043936309585 0.07043876718790788 0.12581116718895055