2 0.22903506996019599 0.29941949918714356 0.08293349366284172 0.2072062649364723
1 0.4041600187668373 0.155000731546024 0.05377966612476238 0.1541538275380794
1 0.6422860295493631 0.5446204021736575 0.06817477271220959 0.14943004623727582
3 0.4042990690898359 0.33770003182223907 0.058559388096825114 0.14937410556601668
3 0.5567319196315459 0.7881213059155243 0.0826817606421755 0.16393703416724145
6 0.4298269510005733 0.08183026811577165 0.05363981444661438 0.13011536599961784
6 0.4794328458877683 0.4391021030699437 0.06811883204095046 0.1398146616218912
4 0.25504223473994614 0.7875680904316903 0.07046673752353746 0.13021326217432153
4 0.3165307141388217 0.3419972655046913 0.055931779257942245 0.11089858193666344
4 0.5122212143473959 0.17486083332845906 0.04872024079640379 0.110856626433219
4 0.5843016360432435 0.18129000374751833 0.0583356254117884 0.11091256710447822
4 0.38988218339551695 0.5431519595531038 0.058377580915232756 0.11812410556601668
4 0.4552537313160094 0.6697384747449339 0.06322722872636942 0.12536361436318472
8 0.8437903527931455 0.4111727790708084 0.0829614639984715 0.21201395724416455
9 0.7670334951735474 0.7953546234839344 0.0778740683344832 0.16390906383161216
11 0.6602185822388046 0.14807669037983828 0.06354888758610965 0.18065207590164625
12 0.8060218814935889 0.08522086995571038 0.060823382572523274 0.12534962919536993
7 0.6477789950799804 0.42685991097082554 0.06336708040451756 0.14940207590164625
7 0.8188584432248358 0.15140355760946098 0.05855938809682525 0.14937410556601666
10 0.5920795738012813 0.08397619002019349 0.05349996276846652 0.10607690446115627
10 0.732208100343856 0.17013086079889755 0.05351394793628117 0.10848075061500242
10 0.7468471460129128 0.3396929182358476 0.05352793310409609 0.11088459676884864
10 0.7438489302269378 0.4418423946064943 0.0607534567334492 0.11333039842613915
10 0.7533236618090251 0.6726745586308917 0.06800695069843216 0.12058389239112198