2 0.21875 0.29086538461538464 0.08173076923076923 0.20673076923076922
1 0.3942307692307692 0.14423076923076922 0.052884615384615384 0.15384615384615385
1 0.6370192307692307 0.5360576923076923 0.0673076923076923 0.15384615384615385
3 0.3954326923076923 0.328125 0.057692307692307696 0.15384615384615385
3 0.5516826923076923 0.78125 0.08173076923076923 0.1658653846153846
6 0.4206730769230769 0.07091346153846154 0.055288461538461536 0.12980769230769232
6 0.4723557692307692 0.43028846153846156 0.0673076923076923 0.14182692307692307
4 0.24879807692307693 0.7836538461538461 0.07211538461538461 0.13221153846153846
4 0.3076923076923077 0.3329326923076923 0.055288461538461536 0.11298076923076923
4 0.5048076923076923 0.16346153846153846 0.04807692307692308 0.11057692307692307
4 0.5769230769230769 0.16947115384615385 0.057692307692307696 0.11057692307692307
4 0.38221153846153844 0.5348557692307693 0.057692307692307696 0.1201923076923077
4 0.4495192307692308 0.6634615384615384 0.06490384615384616 0.12740384615384615
8 0.8401442307692307 0.40024038461538464 0.08413461538461539 0.21394230769230768
9 0.7644230769230769 0.7884615384615384 0.07692307692307693 0.16346153846153846
11 0.6526442307692307 0.1346153846153846 0.0625 0.18269230769230768
12 0.8004807692307693 0.07211538461538461 0.0625 0.12740384615384615
7 0.6418269230769231 0.4170673076923077 0.06490384615384616 0.15144230769230768
7 0.8137019230769231 0.13822115384615385 0.057692307692307696 0.14903846153846154
10 0.5853365384615384 0.07091346153846154 0.052884615384615384 0.10576923076923077
10 0.7259615384615384 0.15745192307692307 0.052884615384615384 0.11057692307692307
10 0.7415865384615384 0.328125 0.052884615384615384 0.11057692307692307
10 0.7403846153846154 0.43149038461538464 0.0625 0.11538461538461539
10 0.75 0.6646634615384616 0.0673076923076923 0.12259615384615384