2 0.2247596153846154 0.30790377644076783 0.08173076923076923 0.2076817928316079
1 0.3954326923076923 0.16205319902803947 0.057692307692307696 0.1521136184693703
1 0.6418269230769231 0.5483337170102058 0.06971153846153846 0.15225347488125826
3 0.40024038461538464 0.34359952620817935 0.0625 0.15216956103412554
3 0.5612980769230769 0.7901851405890175 0.08413461538461539 0.1668443794986009
6 0.41947115384615385 0.09021752723643095 0.055288461538461536 0.1304510318023773
6 0.47716346153846156 0.4442542226288782 0.06971153846153846 0.14023424411202748
4 0.2620192307692308 0.7939142543945439 0.07211538461538461 0.13064683077902062
4 0.3137019230769231 0.34980409850412386 0.055288461538461536 0.11362410872545421
4 0.5036057692307693 0.18134075288887797 0.04807692307692308 0.1111363487244752
4 0.5745192307692307 0.1869735980267097 0.057692307692307696 0.11124823385398568
4 0.390625 0.5490164872325151 0.057692307692307696 0.11845977231552414
4 0.4579326923076923 0.674799683139088 0.06490384615384616 0.12575522462419558
8 0.8389423076923077 0.41240620831901575 0.08653846153846154 0.21254542770405543
9 0.7704326923076923 0.7950224883097156 0.07932692307692307 0.1643845907799995
11 0.6502403846153846 0.1529989241908351 0.06490384615384616 0.18104368616265692
12 0.7932692307692307 0.08975936933845657 0.0625 0.12813109949566395
7 0.6442307692307693 0.4305732267541219 0.0673076923076923 0.14982165744503462
7 0.8088942307692307 0.15364310575083412 0.06009615384615385 0.14973774359790173
10 0.5817307692307693 0.08970174264307329 0.055288461538461536 0.10641257026391575
10 0.7223557692307693 0.1742707549698556 0.052884615384615384 0.10878844513538428
10 0.7415865384615384 0.34156183292118414 0.055288461538461536 0.11122026257160805
10 0.7403846153846154 0.4437113088184569 0.0625 0.11370802257258707
10 0.7536057692307693 0.6734324585638414 0.06971153846153846 0.1234073210351044