5 0.21566248333352764 0.298162521054684 0.06823071338346888 0.1594370420604191
2 0.20647364633649432 0.37136794361748127 0.07798594967700148 0.18358738872839112
1 0.24640901729219497 0.21198768618713132 0.04402442983122977 0.13031117539048925
1 0.192798775891509 0.49980588515398483 0.06328316939762857 0.13534263795720244
3 0.2543609682927682 0.1327586625985299 0.05601569026483096 0.12564333949468498
3 0.17306534197455653 0.6197604369460828 0.07767827598507591 0.13070277334377586
6 0.2551782992547844 0.06666687900894945 0.04872024079640372 0.11113634872447523
6 0.15936949377784904 0.7445926092518173 0.07287058367738361 0.13064683077902062
4 0.33809001381075454 0.06402611902020769 0.0390349303419451 0.09900523282573404
4 0.3337648097926727 0.1469028687631448 0.04382863748182263 0.09665732923664311
4 0.32222806731305237 0.22969570465894906 0.039020945174130316 0.09660138667188786
4 0.31430408664810877 0.31373242055524275 0.043856607817452195 0.10146502154433534
4 0.301628354346732 0.4073285785021659 0.04626045397129835 0.1014929928267131
4 0.28902954046833657 0.5141458902952429 0.048664300125144506 0.10152096410909059
4 0.2776536274185864 0.6245829569602781 0.053499962768466386 0.10638459898153813
4 0.26392281630234193 0.743405513881397 0.05355590343972567 0.11599998359692275
11 0.8189369643581161 0.28955831293146345 0.06347896174703585 0.16899648411104853
8 0.8338635073225257 0.37626460216419066 0.06844049090069095 0.19549473436811154
7 0.8124658384356125 0.21016146164859634 0.04886009247455165 0.13517481026293673
7 0.8490068203880647 0.5002305067815331 0.058475477089936265 0.13528669539244723
9 0.7963933130655388 0.13305657139006496 0.05844750675430669 0.13047900308475488
9 0.8424805551494512 0.6179350544728618 0.06813281720876538 0.14261011898349615
12 0.7935699118772489 0.06091321549230274 0.04867828529295929 0.10392481026293675
12 0.8673581267568006 0.7624455365274071 0.06809086170532087 0.1353985805219574
10 0.7178697357828171 0.06363788932817735 0.04382863748182276 0.09665732923664308
10 0.7207490776423666 0.14539662984132418 0.04380066714619291 0.09184963692895076
10 0.7236563898375453 0.23196306266216332 0.039020945174130454 0.09660138667188786
10 0.7289535630187556 0.3161536206115339 0.04384262264963741 0.09906117539048918
10 0.7283460095739613 0.4183030965088067 0.046260453971298215 0.1014929928267131
10 0.7409875803109505 0.5254141067668485 0.04867828529295929 0.10392481026293673
10 0.7427978581878172 0.6299954001003449 0.051096116614620365 0.10635662769916038
10 0.7555373250995101 0.75393333343531 0.058321640243973474 0.10884438770013952