5 0.20967384570063446 0.29927884615384615 0.06823071338346888 0.15865384615384615
2 0.20048500870360117 0.37259615384615385 0.07798594967700148 0.18269230769230768
1 0.2404203796593018 0.2127403846153846 0.04402442983122977 0.12980769230769232
1 0.18681013825861587 0.5012019230769231 0.06328316939762857 0.1346153846153846
3 0.24837233065987505 0.13341346153846154 0.05601569026483096 0.125
3 0.16586778868083288 0.6201923076923077 0.07767827598507591 0.12980769230769232
6 0.2491826690379838 0.06610576923076923 0.04872024079640372 0.11057692307692307
6 0.1521789330680328 0.7463942307692307 0.07287058367738365 0.12980769230769232
4 0.33210137617786134 0.06370192307692307 0.0390349303419451 0.0985576923076923
4 0.3277761721597795 0.1466346153846154 0.04382863748182263 0.09615384615384616
4 0.3162394296801593 0.22956730769230768 0.039020945174130316 0.09615384615384616
4 0.3071135259382925 0.3137019230769231 0.043856607817452195 0.10096153846153846
4 0.2956397167138388 0.4074519230769231 0.04626045397129835 0.10096153846153846
4 0.28304090283544336 0.5144230769230769 0.048664300125144506 0.10096153846153846
4 0.2704560741248628 0.6237980769230769 0.053499962768466455 0.10576923076923077
4 0.25672526300861825 0.7427884615384616 0.0535559034397256 0.11538461538461539
11 0.8129483267252229 0.28365384615384615 0.06347896174703585 0.16826923076923078
8 0.8278748696896325 0.3701923076923077 0.06844049090069095 0.19471153846153846
7 0.8064772008027193 0.20432692307692307 0.04886009247455165 0.1346153846153846
7 0.8418162596782484 0.49399038461538464 0.058475477089936265 0.1346153846153846
9 0.7892027523557227 0.12740384615384615 0.05844750675430669 0.12980769230769232
9 0.8352899944396349 0.6117788461538461 0.06813281720876538 0.14182692307692307
12 0.7875672890765409 0.052884615384615384 0.04628842430692806 0.10576923076923077
12 0.8613694891239073 0.7560096153846154 0.06809086170532087 0.1346153846153846
10 0.7106791750730009 0.05889423076923077 0.04382863748182276 0.09615384615384616
10 0.7135585169325502 0.140625 0.04380066714619291 0.09134615384615384
10 0.7176607596207448 0.22596153846153846 0.039020945174130454 0.09615384615384616
10 0.7229649253858622 0.3112980769230769 0.04384262264963741 0.0985576923076923
10 0.721155448864145 0.41346153846153844 0.046260453971298486 0.10096153846153846
10 0.7349989426780573 0.5204326923076923 0.04867828529295929 0.10336538461538461
10 0.736809220554924 0.625 0.051096116614620365 0.10576923076923077
10 0.7483467643896937 0.7487980769230769 0.058321640243973474 0.10817307692307693