5 0.1997824317558759 0.28489604202370755 0.06918176822699201 0.16184088821426532
2 0.18931392302797428 0.3583252348455257 0.07907686566615268 0.18599123488223726
1 0.2320533835626586 0.19679203073741405 0.047183526171467705 0.1303391466728669
1 0.17338039685650658 0.4883007548474836 0.06647023796699217 0.13537060923957994
3 0.24137591177839235 0.11856913124909242 0.05674296822209708 0.12564333949468495
3 0.1503612029941996 0.6075428810042667 0.0784335261714677 0.13070277334377572
6 0.24334704512069963 0.05401576819028041 0.05176744822013919 0.10803153638056082
6 0.13445564810510952 0.7351145548523785 0.0736258338637754 0.13064683077902062
4 0.32633567999314717 0.04808964562014083 0.03960836103902032 0.09617929124028166
4 0.3205629784434274 0.12966530969986215 0.04438808206433501 0.09665732923664311
4 0.3075647527909804 0.21393978149636558 0.03958038975664277 0.09660138667188786
4 0.2981862820104914 0.2969703732923795 0.04444402462909025 0.10146502154433534
4 0.28386026251042207 0.3920761384223794 0.049251716936782555 0.10152096410909059
4 0.2693943865984647 0.4992011343216101 0.049251716936782555 0.10152096410909059
4 0.25608847683986397 0.6099179138104212 0.054115351809230106 0.10638459898153813
4 0.2390649127209836 0.7302920348381833 0.05422723693874058 0.11599998359692275
11 0.8057334758605612 0.26222227886455046 0.06448596104881031 0.1714003302648947
8 0.8191495866180442 0.3485929127087464 0.0696013374626563 0.19789858052195755
7 0.8006608984355955 0.18176336091664838 0.049643314890069234 0.13517481026293673
7 0.8321321424986743 0.4722231619375577 0.05925869950545385 0.13528669539244723
9 0.7859309794716791 0.1050220973290259 0.059202756940698334 0.13047900308475488
9 0.8235360255594443 0.5912974604000751 0.06898596925034894 0.14501396513734216
12 0.785512252301329 0.04244155174314923 0.04916780308964956 0.08488310348629846
12 0.8470841475909836 0.7364364542428026 0.06890205540321567 0.13780242667580384
10 0.707387252301329 0.042882099440596545 0.04436011078195726 0.08576419888119309
10 0.7100559835724484 0.11912434657007437 0.04433213949957977 0.09184963692895079
10 0.7114528635607006 0.2056348368261583 0.03960836103902046 0.09900523282573402
10 0.7152675753439879 0.29091543272294157 0.04441605334671277 0.09906117539048918
10 0.7128768727660165 0.3930928799025919 0.0468478707829364 0.10149299282671297
10 0.7236513814694437 0.49992417733685773 0.0493076595015378 0.1063286564167829
10 0.7236225681217522 0.6056794224648997 0.05171150565538395 0.10635662769916052
10 0.734201277848536 0.7293376429760886 0.05895101539930017 0.10884438770013952