5 0.22213452516769047 0.2921380348865311 0.06915379694461439 0.15904543085266043
2 0.2133722646648229 0.36539940190757964 0.07904889438377506 0.18313983306238113
1 0.25237755900209663 0.20578138052966194 0.04477968001762155 0.1300594253283586
1 0.20044565134894798 0.49392126013146004 0.06406639181314602 0.13497899897856933
3 0.25988195386328594 0.1277053286170137 0.05674296822209715 0.1253216588597403
3 0.18141152316013603 0.613994693897342 0.0784335261714677 0.13025521767776574
6 0.260300681033636 0.0604046288932288 0.04936360206629304 0.110856626433219
6 0.1684569385618835 0.7401127059673763 0.0736258338637754 0.13022724734213617
4 0.3431914164177619 0.05728134795207004 0.03960836103902032 0.09878145499272904
4 0.339348733352097 0.14018606992413274 0.04438808206433501 0.09640557917451248
4 0.3282945118248938 0.2230488363927511 0.0395803897566427 0.09637760883888287
4 0.32086004516964844 0.30713450369001466 0.04444402462909025 0.10121327148220474
4 0.3099316944131444 0.40081457785094077 0.0468478707829364 0.10122725665001954
4 0.29675333955587097 0.5077018206902058 0.049251716936782555 0.10124124181783446
4 0.28602078777601014 0.6182088179280549 0.054115351809230106 0.10607690446115633
4 0.2729822893306248 0.7371152915365506 0.05422723693874058 0.11569228907654096
11 0.8253180964476207 0.28002331200804503 0.06445798976643256 0.16863284513241547
8 0.8407481395362915 0.36664568455339536 0.06957336618027855 0.19510312316035275
7 0.8183854287445443 0.20066142601158493 0.049643314890069234 0.13489508797168054
7 0.8566117375018152 0.49052767248336104 0.05925869950545385 0.13495102864293976
9 0.8018653477084607 0.12364744549771184 0.05920275694069861 0.13014333633524744
9 0.8507707918767794 0.6082741785183783 0.06895799796797118 0.14221850777573736
12 0.7986503343656641 0.0539219218683586 0.04922374565440508 0.09883739566398823
12 0.8765015159990862 0.7538467225042184 0.06887408412083847 0.1350069693141989
10 0.722943166160699 0.05468331215911558 0.04438808206433501 0.09640557917451249
10 0.7262980359153838 0.1364280665576996 0.04433213949957977 0.09159788686682016
10 0.7297088482348238 0.22298051326397594 0.0395803897566427 0.09637760883888287
10 0.7366974585026553 0.30715009156812834 0.04441605334671277 0.09880942532835867
10 0.7354823918498575 0.40929956793877503 0.0468478707829364 0.10122725665001954
10 0.748746344684892 0.5163406476240028 0.04927968821916004 0.10364508797168061
10 0.7511650185452409 0.620914947900218 0.05171150565538395 0.10606291929334141
10 0.7646247703569184 0.7447829506623689 0.05895101539930017 0.10850872095063206