5 0.22284605145943653 0.2934387425941245 0.07063455953731503 0.15946501334279678
2 0.21124637572464966 0.36541427079762107 0.07799993484481628 0.18599123488223726
1 0.25359957800201127 0.20846583080349493 0.04641429081726113 0.12793530051902072
1 0.19636958220274126 0.4938382266929358 0.06568701555147473 0.13537060923957994
3 0.2627674372473224 0.13165463900992844 0.05601569026483096 0.12564333949468495
3 0.17300940130329737 0.6101450523306983 0.07767827598507591 0.13070277334377586
6 0.26478669128626164 0.06557684106153681 0.05112408695024987 0.11116432000685283
6 0.15931355310658987 0.7349772246364327 0.07287058367738361 0.13064683077902062
4 0.34651046793312346 0.06532594158545238 0.04143877649579126 0.09903320410811164
4 0.3409693556703038 0.14578485953335452 0.04382863748182263 0.09665732923664311
4 0.328223697529853 0.22736178671104693 0.041410806160161684 0.09422551180041933
4 0.31909080120407884 0.31018259388922875 0.04624646880348356 0.0990891466728668
4 0.3052061532418716 0.40256284311804 0.048650314957329716 0.09911711795524443
4 0.29139842370264574 0.5081642461930052 0.05106814627899066 0.1015489353914682
4 0.2776116719151421 0.6173714184987396 0.055889823754497754 0.10400872411006973
4 0.2614630294772366 0.7337621579836348 0.05354191827191088 0.11359613744307659
11 0.8189719272776531 0.2955679283160788 0.065882807900882 0.16902445539342617
8 0.8326965471651396 0.38226023190761715 0.07083035188672217 0.19311885949664287
7 0.8137097170159799 0.2173869857513236 0.0512639386283978 0.13520278154531434
7 0.8442201058320946 0.5037803334475472 0.05846149192212161 0.13288284923860105
9 0.7988391147228294 0.14029608113398104 0.05843352158649177 0.12807515693090876
9 0.8352899944396349 0.6214569098564984 0.07053666336261152 0.14263809026587365
12 0.7984055745205707 0.06577685036475026 0.04867828529295929 0.10392481026293678
12 0.8589586503861538 0.7647514831929316 0.07049470785916703 0.1354265518043352
10 0.7227123910100466 0.06970344727754793 0.04382863748182276 0.09665732923664308
10 0.7243828172087654 0.1502462790725829 0.04380066714619291 0.09184963692895079
10 0.7260812137431137 0.23559680317531015 0.04142479132797661 0.09662935795426549
10 0.7301764638474008 0.31977337548349194 0.04624646880348356 0.0990891466728668
10 0.7271580716648529 0.420692957021464 0.04624646880348356 0.09908914667286695
10 0.7385907267410118 0.526588058561394 0.05108213144680544 0.10395278154531436
10 0.7379971584640324 0.6311413806125129 0.05108213144680544 0.10395278154531422
10 0.7471238635610485 0.7538354339469884 0.060725486397819634 0.108872358982517