5 0.7822866215785995 0.29114188255108286 0.06915379694461439 0.15904543085266043
2 0.7939570533834241 0.364396256988224 0.07904889438377492 0.18313983306238127
1 0.7512315784899288 0.20477823561030625 0.044779680017621414 0.13005942532835865
1 0.80867467083678 0.4929251077960118 0.06406639181314616 0.13497899897856933
3 0.7406931415560831 0.12550725320464237 0.05674296822209722 0.1253216588597403
3 0.831707850340276 0.6129915489779864 0.07843352617146757 0.13025521767776574
6 0.7399239312906989 0.059401483973873154 0.04936360206629304 0.110856626433219
6 0.8475854339469885 0.7379076379710975 0.07362583386377526 0.13022724734213617
4 0.65694928205944 0.0562782030327144 0.03960836103902046 0.09878145499272906
4 0.6627219836091599 0.1391829250047771 0.04438808206433501 0.0964055791745125
4 0.6757062236204182 0.22204569147339542 0.0395803897566427 0.09637760883888287
4 0.685098680042096 0.30613135877065906 0.04444402462909025 0.10121327148220474
4 0.6982087908240534 0.3998114329315851 0.0468478707829364 0.10122725665001954
4 0.7126746667360108 0.5067056683547576 0.049251716936782555 0.10124124181783446
4 0.7271824995715346 0.6172056730086992 0.054115351809230106 0.10607690446115633
4 0.742990154972303 0.736112146617195 0.05422723693874058 0.11569228907654096
11 0.17994134670468356 0.2790201670886894 0.0644579897664325 0.16863284513241547
8 0.1665252359472005 0.3656425396340397 0.06957336618027848 0.19510312316035275
7 0.1850279097708379 0.19965828109222933 0.049643314890069096 0.13489508797168054
7 0.15354268006657035 0.48952452756400544 0.05925869950545371 0.13495102864293976
9 0.1997578287347545 0.12264430057835621 0.05920275694069847 0.13014333633524744
9 0.16212481136461157 0.6072710335990226 0.06895799796797118 0.14221850777573736
12 0.2001206133403493 0.05117223368245224 0.04927968821916018 0.10234446736490448
12 0.1397646267688065 0.7516416545079397 0.06887408412083833 0.1350069693141989
10 0.2770856471869927 0.05368016723975995 0.04438808206433501 0.09640557917451249
10 0.2756328246339852 0.13542492163834396 0.04433213949957991 0.0915978868668202
10 0.27423594464573287 0.2219773683446203 0.0395803897566427 0.09637760883888287
10 0.26920532414433374 0.3061469466487727 0.04441605334671263 0.09880942532835867
10 0.2727979497992282 0.40829642301941943 0.0468478707829364 0.10122725665001954
10 0.2608215180188779 0.5153444952885546 0.04927968821916018 0.10364508797168061
10 0.2620382688023038 0.6199118029808623 0.05171150565538395 0.10606291929334141
10 0.2514595590755198 0.7437798057430132 0.05895101539930003 0.10850872095063206