5 0.7932692307692307 0.3004807692307692 0.06971153846153846 0.16105769230769232
2 0.8016826923076923 0.3737980769230769 0.07932692307692307 0.1875
1 0.7632211538461539 0.21394230769230768 0.04807692307692308 0.12980769230769232
1 0.8137019230769231 0.5048076923076923 0.0673076923076923 0.1346153846153846
3 0.7560096153846154 0.1346153846153846 0.057692307692307696 0.125
3 0.8329326923076923 0.625 0.07692307692307693 0.12980769230769232
6 0.7560096153846154 0.0673076923076923 0.05048076923076923 0.11298076923076923
6 0.84375 0.7512019230769231 0.07451923076923077 0.13221153846153846
4 0.671875 0.06129807692307692 0.040865384615384616 0.0985576923076923
4 0.6754807692307693 0.14543269230769232 0.04326923076923077 0.09615384615384616
4 0.6862980769230769 0.22956730769230768 0.040865384615384616 0.09615384615384616
4 0.6947115384615384 0.3137019230769231 0.04567307692307692 0.10096153846153846
4 0.7043269230769231 0.4074519230769231 0.04807692307692308 0.10096153846153846
4 0.7163461538461539 0.515625 0.05048076923076923 0.10096153846153846
4 0.7271634615384616 0.6262019230769231 0.055288461538461536 0.10576923076923077
4 0.7391826923076923 0.7463942307692307 0.055288461538461536 0.11538461538461539
11 0.18629807692307693 0.27403846153846156 0.06490384615384616 0.17067307692307693
8 0.17067307692307693 0.3605769230769231 0.06971153846153846 0.1971153846153846
7 0.1935096153846154 0.19591346153846154 0.05048076923076923 0.13701923076923078
7 0.15504807692307693 0.4855769230769231 0.06009615384615385 0.1346153846153846
9 0.2127403846153846 0.11778846153846154 0.06009615384615385 0.12980769230769232
9 0.15985576923076922 0.6033653846153846 0.06971153846153846 0.14423076923076922
12 0.21514423076923078 0.04927884615384615 0.05048076923076923 0.0985576923076923
12 0.13221153846153846 0.7487980769230769 0.06971153846153846 0.13701923076923078
10 0.2920673076923077 0.05048076923076923 0.04326923076923077 0.09615384615384616
10 0.28725961538461536 0.13221153846153846 0.04326923076923077 0.09375
10 0.28365384615384615 0.21875 0.040865384615384616 0.0985576923076923
10 0.2764423076923077 0.30408653846153844 0.04567307692307692 0.0985576923076923
10 0.2764423076923077 0.40625 0.04807692307692308 0.10096153846153846
10 0.2620192307692308 0.5132211538461539 0.05048076923076923 0.10576923076923077
10 0.25841346153846156 0.6189903846153846 0.052884615384615384 0.10576923076923077
10 0.24519230769230768 0.7427884615384616 0.06009615384615385 0.10817307692307693