5 0.21219416171545813 0.3004807692307692 0.07063455953731503 0.15865384615384615
2 0.20336114514255266 0.37259615384615385 0.07798594967700148 0.18269230769230768
1 0.24273871209596035 0.21514423076923078 0.04641429081726113 0.12740384615384615
1 0.1918096161399682 0.4987980769230769 0.06567303038365993 0.13221153846153846
3 0.25040476851147964 0.13701923076923078 0.05600170509701618 0.12259615384615384
3 0.17188658110236654 0.6177884615384616 0.07766429081726113 0.12740384615384615
6 0.25078236804247916 0.07211538461538461 0.05112408695024987 0.11057692307692307
6 0.15914711419067373 0.7415865384615384 0.07287058367738361 0.12980769230769232
4 0.3325481001927854 0.06610576923076923 0.04143877649579126 0.0985576923076923
4 0.3284668352563131 0.14783653846153846 0.043814652314007836 0.09375
4 0.3171670392743949 0.23076923076923078 0.041410806160161684 0.09375
4 0.30948000510715334 0.3125 0.04624646880348356 0.0985576923076923
4 0.29812426845397605 0.4050480769230769 0.048650314957329716 0.0985576923076923
4 0.2854896903008942 0.5108173076923077 0.048650314957329716 0.0985576923076923
4 0.2752449731338438 0.6189903846153846 0.055889823754497754 0.10336538461538461
4 0.26134553864867227 0.7355769230769231 0.05354191827191081 0.11298076923076923
11 0.8060910059775134 0.27524038461538464 0.065882807900882 0.16826923076923078
8 0.8212265251039956 0.359375 0.07083035188672217 0.19230769230769232
7 0.7993339854699559 0.1971153846153846 0.0512639386283978 0.1346153846153846
7 0.8361452741293482 0.4807692307692308 0.05846149192212161 0.13221153846153846
9 0.782947595179199 0.12139423076923077 0.05843352158649177 0.12740384615384615
9 0.8306593011826384 0.5973557692307693 0.07052267819479688 0.13942307692307693
12 0.7809493188919819 0.051682692307692304 0.053485977600651595 0.10336538461538461
12 0.8574784070507963 0.7391826923076923 0.07049470785916703 0.1346153846153846
10 0.7052071872941058 0.055288461538461536 0.043814652314007836 0.09375
10 0.7083444534030795 0.13581730769230768 0.04380066714619291 0.09134615384615384
10 0.7114607417603308 0.21995192307692307 0.04142479132797661 0.09615384615384616
10 0.7181827993483514 0.30408653846153844 0.04624646880348356 0.0985576923076923
10 0.7176024148840372 0.40384615384615385 0.04624646880348356 0.0985576923076923
10 0.7314101444232631 0.5096153846153846 0.04867828529295929 0.10336538461538461
10 0.7332126283610731 0.6129807692307693 0.05108213144680572 0.10336538461538461
10 0.7457345238164871 0.7331730769230769 0.05830765507615883 0.10576923076923077