5 0.21316773358888536 0.2800480769230769 0.07064854470512981 0.16105769230769232
2 0.2027769735149289 0.35336538461538464 0.08040378099866242 0.18509615384615385
1 0.2451161906244757 0.1935096153846154 0.04642827598507592 0.12980769230769232
1 0.18669126433219005 0.4807692307692308 0.06568701555147473 0.1346153846153846
3 0.25547898036280253 0.11538461538461539 0.058419536418677115 0.125
3 0.16335206118446835 0.6009615384615384 0.07767827598507591 0.12980769230769232
6 0.2563242816604483 0.054086538461538464 0.05591779409012739 0.10817307692307693
6 0.14966320557166826 0.7271634615384616 0.07528841499904455 0.13221153846153846
4 0.34163284978635716 0.04927884615384615 0.04384262264963741 0.0985576923076923
4 0.3336878913696913 0.12980769230769232 0.04382863748182263 0.09615384615384616
4 0.32094922581314794 0.2127403846153846 0.04142479132797647 0.09615384615384616
4 0.3118163294873738 0.2956730769230769 0.04626045397129835 0.10096153846153846
4 0.297938674109074 0.3894230769230769 0.048664300125144506 0.10096153846153846
4 0.2829360140768324 0.4963942307692308 0.05106814627899073 0.10096153846153846
4 0.2691562548732361 0.6069711538461539 0.05590380892231254 0.10576923076923077
4 0.25301460501923806 0.7247596153846154 0.05355590343972567 0.11538461538461539
11 0.8165051478686404 0.27524038461538464 0.06589679306869665 0.17067307692307693
8 0.8302297677561269 0.36177884615384615 0.07084433705453709 0.19471153846153846
7 0.8112289524391524 0.19471153846153846 0.051277923796212724 0.13701923076923078
7 0.8417673115908966 0.4855769230769231 0.058475477089936265 0.1346153846153846
9 0.7975602732229251 0.11778846153846154 0.05844750675430669 0.12980769230769232
9 0.8352410463522831 0.6033653846153846 0.07053666336261152 0.14182692307692307
12 0.7971686885241106 0.05048076923076923 0.048608359453885225 0.09134615384615384
12 0.8565198413127708 0.7487980769230769 0.07050869302698168 0.13701923076923078
10 0.7190436885241108 0.05048076923076923 0.04621849846785399 0.09375
10 0.7207071221389221 0.12980769230769232 0.04380066714619291 0.09134615384615384
10 0.7224125112571779 0.21634615384615385 0.04143877649579126 0.0985576923076923
10 0.7265077613614649 0.3004807692307692 0.04624646880348356 0.0985576923076923
10 0.7234963617628245 0.4026442307692308 0.04866430012514437 0.10096153846153846
10 0.7349360094228907 0.5096153846153846 0.05108213144680544 0.10336538461538461
10 0.7343424411459113 0.6141826923076923 0.05349996276846652 0.10576923076923077
10 0.7458869775645884 0.7391826923076923 0.060725486397819634 0.10817307692307693