5 0.21033653846153846 0.30649038461538464 0.06971153846153846 0.16105769230769232
2 0.20192307692307693 0.3798076923076923 0.07932692307692307 0.1875
1 0.2403846153846154 0.21995192307692307 0.04807692307692308 0.12980769230769232
1 0.18990384615384615 0.5108173076923077 0.0673076923076923 0.1346153846153846
3 0.24759615384615385 0.140625 0.057692307692307696 0.125
3 0.17067307692307693 0.6310096153846154 0.07692307692307693 0.12980769230769232
6 0.24759615384615385 0.0733173076923077 0.05048076923076923 0.11298076923076923
6 0.15985576923076922 0.7572115384615384 0.07451923076923077 0.13221153846153846
4 0.3317307692307692 0.0673076923076923 0.040865384615384616 0.0985576923076923
4 0.328125 0.1502403846153846 0.04326923076923077 0.09615384615384616
4 0.3173076923076923 0.23557692307692307 0.040865384615384616 0.09615384615384616
4 0.3088942307692308 0.31971153846153844 0.04567307692307692 0.10096153846153846
4 0.29927884615384615 0.41346153846153844 0.04807692307692308 0.10096153846153846
4 0.28725961538461536 0.5216346153846154 0.05048076923076923 0.10096153846153846
4 0.2764423076923077 0.6322115384615384 0.055288461538461536 0.10576923076923077
4 0.2644230769230769 0.7512019230769231 0.055288461538461536 0.11538461538461539
11 0.8173076923076923 0.2800480769230769 0.06490384615384616 0.17067307692307693
8 0.8329326923076923 0.36658653846153844 0.06971153846153846 0.1971153846153846
7 0.8100961538461539 0.20072115384615385 0.05048076923076923 0.13701923076923078
7 0.8485576923076923 0.49158653846153844 0.06009615384615385 0.1346153846153846
9 0.7920673076923077 0.12379807692307693 0.06009615384615385 0.12980769230769232
9 0.84375 0.609375 0.06971153846153846 0.14423076923076922
12 0.7896634615384616 0.051682692307692304 0.05048076923076923 0.10336538461538461
12 0.8713942307692307 0.7548076923076923 0.06971153846153846 0.13701923076923078
10 0.7127403846153846 0.056490384615384616 0.04326923076923077 0.09615384615384616
10 0.7163461538461539 0.13822115384615385 0.04326923076923077 0.09375
10 0.7199519230769231 0.2247596153846154 0.040865384615384616 0.0985576923076923
10 0.7271634615384616 0.31009615384615385 0.04567307692307692 0.0985576923076923
10 0.7271634615384616 0.41225961538461536 0.04807692307692308 0.10096153846153846
10 0.7415865384615384 0.5180288461538461 0.05048076923076923 0.10576923076923077
10 0.7439903846153846 0.6237980769230769 0.052884615384615384 0.10576923076923077
10 0.7584134615384616 0.7475961538461539 0.06009615384615385 0.10817307692307693