11 0.3401442307692308 0.13701923076923078 0.0673076923076923 0.18269230769230768
8 0.15985576923076922 0.29927884615384615 0.07932692307692307 0.20673076923076922
9 0.4483173076923077 0.6442307692307693 0.0673076923076923 0.1658653846153846
6 0.2644230769230769 0.0625 0.0625 0.125
12 0.4230769230769231 0.15264423076923078 0.057692307692307696 0.1346153846153846
7 0.4375 0.42788461538461536 0.057692307692307696 0.15384615384615385
10 0.2704326923076923 0.16105769230769232 0.04807692307692308 0.11298076923076923
10 0.25600961538461536 0.3329326923076923 0.057692307692307696 0.11538461538461539
10 0.34615384615384615 0.3233173076923077 0.055288461538461536 0.1201923076923077
10 0.35216346153846156 0.5576923076923077 0.057692307692307696 0.12259615384615384
3 0.23677884615384615 0.6430288461538461 0.07211538461538461 0.16346153846153846
1 0.5048076923076923 0.22716346153846154 0.055288461538461536 0.14903846153846154
2 0.7728365384615384 0.29447115384615385 0.08653846153846154 0.21153846153846154
4 0.6838942307692307 0.3389423076923077 0.052884615384615384 0.11057692307692307
4 0.6069711538461539 0.5324519230769231 0.052884615384615384 0.125
4 0.5384615384615384 0.6622596153846154 0.0625 0.1201923076923077