11 0.6533558143392317 0.14543269230769232 0.06940553848601283 0.18028846153846154
8 0.8305682768814704 0.30649038461538464 0.07932860720755112 0.20673076923076922
9 0.5405526481173466 0.6466346153846154 0.06920973950936962 0.16346153846153846
6 0.7287281692209795 0.07211538461538461 0.06392653540125792 0.12259615384615384
12 0.5726451548499311 0.16105769230769232 0.05925869950545371 0.1346153846153846
7 0.5538593999412614 0.4326923076923077 0.059482469764474535 0.15384615384615385
10 0.7227876399769941 0.16947115384615385 0.04936360206629304 0.11057692307692307
10 0.7352387414924497 0.3389423076923077 0.059034929246432895 0.11538461538461539
10 0.6451924102115405 0.33052884615384615 0.05425520822111807 0.11778846153846154
10 0.6364975517186747 0.5612980769230769 0.059090871811187856 0.1201923076923077
3 0.749687263501962 0.6466346153846154 0.07401743181706194 0.16346153846153846
1 0.49006126150664475 0.234375 0.057022681045873144 0.14903846153846154
2 0.2236670512412606 0.3004807692307692 0.08897196310531336 0.2091346153846154
4 0.3108899671326595 0.3449519230769231 0.05414332309160773 0.10817307692307693
4 0.3855893271067166 0.5360576923076923 0.054311150785873306 0.12259615384615384
4 0.45140055580720695 0.6646634615384616 0.06149471796503415 0.1201923076923077