11 0.34975961538461536 0.13905407268628367 0.07211538461538461 0.1831118627267516
8 0.1658653846153846 0.29783997657922096 0.08413461538461539 0.2120279424119794
9 0.4495192307692308 0.6516536879198285 0.06971153846153846 0.16867480063586
6 0.2764423076923077 0.06410829429870159 0.0673076923076923 0.1253915846988143
12 0.4326923076923077 0.1563634840528172 0.06009615384615385 0.1373688599646007
7 0.4423076923076923 0.4328617324163841 0.0625 0.15661361436318472
10 0.27884615384615385 0.1626799717742087 0.05048076923076923 0.11327445775487995
10 0.2608173076923077 0.3344500830155977 0.06009615384615385 0.11573424457998531
10 0.35336538461538464 0.32657505043800583 0.057692307692307696 0.12052795171986283
10 0.3545673076923077 0.5621589660988364 0.06009615384615385 0.12294578304152363
3 0.23677884615384615 0.6456083082605267 0.07451923076923077 0.16629892481764338
1 0.5144230769230769 0.2337620566815972 0.057692307692307696 0.15177795171986283
2 0.78125 0.30742979492442424 0.09134615384615384 0.21447374406926997
4 0.6911057692307693 0.3501745819006001 0.055288461538461536 0.1108985819366633
4 0.6105769230769231 0.5432156941634199 0.055288461538461536 0.12532165885974023
4 0.5408653846153846 0.6714158935275599 0.0625 0.12295976820933856