11 0.35259785848062847 0.1426668345009603 0.07183735592223674 0.1830978775589368
8 0.17173766978405408 0.29905588482395884 0.08416427079762105 0.20961011109031846
9 0.4570435057288072 0.6492498417659823 0.07164155694559327 0.16627095448201382
6 0.27719753231650307 0.06651214045254775 0.0663303815551042 0.12297375337715334
12 0.434524426688041 0.1599692532835864 0.061662545659299864 0.13496501381075454
7 0.44731455185328406 0.4328617324163841 0.06431813335454446 0.15661361436318472
10 0.2831520472016773 0.16509780309586966 0.051795419502516746 0.11327445775487995
10 0.26710916209664126 0.33566599126033564 0.059034929246432895 0.11572025941217053
10 0.35835741645447344 0.3277839660988363 0.056687025657341975 0.12051396655204805
10 0.3622725539220245 0.5609640356058206 0.06152268924741177 0.12294578304152377
3 0.2466510247025135 0.6432184472744953 0.07644924925328571 0.16629892481764338
1 0.515920382595593 0.23495698717461286 0.059426527199719296 0.14937410556601668
2 0.7823845210669211 0.3086177328335325 0.09380762669538328 0.21206989791542383
4 0.6927437733804873 0.3513625198097084 0.05654716924545401 0.10849473578281714
4 0.614438644175661 0.5419997859186819 0.05674296822209708 0.12532165885974023
4 0.5474115067570587 0.6690050547898065 0.06389856411888044 0.1205559220554924