11 0.3329326923076923 0.15050863799391398 0.07211538461538461 0.1835314461636359
8 0.15384615384615385 0.31429016207216687 0.08413461538461539 0.21011361026783165
9 0.4483173076923077 0.6578608749326545 0.06971153846153846 0.1666765518043352
6 0.2548076923076923 0.07748418670125716 0.06490384615384616 0.1257552246241954
12 0.41466346153846156 0.16468081544090651 0.06009615384615385 0.13771851282867098
7 0.4338942307692308 0.44014497031531197 0.0625 0.15697725334181784
10 0.2620192307692308 0.17492386977915922 0.05048076923076923 0.11356816616069897
10 0.2512019230769231 0.34787492208538306 0.057692307692307696 0.11605592616167798
10 0.34134615384615385 0.33690461440531255 0.057692307692307696 0.1208636184693703
10 0.35096153846153844 0.571391499534823 0.06009615384615385 0.12329543590559393
3 0.23677884615384615 0.6578032482372713 0.07451923076923077 0.1667324943690904
1 0.49759615384615385 0.2401650554521647 0.057692307692307696 0.15211361846937022
2 0.7668269230769231 0.3045959160015337 0.09134615384615384 0.21500521642265677
4 0.6790865384615384 0.350449964194751 0.055288461538461536 0.11122026257160805
4 0.6057692307692307 0.5431064554668493 0.055288461538461536 0.12564333949468484
4 0.5396634615384616 0.6733468605860805 0.0625 0.12091956103412553