11 0.6662018820692299 0.13221153846153846 0.07186532720461422 0.18509615384615385
8 0.8520121456813268 0.296875 0.08419224207999867 0.21153846153846154
9 0.5628267221392267 0.6478365384615384 0.06926568207412487 0.16826923076923078
6 0.7422858205209786 0.06009615384615385 0.06389856411888016 0.1201923076923077
12 0.583451003096992 0.14783653846153846 0.059286670787831335 0.13701923076923078
7 0.5710706718527946 0.4266826923076923 0.061942258483075927 0.15865384615384615
10 0.7386109651495794 0.15745192307692307 0.04941954463104828 0.11538461538461539
10 0.755061960045033 0.3317307692307692 0.059034929246432895 0.11538461538461539
10 0.6624019979924456 0.32211538461538464 0.056687025657341975 0.1201923076923077
10 0.6591475539220244 0.5588942307692307 0.061550660529789525 0.125
3 0.7779569672672686 0.6466346153846154 0.07404540309943942 0.1658653846153846
1 0.5001974831072713 0.22355769230769232 0.059482469764474535 0.15384615384615385
2 0.22936004927041775 0.2920673076923077 0.08905587695244623 0.21634615384615385
4 0.3200357344048231 0.33774038461538464 0.0565751405278315 0.11057692307692307
4 0.4004403939185981 0.5336538461538461 0.05433912206825093 0.125
4 0.4716763672697161 0.6646634615384616 0.06392653540125792 0.12259615384615384