11 0.34818788671574963 0.14100798940460807 0.07317825736930918 0.18311186272675162
8 0.16521667702229542 0.30073170089628615 0.08535132498450267 0.20962409625813325
9 0.4497034420162714 0.6488480590626629 0.07067651504075939 0.16627095448201382
6 0.2732281231603527 0.0657203757607129 0.06563107488021558 0.1253775995309995
12 0.4300165521212224 0.15735941677582807 0.0608933084115972 0.1373688599646007
7 0.4412332384514013 0.4325438607199535 0.06340903590796178 0.15661361436318472
10 0.27740728427152866 0.164257090316683 0.051138072118064655 0.11327445775487995
10 0.26037138503253304 0.33503505599837086 0.05836359574741797 0.11572025941217053
10 0.3516825759591499 0.32849400423679326 0.05839156608304755 0.12052795171986283
10 0.35544298339103136 0.5616530959920554 0.06080939740470848 0.12294578304152377
3 0.23934592580301073 0.6464659920156883 0.0754842073484517 0.16629892481764313
1 0.5121878541381577 0.23260507491627885 0.0585733732646399 0.15177795171986283
2 0.7782324091726017 0.3031750984881284 0.09259083378167077 0.21447374406926997
4 0.6895418345009603 0.3469617804665066 0.055931779257942245 0.1108985819366633
4 0.6089298786953747 0.539744968479902 0.05601569026483096 0.12532165885974023
4 0.541168469788851 0.6687493149933931 0.06319925839073985 0.1205559220554924