11 0.33729200203202886 0.13985501441503675 0.06943350976839045 0.18308389239112197
8 0.15511547893307884 0.3031635173857619 0.08173245336139728 0.20719227976865745
9 0.43956313837343064 0.6464372203249094 0.06923771079174725 0.1662569693141989
6 0.26243795793958086 0.0657763164319721 0.06395450668363555 0.1253636143631847
12 0.41884095792734366 0.15500451870933366 0.05925869950545371 0.13495102864293976
7 0.4312632460951076 0.43015399973392215 0.059482469764474535 0.15418179787370898
10 0.2660988276697912 0.1643060384040348 0.049391573348670656 0.11326047258706516
10 0.24967580405671536 0.3362649494109236 0.059034929246432895 0.11572025941217053
10 0.3411338430323797 0.3261181284185767 0.056687025657341975 0.12051396655204805
10 0.3444162583851783 0.5604581654990397 0.05911884309356562 0.12293179787370899
3 0.22803866247615792 0.6464659920156884 0.07401743181706194 0.16388109349598232
1 0.5009065404813301 0.22904126118895396 0.057022681045873144 0.1493601203982019
2 0.7681521907286033 0.29478960728529646 0.08899993438769098 0.21204192757979426
4 0.6786924143123099 0.3397782123405978 0.054171294373985344 0.11088459676884864
4 0.5995176491578355 0.5337353530952866 0.05433912206825093 0.12530767369192558
4 0.5294975845248294 0.6639416226857008 0.06389856411888044 0.1205559220554924