11 0.6486600071610499 0.13960029558621015 0.06943350976839031 0.18308389239112197
8 0.8282483445747572 0.30411771421776573 0.08176042464377477 0.20959612592250368
9 0.5345570183739201 0.648586347649929 0.06926568207412487 0.16866081546804507
6 0.7252342851197207 0.06672352068006854 0.06876219899132799 0.1253915846988143
12 0.5667474245948261 0.15474979988050708 0.05925869950545371 0.13495102864293976
7 0.5479057271214013 0.43110120398201857 0.06191428720069831 0.15659962919536993
10 0.7192937558757352 0.1640513195752082 0.04939157334867052 0.11326047258706516
10 0.7317029004676244 0.33721215365902 0.059034929246432895 0.11572025941217053
10 0.6404686317509809 0.3270653326666731 0.056687025657341704 0.12051396655204791
10 0.6317178306933602 0.5626072928240593 0.05911884309356562 0.12293179787370899
3 0.7472974029893048 0.6498240350015384 0.07401743181706194 0.16388109349598232
1 0.482947622533428 0.22878654236012738 0.05705065232825076 0.15176396655204805
2 0.21291967175489693 0.2957298189494855 0.08899993438769098 0.21204192757979418
4 0.3013445107232189 0.3407184240047868 0.054171294373985344 0.11088459676884864
4 0.3760019137737096 0.5358774878363988 0.05433912206825093 0.12530767369192558
4 0.4430010799099342 0.6660837574268128 0.06389856411888044 0.1205559220554924