11 0.3501294209765581 0.14507068065480644 0.07076042604764823 0.18069403140509063
8 0.16772300786930427 0.3014667235617124 0.08293349366284172 0.2072062649364723
9 0.4457642132109579 0.6480479186890592 0.07067651504075939 0.16627095448201382
6 0.2772456534865091 0.07012490226722437 0.06321324355855464 0.12295976820933856
12 0.43056037095570066 0.16236610685352518 0.06087932324378242 0.13496501381075454
7 0.43979735468493636 0.43406365549330717 0.063395050740147 0.15420976820933857
10 0.28028502342077904 0.16750164924971583 0.051138072118064655 0.11327445775487995
10 0.2612702229359897 0.3368679143372587 0.05836359574741797 0.11572025941217053
10 0.3514564092086649 0.33018081966877505 0.055973734761386465 0.11811012039820189
10 0.3525176792522906 0.5609640356058206 0.06080939740470848 0.12294578304152377
3 0.23665057557806474 0.6432254398584027 0.07547022218063691 0.16389507866379696
1 0.5106556769072881 0.23735384074455163 0.058559388096825114 0.14937410556601668
2 0.7746661913798286 0.3098056707426408 0.09017300246000996 0.21205591274760904
4 0.6854721506668545 0.35255745030272406 0.05591779409012732 0.10849473578281728
4 0.6038384762556395 0.5419927933347746 0.05359785894316989 0.12290382753807941
4 0.5345876469768398 0.6689980622058991 0.06319925839073985 0.1205559220554924