2 0.7709439522880819 0.289995900145419 0.08290552332721209 0.20239857262878
6 0.5701800415833341 0.07721436138173939 0.06085135290815284 0.13015732150306222
1 0.5085541145717589 0.22781836036030872 0.058559388096824976 0.14937410556601668
4 0.42049906368054135 0.1742422805240103 0.048748211132033356 0.1156643187409113
4 0.6846782015220089 0.33737436618675165 0.053541918271910745 0.1132884429226948
4 0.610117816604483 0.5373341297421484 0.058377580915232624 0.11812410556601668
4 0.5435303604392527 0.6615237913640397 0.06080939740470848 0.12294578304152391
3 0.4376981964148554 0.6513218310555831 0.0682027430478393 0.15423773854496814
3 0.24289575436252078 0.6368296296485816 0.0730244205233464 0.15666955503444385
11 0.34581201089753305 0.14582966688011514 0.06111707109663392 0.17583039842613915
12 0.19644489791542383 0.09020636266924792 0.06807687653750609 0.13260312316035275
8 0.1700453470817099 0.3043094997914258 0.07329013871182746 0.20234263195752084
9 0.23896213504325325 0.7870979845995958 0.07786008316666827 0.16150521767776574
7 0.4424211763605096 0.43013302198219994 0.060963234250671135 0.14938809073383147
10 0.3480698141444733 0.32731305891159235 0.05598771992920139 0.12051396655204805
10 0.2726065845477437 0.1654869837292357 0.0487342259642185 0.11326047258706516
10 0.2615803006933635 0.33622998649138663 0.048748211132033356 0.11566431874091138
10 0.3578258517931553 0.5580333415934713 0.05839156608304755 0.12052795171986283