2 0.23076923076923078 0.2932692307692308 0.08173076923076923 0.20432692307692307
6 0.43028846153846156 0.078125 0.06009615384615385 0.12980769230769232
1 0.49399038461538464 0.22956730769230768 0.057692307692307696 0.14903846153846154
4 0.5817307692307693 0.17548076923076922 0.04807692307692308 0.11538461538461539
4 0.31850961538461536 0.34134615384615385 0.052884615384615384 0.11538461538461539
4 0.3942307692307692 0.5408653846153846 0.057692307692307696 0.1201923076923077
4 0.46153846153846156 0.6658653846153846 0.06009615384615385 0.125
3 0.5673076923076923 0.6550480769230769 0.0673076923076923 0.15384615384615385
3 0.7632211538461539 0.6394230769230769 0.07451923076923077 0.15625
11 0.65625 0.1466346153846154 0.06009615384615385 0.1778846153846154
12 0.8064903846153846 0.0889423076923077 0.0673076923076923 0.1346153846153846
8 0.8353365384615384 0.30528846153846156 0.07451923076923077 0.20432692307692307
9 0.7680288461538461 0.7896634615384616 0.07692307692307693 0.16346153846153846
7 0.5625 0.4326923076923077 0.06009615384615385 0.14903846153846154
10 0.6550480769230769 0.328125 0.055288461538461536 0.1201923076923077
10 0.7307692307692307 0.1658653846153846 0.04807692307692308 0.11538461538461539
10 0.7427884615384616 0.33653846153846156 0.04807692307692308 0.11538461538461539
10 0.6478365384615384 0.5612980769230769 0.057692307692307696 0.1201923076923077