2 0.2230254545755806 0.29676930988623956 0.08293349366284172 0.2072062649364723
6 0.42621418918589665 0.07804647886671977 0.06326918422981379 0.13257515282472318
1 0.4890280541065801 0.23032010268885844 0.05858735843245469 0.15418179787370898
4 0.5782850280747207 0.17571611301817253 0.04876219629984801 0.11806816489475747
4 0.31168805891159235 0.3443287817540152 0.05355590343972567 0.11569228907654096
4 0.3862274660773959 0.5470132489678492 0.05839156608304755 0.12052795171986283
4 0.45400286015173447 0.6728165947620505 0.060823382572523274 0.1253496291953698
3 0.5610439398369623 0.6601750240250612 0.06821672821565408 0.15664158469881428
3 0.7594521511200661 0.6433962476803405 0.07544225184500747 0.15908738635610492
11 0.6541809965185595 0.14522750330892947 0.06113105626444884 0.17823424457998532
12 0.8059519556545148 0.0878560531212127 0.06809086170532087 0.1350069693141989
8 0.8335324518134297 0.3052363080305121 0.07572195520130319 0.20716430943302794
9 0.7633717852715189 0.7960125081139418 0.08027791448832908 0.1639230489994268
7 0.5575438607199535 0.43544337897607543 0.060963234250671135 0.14938809073383133
10 0.651902215519897 0.3303306497389907 0.05598771992920112 0.12051396655204791
10 0.7297832764382876 0.16521966283045572 0.05115205728587951 0.1156783039087261
10 0.7395936520479298 0.33823365265221217 0.048748211132033356 0.11566431874091138
10 0.642125200119493 0.5647545978263425 0.05840555125086247 0.12293179787370899