2 0.23557692307692307 0.28451842971160984 0.08653846153846154 0.20773773539636306
6 0.43990384615384615 0.06940048609412862 0.0625 0.13293879180335624
1 0.5012019230769231 0.2225333722396535 0.06009615384615385 0.1521415897517479
4 0.5913461538461539 0.16739791068895474 0.05048076923076923 0.11837585846839128
4 0.32211538461538464 0.3327903096998621 0.052884615384615384 0.11599998359692275
4 0.3954326923076923 0.5350621855873451 0.06009615384615385 0.12089158975174777
4 0.46153846153846156 0.660494898398884 0.0625 0.12572725334181784
3 0.5685096153846154 0.6508367147946189 0.06971153846153846 0.15706116718895055
3 0.765625 0.6365238388704243 0.07692307692307693 0.15954892718992972
11 0.6658653846153846 0.13888657016601813 0.0625 0.17861186872643314
12 0.8185096153846154 0.08302385527350162 0.06971153846153846 0.13542655180433524
8 0.8425480769230769 0.3002922193728024 0.07692307692307693 0.20762585026685265
9 0.7668269230769231 0.7879521609215433 0.08173076923076923 0.16441256206237725
7 0.5661057692307693 0.4261050706923812 0.0625 0.14976571488027937
10 0.6610576923076923 0.32283674350000413 0.057692307692307696 0.12326746462321644
10 0.7403846153846154 0.15845215272000462 0.052884615384615384 0.11599998359692275
10 0.7487980769230769 0.33263309938552915 0.05048076923076923 0.11837585846839128
10 0.6502403846153846 0.5561356911937803 0.06009615384615385 0.12329543590559393