2 0.22765374376712885 0.29086538461538464 0.08293349366284172 0.20673076923076922
6 0.427116232509951 0.07451923076923077 0.060865338075967626 0.13221153846153846
1 0.4916992211592062 0.22596153846153846 0.0585733732646399 0.15144230769230768
4 0.580326862575681 0.171875 0.04876219629984814 0.11778846153846154
4 0.3156738317388094 0.3389423076923077 0.05355590343972567 0.11538461538461539
4 0.3937716627583292 0.5408653846153846 0.05839156608304755 0.1201923076923077
4 0.4618065837923909 0.6658653846153846 0.060823382572523274 0.125
3 0.5687078117994708 0.6538461538461539 0.0682027430478393 0.15384615384615385
3 0.7657392854079667 0.6394230769230769 0.07544225184500747 0.15865384615384615
11 0.6546782713311342 0.14302884615384615 0.06113105626444884 0.1778846153846154
12 0.8057849349958868 0.08533653846153846 0.06809086170532087 0.1346153846153846
8 0.8346948234523567 0.30288461538461536 0.07572195520130319 0.20673076923076922
9 0.7702261202110681 0.7908653846153846 0.08027791448832935 0.16346153846153846
7 0.5613975758080794 0.43028846153846156 0.06096323425067127 0.14903846153846154
10 0.654546213592043 0.3269230769230769 0.05598771992920139 0.1201923076923077
10 0.7293093834428833 0.1622596153846154 0.05115205728587951 0.11538461538461539
10 0.7423285537108721 0.33413461538461536 0.048748211132033356 0.11538461538461539
10 0.6474893133316167 0.5600961538461539 0.05840555125086247 0.12259615384615384