2 0.2214310327816801 0.2886730072099986 0.08413629951524343 0.2076817928316079
6 0.4258855107599305 0.07347451800664069 0.0640384205307684 0.13293879180335624
1 0.48781125740587544 0.22685998775887806 0.059482469764474535 0.15451746462321644
4 0.5773829189516794 0.17380838674531107 0.04944751591342576 0.11834788718601366
4 0.30979992918524685 0.3389867908118162 0.05422723693874058 0.11599998359692275
4 0.3831714953116817 0.5417909631297878 0.059090871811188134 0.1208636184693703
4 0.4502126183714727 0.6687900677544726 0.061550660529789386 0.1256992820594401
3 0.5573236286295146 0.6580155590510455 0.06912582566223677 0.1570331959065728
3 0.7558227496572767 0.6446981898471981 0.07636533540615285 0.15952095590755194
11 0.6534397281863644 0.14584332829405186 0.06216602874209688 0.17858389744405556
12 0.8055533466557347 0.08991321139153344 0.06887408412083847 0.13539858052195763
8 0.8318680994467151 0.30779694370314165 0.07692476105370497 0.20759787898447504
9 0.7588542655339909 0.7973983631811841 0.0812289702786004 0.1643845907799995
7 0.5551312512241285 0.43320000110167484 0.06183037335356545 0.14973774359790176
10 0.6500980020075544 0.32972357342209385 0.056687025657341975 0.12083564718699268
10 0.7289371117734975 0.16595519291971572 0.05182339078489443 0.11597201231454513
10 0.7377404871346175 0.339157986767338 0.04941954463104828 0.1159440410321675
10 0.6389573404372761 0.5640006739337722 0.05911884309356562 0.12326746462321644