2 0.7716346153846154 0.28814308502239583 0.08653846153846154 0.20723423527210194
6 0.5673076923076923 0.0742139611427535 0.0625 0.13257515282472318
1 0.5060096153846154 0.22770349320963004 0.06009615384615385 0.15179193688767761
4 0.41586538461538464 0.17309251095503672 0.05048076923076923 0.11808215006257225
4 0.6850961538461539 0.3369184651349093 0.052884615384615384 0.11569228907654096
4 0.6117788461538461 0.539616917516558 0.06009615384615385 0.12054193688767761
4 0.5456730769230769 0.6654342484785741 0.0625 0.12536361436318472
3 0.4387019230769231 0.6563984469723542 0.06971153846153846 0.1566555698666292
3 0.24158653846153846 0.6432324324423101 0.07692307692307693 0.1591013715239196
11 0.34134615384615385 0.14501473998354725 0.0625 0.1782482297478001
12 0.18870192307692307 0.09004014336576922 0.06971153846153846 0.13502095448201368
8 0.16466346153846154 0.3074483686106982 0.07692307692307693 0.20717829460084272
9 0.23918269230769232 0.794660754966803 0.08173076923076923 0.16393703416724145
7 0.4411057692307692 0.4328547398324767 0.0625 0.14940207590164625
10 0.3449519230769231 0.32892994850450025 0.057692307692307696 0.12293179787370899
10 0.2668269230769231 0.16501389208898087 0.052884615384615384 0.11569228907654089
10 0.25841346153846156 0.33804186707855216 0.05048076923076923 0.11808215006257232
10 0.35697115384615385 0.5621729512666511 0.06009615384615385 0.12294578304152363