2 0.7759380402958255 0.28422052092007477 0.08533733981668781 0.2077097641139855
6 0.5740856905669721 0.06783409428098261 0.06328316939762857 0.13534263795720242
1 0.509488716749902 0.22242148711014303 0.05858735843245455 0.15451746462321644
4 0.4196661448404116 0.16818194866084182 0.04877618146766293 0.12075173333985981
4 0.686716029247222 0.33333238144496935 0.05355590343972567 0.11599998359692275
4 0.6086112056437947 0.5373524624810527 0.05839156608304755 0.1208636184693703
4 0.5393603763649951 0.6655534901826606 0.06322722872636942 0.12572725334181784
3 0.4312572252809922 0.6547929671204222 0.06823071338346888 0.15943704206041923
3 0.2330308211794807 0.6414755979165749 0.07784609799885349 0.15954892718992944
11 0.34411980559194266 0.1390149671326595 0.06353490241829499 0.17861186872643314
12 0.19181121885026706 0.08309883587132988 0.06809086170532087 0.13539858052195763
8 0.16288734522598236 0.3033724286955954 0.07812580135514942 0.20762585026685265
9 0.22733507071554884 0.7941757712505608 0.08027791448832922 0.1643845907799995
7 0.4385814464401985 0.4287615004529398 0.06338106557233221 0.15216956103412554
10 0.34423787816321905 0.3252990584145476 0.05840555125086233 0.12326746462321644
10 0.26948170089628615 0.16031476919405765 0.05115205728587951 0.11597201231454513
10 0.25645553804439003 0.3335315486828687 0.04876219629984814 0.11834788718601366
10 0.3512807932558305 0.560778082003149 0.058419536418677115 0.1256713107770626