2 0.22768171410275842 0.2956730769230769 0.08533733981668788 0.20673076923076922
6 0.4223225253700735 0.07692307692307693 0.06326918422981379 0.13221153846153846
1 0.48810044451234447 0.22716346153846154 0.06097721941848606 0.15144230769230768
4 0.5755191702679887 0.171875 0.0511660424536943 0.11778846153846154
4 0.3156948094905315 0.3425480769230769 0.05355590343972567 0.11538461538461539
4 0.39618250149608275 0.5420673076923077 0.0607954122368937 0.1201923076923077
4 0.46541235302316014 0.6658653846153846 0.06322722872636942 0.125
3 0.5722995958624252 0.6514423076923077 0.07062057436950024 0.15625
3 0.7681011760583683 0.6322115384615384 0.07784609799885363 0.15865384615384615
11 0.6498635864395346 0.14182692307692307 0.06353490241829499 0.1778846153846154
12 0.7985594113665335 0.0829326923076923 0.07049470785916703 0.1346153846153846
8 0.8310540913020504 0.296875 0.07812580135514935 0.20673076923076922
9 0.7761937800922389 0.7836538461538461 0.08268176064217524 0.16346153846153846
7 0.5613905832241719 0.42908653846153844 0.06336708040451743 0.14903846153846154
10 0.6521283822703821 0.3245192307692308 0.05839156608304755 0.1201923076923077
10 0.7244877059673763 0.15985576923076922 0.05115205728587951 0.11538461538461539
10 0.7399107223892111 0.3317307692307692 0.05115205728587951 0.11538461538461539
10 0.649872181733741 0.5564903846153846 0.06080939740470862 0.12259615384615384