2 0.7733338132741132 0.287578068823758 0.09015901729219504 0.20965206659376287
6 0.5653513715239197 0.07363656248659975 0.06328316939762857 0.13497899897856933
1 0.5049553379248971 0.22904126118895396 0.06099120458630084 0.15419578304152376
4 0.4132945178029103 0.1754861591043778 0.05118002762150908 0.12048599621641841
4 0.6858801245989319 0.33736737360284424 0.05595974959357182 0.11570627424435574
4 0.6137585487547893 0.5433227673750417 0.0607954122368937 0.12054193688767748
4 0.5483939934182043 0.6711112056437947 0.06322722872636942 0.12536361436318472
3 0.4389630527469451 0.6621321461639833 0.07303840569116118 0.15907340118829
3 0.2405758192155634 0.6512666917394733 0.08026392932051443 0.16151920284558066
11 0.3374125345268863 0.1482824611213131 0.06595273373995579 0.18066606106946106
12 0.18325171440489954 0.09509097339992162 0.07050869302698189 0.13742480063585985
8 0.1592839800606614 0.313987817661977 0.08054363267681036 0.20959612592250373
9 0.23906003121795683 0.8039249076765189 0.08269574580999016 0.16634088032108763
7 0.44005229312620037 0.4361566225346301 0.06578491172617837 0.15181990722330718
10 0.3432970847563179 0.33335064463183733 0.05840555125086233 0.12293179787370899
10 0.26181025460715823 0.1691556862151715 0.05355590343972567 0.11569228907654089
10 0.25441771031917687 0.3446854035332925 0.0511660424536943 0.11808215006257232
10 0.35668686197139876 0.5688576418696865 0.060823382572523274 0.1253496291953698