3 0.27526330350587797 0.6177884615384616 0.0761975077118872 0.14423076923076922
6 0.14767680195126334 0.7367788461538461 0.07854541130097811 0.13942307692307693
2 0.20243717738580652 0.36899038461538464 0.07927266464279589 0.20192307692307693
5 0.3956119794472046 0.29447115384615385 0.06462581746069815 0.18269230769230768
6 0.409156487171329 0.06009615384615385 0.05425520822111807 0.11778846153846154
9 0.40714339690545537 0.12980769230769232 0.05445100719776141 0.1346153846153846
9 0.5531050173823802 0.3942307692307692 0.06412233437790113 0.13942307692307693
4 0.4776101599911892 0.06490384615384616 0.0493076595015378 0.10576923076923077
4 0.3158523435587427 0.2283653846153846 0.049251716936782555 0.10096153846153846
4 0.33247032408314775 0.14302884615384615 0.049251716936782555 0.10096153846153846
4 0.29217582456056196 0.40384615384615385 0.054171294373985344 0.11057692307692307
4 0.28376152095678636 0.5072115384615384 0.0565751405278315 0.11057692307692307
4 0.3471261045145501 0.7427884615384616 0.06862234257943989 0.11298076923076923
4 0.47609886867748435 0.2980769230769231 0.04936360206629304 0.11057692307692307
8 0.8250752881555268 0.36538461538461536 0.07924469336041813 0.19951923076923078
12 0.7938557856338465 0.052884615384615384 0.06132689027076857 0.10576923076923077
12 0.7389110706679067 0.7463942307692307 0.0737656902756635 0.14182692307692307
7 0.8392737527542689 0.4879807692307692 0.06895799796797118 0.14182692307692307
11 0.8104852256034983 0.2764423076923077 0.06932162463887984 0.17307692307692307
9 0.6335516338197215 0.19471153846153846 0.06171848822405497 0.13942307692307693
9 0.8319075301743394 0.6045673076923077 0.07384960412279622 0.14903846153846154
10 0.5589896040616102 0.3016826923076923 0.046875842065314026 0.10336538461538461
10 0.7145148769157346 0.054086538461538464 0.04925171693678283 0.10096153846153846
10 0.7161486707388826 0.22355769230769232 0.05173947693776171 0.10817307692307693
10 0.7223524009695131 0.41346153846153844 0.054115351809230106 0.10576923076923077
10 0.7307929917250383 0.5144230769230769 0.0564912266806985 0.10336538461538461
10 0.7319940727366472 0.6177884615384616 0.058978986681677656 0.11057692307692307
10 0.5418935855408438 0.7379807692307693 0.059034929246432895 0.11538461538461539