3 0.27887871270024256 0.6141826923076923 0.07777617215977956 0.1466346153846154
6 0.15196354606476487 0.7367788461538461 0.08015204797799608 0.14182692307692307
2 0.19979733141522787 0.36538461538461536 0.08293349366284172 0.20673076923076922
5 0.39255254909299364 0.28846153846153844 0.06838455022943166 0.18509615384615385
6 0.39991173317173695 0.056490384615384616 0.055931779257942245 0.11057692307692307
9 0.39833221056381435 0.12139423076923077 0.058475477089936265 0.1346153846153846
9 0.5518419190272635 0.3858173076923077 0.0657149858871043 0.13942307692307693
4 0.46963026421718274 0.055288461538461536 0.04869227046077421 0.10576923076923077
4 0.3112063719771313 0.22235576923076922 0.05108213144680544 0.10336538461538461
4 0.3249309918646178 0.13581730769230768 0.0510681462789908 0.10096153846153846
4 0.2909476929119746 0.39903846153846156 0.053527933104095954 0.11057692307692307
4 0.2843297227274155 0.5036057692307693 0.0583356254117884 0.11057692307692307
4 0.3526707147431039 0.7391826923076923 0.06797898036280259 0.11538461538461539
4 0.4730744026629324 0.28966346153846156 0.05112408695024994 0.11057692307692307
8 0.8248812424221167 0.35096153846153844 0.08050167717336593 0.20192307692307693
12 0.7869869046122269 0.046875 0.060641575390930916 0.09375
12 0.7469224617255953 0.7355769230769231 0.07535834083811849 0.14423076923076922
7 0.8421898524335009 0.47475961538461536 0.07295449468427233 0.14423076923076922
11 0.8097736936312641 0.2620192307692308 0.07313630186586496 0.17548076923076922
9 0.6287448195537677 0.18269230769230768 0.06331113973325814 0.13942307692307693
9 0.8367038794867908 0.5913461538461539 0.07540029634156298 0.15144230769230768
10 0.5559931098028099 0.2920673076923077 0.04869227046077421 0.10576923076923077
10 0.7064580584583807 0.046875 0.05343003692939245 0.09375
10 0.7127186055085131 0.21033653846153846 0.05351394793628117 0.10817307692307693
10 0.7236190228525601 0.4026442307692308 0.05590380892231268 0.10576923076923077
10 0.7338489534966463 0.5036057692307693 0.05830765507615883 0.10576923076923077
10 0.7380552835883023 0.6069711538461539 0.06073947156563428 0.11057692307692307
10 0.5486331243689173 0.7307692307692307 0.060781427069078915 0.11778846153846154