3 0.28966346153846156 0.6144179220119599 0.07692307692307693 0.14512585026685265
6 0.16466346153846154 0.736064736387903 0.07692307692307693 0.1403181579591602
2 0.2091346153846154 0.370162652279302 0.07932692307692307 0.20524997539538412
5 0.39903846153846156 0.2910298440483941 0.0673076923076923 0.18347550359888062
6 0.4050480769230769 0.06019068507321931 0.052884615384615384 0.1184038297507689
9 0.4050480769230769 0.12749837738091163 0.055288461538461536 0.13285487795622344
9 0.5564903846153846 0.3853515712065069 0.0625 0.13774648411104862
4 0.4735576923076923 0.061797349679303656 0.04807692307692308 0.10632865641678291
4 0.3173076923076923 0.22827894457230968 0.05048076923076923 0.1015489353914682
4 0.33052884615384615 0.14278856405769438 0.04807692307692308 0.09911711795524443
4 0.3004807692307692 0.4027535897027991 0.052884615384615384 0.10878844513538428
4 0.2932692307692308 0.5050009650883934 0.057692307692307696 0.11124823385398568
4 0.3629807692307692 0.7361609517455966 0.0673076923076923 0.11376396513734204
4 0.47836538461538464 0.29251063788377923 0.05048076923076923 0.10876047385300666
8 0.8245192307692307 0.3485789270675576 0.07932692307692307 0.2004422830876918
12 0.7848557692307693 0.04729120097440795 0.06009615384615385 0.0945824019488159
12 0.75 0.7280518060520327 0.07211538461538461 0.14026221539440525
7 0.8425480769230769 0.4697633732189563 0.06971153846153846 0.14263809026587365
11 0.8088942307692307 0.26102035578762744 0.06971153846153846 0.17388809026587365
9 0.6310096153846154 0.18616715376049345 0.0625 0.13774648411104853
9 0.8377403846153846 0.5852039311683269 0.07451923076923077 0.14990557129216733
10 0.5588942307692307 0.2939774460779755 0.04807692307692308 0.10392481026293673
10 0.7079326923076923 0.04710980867161052 0.05048076923076923 0.09421961734322104
10 0.7139423076923077 0.2116444522107737 0.052884615384615384 0.10878844513538428
10 0.7259615384615384 0.40020651887580877 0.052884615384615384 0.10638459898153813
10 0.7355769230769231 0.49985424913091364 0.057692307692307696 0.10403669539244721
10 0.7403846153846154 0.60196176810462 0.057692307692307696 0.10884438770013952
10 0.5552884615384616 0.7255097876169265 0.057692307692307696 0.11605592616167798