3 0.29325764966686424 0.6177884615384616 0.07776218699196477 0.14423076923076922
6 0.16895690805760405 0.7379807692307693 0.07773421665633513 0.13942307692307693
2 0.21130231639590885 0.37259615384615385 0.08051566234118078 0.20432692307692307
5 0.40075863717968147 0.2956730769230769 0.06837056506161687 0.18269230769230768
6 0.4054256764540764 0.06490384615384616 0.05356988860754045 0.11778846153846154
9 0.4058172611528907 0.13221153846153846 0.05605764576827546 0.13221153846153846
9 0.5587699669691963 0.3918269230769231 0.06329715456544349 0.13701923076923078
4 0.4739492770065066 0.0673076923076923 0.04869227046077421 0.10576923076923077
4 0.3186572610018202 0.23197115384615385 0.05106814627899066 0.10096153846153846
4 0.3313819413905487 0.1466346153846154 0.048650314957329716 0.0985576923076923
4 0.30284426259146985 0.40625 0.05351394793628117 0.10817307692307693
4 0.29622709376206025 0.5084134615384616 0.0583356254117884 0.11057692307692307
4 0.3672882009177265 0.7403846153846154 0.06796499519498767 0.11298076923076923
4 0.48009954542441935 0.2980769230769231 0.05111010178243502 0.10817307692307693
8 0.8266030207736355 0.3581730769230769 0.080487692005551 0.19951923076923078
12 0.7851564503387873 0.051682692307692304 0.06069751606219006 0.10336538461538461
12 0.7542864539352352 0.7367788461538461 0.07292652434864276 0.13942307692307693
7 0.8453381179021288 0.4795673076923077 0.07053666336261152 0.14182692307692307
11 0.8104675621483953 0.2704326923076923 0.07071847054420388 0.17307692307692307
9 0.6321354213937064 0.1935096153846154 0.06329715456544321 0.13701923076923078
9 0.8412017136495467 0.5949519230769231 0.07538631117374833 0.14903846153846154
10 0.5606423767460803 0.3004807692307692 0.04867828529295929 0.10336538461538461
10 0.7082403659996179 0.052884615384615384 0.051054161111175875 0.0985576923076923
10 0.7152219505473615 0.21995192307692307 0.05351394793628117 0.10817307692307693
10 0.7283390169900539 0.40865384615384615 0.05349996276846652 0.10576923076923077
10 0.7385347860697526 0.5084134615384616 0.05829366990834418 0.10336538461538461
10 0.7439368480095738 0.6105769230769231 0.058321640243973474 0.10817307692307693
10 0.5595469451380671 0.7319711538461539 0.05836359574741797 0.11538461538461539