3 0.2727475722225214 0.6241451917568549 0.07862932514811104 0.14752969642069894
6 0.14513309938552915 0.7470079148509101 0.0809772287372019 0.14274997539538412
2 0.19391183071783452 0.3762981384346166 0.08413629951524343 0.2076817928316079
5 0.3871285897027991 0.29593543584440807 0.06946148105076808 0.18587934975272685
6 0.397081313837343 0.06033921843632983 0.05428317950349582 0.12067843687265967
9 0.39628413228958126 0.12878421430496753 0.05925869950545371 0.13528669539244723
9 0.5482553681511214 0.3914031435146888 0.06652618053174741 0.14017830154727223
4 0.46556295793958086 0.06188126352643648 0.0493076595015378 0.10632865641678292
4 0.30615304509622526 0.23198261329140052 0.05168353437300633 0.10395278154531436
4 0.3203671794667841 0.14649223277678522 0.051655563090628714 0.10154893539146824
4 0.286068309687625 0.4088750902169249 0.054171294373985344 0.11119229128923044
4 0.2776540060838494 0.5123243886794424 0.058978986681677656 0.11124823385398568
4 0.3470282050262285 0.7470621732850373 0.06865031386181751 0.1161678112911882
4 0.46764345021545645 0.2962003209616813 0.05176744822013919 0.11116432000685282
8 0.8190796584121002 0.3546025280933618 0.08167651079664204 0.20284612924153797
12 0.7842404010184618 0.04849312405133103 0.06132689027076857 0.09698624810266206
12 0.7400850224624522 0.7400850224624522 0.07619750771188741 0.14509787898447504
7 0.8368838922416114 0.4769749116804948 0.07379366155804098 0.14506990770209754
11 0.8044895958600716 0.26584203373650855 0.0741572882289499 0.1763199077020974
9 0.6251241866400712 0.188612956837906 0.06412233437790113 0.14015033026489476
9 0.8307056070974164 0.5948193157837115 0.07628142155902012 0.1523094174460135
10 0.5505481712407712 0.2976391578735 0.0493076595015378 0.1063286564167829
10 0.7048994923003499 0.048325717389722404 0.051655563090628985 0.09665143477944481
10 0.7089371322773441 0.21527819272392051 0.05414332309160786 0.10878844513538428
10 0.718732646097555 0.4062441055428017 0.05651919796307626 0.10641257026391561
10 0.7271592512118913 0.5082956819517528 0.05892304411692241 0.10644054154629337
10 0.7307641783773465 0.6116051240023823 0.06138283283552381 0.11127620513636316
10 0.5430395660530116 0.7363690522328006 0.06146674668265653 0.11848774359790162