3 0.71875 0.6171623344073934 0.07451923076923077 0.14466430943302774
6 0.8461538461538461 0.7368939329169623 0.07692307692307693 0.13987060229315035
2 0.7944711538461539 0.3676028671935595 0.07692307692307693 0.2047744484469965
5 0.6009615384615384 0.2919578304152376 0.06490384615384616 0.18547375337715336
6 0.5913461538461539 0.05993073589782456 0.052884615384615384 0.11328844292269474
9 0.5925480769230769 0.12604349771250117 0.055288461538461536 0.1349370434751249
9 0.4423076923076923 0.3907944247240764 0.0625 0.13978669128626164
4 0.5216346153846154 0.05952516603119546 0.04807692307692308 0.1060489341255267
4 0.6814903846153846 0.22511864122934094 0.04807692307692308 0.1012412418178344
4 0.6670673076923077 0.13969819176091372 0.04807692307692308 0.1012412418178344
4 0.7043269230769231 0.4019341926312738 0.052884615384615384 0.11088459676884864
4 0.7115384615384616 0.5053415327501029 0.057692307692307696 0.11091256710447822
4 0.6442307692307693 0.7417287942051346 0.0673076923076923 0.11577620008342968
4 0.5204326923076923 0.2950950965242111 0.04807692307692308 0.11085662643321893
8 0.16947115384615385 0.3603609543309432 0.07692307692307693 0.20237060229315035
12 0.20432692307692307 0.05046758541810385 0.057692307692307696 0.09889333633524743
12 0.2512019230769231 0.7442499115751077 0.07211538461538461 0.14224647811136693
7 0.15384615384615385 0.48286620458630086 0.0673076923076923 0.1446223539295835
11 0.18389423076923078 0.2703006345686012 0.0673076923076923 0.17346850777573736
9 0.3629807692307692 0.18961176034003427 0.06009615384615385 0.13977270611844686
9 0.15985576923076922 0.6006896290442995 0.07211538461538461 0.1494580165729054
10 0.4375 0.2970164543884468 0.04567307692307692 0.10603494895771191
10 0.28365384615384615 0.05092909595599214 0.052884615384615384 0.09886536599961783
10 0.2800480769230769 0.21797542589657765 0.052884615384615384 0.1084807506150025
10 0.27163461538461536 0.40903224703999513 0.052884615384615384 0.10607690446115633
10 0.2620192307692308 0.5111397679071974 0.057692307692307696 0.1061048747967859
10 0.25961538461538464 0.6144911673547673 0.057692307692307696 0.11091256710447822
10 0.4483173076923077 0.7357813107205365 0.057692307692307696 0.11812410556601668