3 0.7295557265899411 0.62201198221853 0.07777617215977929 0.1470821407546888
6 0.8576588311345271 0.742945503805022 0.07773421665633534 0.13987060229315035
2 0.8038154303994488 0.3712505919277731 0.07812580135514935 0.20717829460084267
5 0.6086703517356516 0.2955985625655438 0.06598070407558537 0.18547375337715336
6 0.5976984058422318 0.0623695449712077 0.055973734761386604 0.11811012039820186
9 0.5992849210340617 0.12848230678588432 0.056071630936090106 0.13493704347512495
9 0.44940195955310386 0.3956300873673983 0.06331113973325814 0.13978669128626164
4 0.5279938599646007 0.06316589818150167 0.04869227046077421 0.10604893412552671
4 0.6900095362676064 0.22876636596355457 0.05106814627899052 0.10125522698564918
4 0.6750899858871043 0.14334591649512735 0.04866430012514437 0.1012412418178344
4 0.7126720614866096 0.4055749247815801 0.05352793310409582 0.11088459676884864
4 0.7216938778250146 0.5101911805612396 0.058335625411788126 0.11091256710447822
4 0.6557707171309872 0.7477803650931946 0.06797898036280259 0.11577620008342968
4 0.5281624833335277 0.29873582867451737 0.04872024079640379 0.110856626433219
8 0.17518868341695734 0.3639877013134346 0.07809783101951985 0.20237060229315035
12 0.20822638083180303 0.05169048624674913 0.05827968474052912 0.10129718248909358
12 0.2603659951589245 0.7502874972953527 0.0729544946842724 0.1446503242652131
7 0.1602839195594194 0.4876948746457153 0.06814680237658009 0.1446223539295835
11 0.19028923962390246 0.273934374135 0.06832860955817252 0.1758723539295835
9 0.37010220545666095 0.19325249249034052 0.06331113973325814 0.13978669128626164
9 0.16697880816695976 0.6055182991037138 0.07298246501990203 0.1494580165729054
10 0.44525076877755754 0.3018591096156761 0.048692270460774074 0.10604893412552677
10 0.28875522698564915 0.05215898936854481 0.048664300125144506 0.1012412418178344
10 0.28493348900890003 0.22160217287906908 0.053527933104095954 0.11088459676884857
10 0.2776388408956222 0.41386091709940953 0.053499962768466455 0.10607690446115633
10 0.2698197489892895 0.5159754305505193 0.05830765507615876 0.1061048747967859
10 0.2680172650514796 0.6193268299980891 0.058335625411788335 0.11091256710447822
10 0.458627362179973 0.7418258890246888 0.058377580915232624 0.11812410556601668