3 0.28022483786664715 0.6062385352461759 0.08106114258433475 0.14949997207634974
6 0.14904655272245207 0.7232717977226384 0.08338107489104804 0.1423024187826261
2 0.2110324522597225 0.35461705713480884 0.08413629951524343 0.20720626493647223
5 0.4077850522695122 0.2836414636963302 0.06946148105076808 0.18548773854496814
6 0.42364949230035 0.05655492058085005 0.061354861553146185 0.10852270611844683
9 0.42174828716398677 0.11664408184309649 0.05925869950545371 0.13495102864293973
9 0.5652361332811213 0.3879298693874914 0.06652618053174741 0.13980067645407643
4 0.49337501640307724 0.05575856737055607 0.054115351809230106 0.10607690446115631
4 0.3280533876634279 0.21466334518991914 0.05408738052685248 0.10367305830731019
4 0.3458732912647561 0.12942470290308425 0.051655563090628714 0.10125522698564918
4 0.3019590368702122 0.3912061858194634 0.054171294373985344 0.11088459676884864
4 0.2911269014714017 0.495717552840512 0.05900695796405527 0.11331641325832437
4 0.35085774451601853 0.7340619364344659 0.06865031386181751 0.11577620008342968
4 0.4882579558586032 0.2889176591258182 0.05176744822013919 0.11087061160103386
8 0.8395682932845477 0.3642837939029936 0.0817044820790198 0.20478843361481142
12 0.8143024635827276 0.05642366419690832 0.05875521642265697 0.09168179787370895
12 0.7461505804118229 0.7483817273092307 0.07619750771188741 0.14466430943302802
7 0.8513489260882547 0.48815878924905187 0.07379366155804098 0.1446503242652131
11 0.8273820768863652 0.2752645677877045 0.0741572882289499 0.17590032426521315
9 0.6505044276673438 0.18769120383094803 0.06655415181412504 0.14220452260792257
9 0.8427667947902134 0.605905295284069 0.07628142155902012 0.15187584789456648
10 0.5723366286784634 0.2942148323070284 0.0493076595015378 0.1060489341255267
10 0.733801588711259 0.05355131492126648 0.05154367796111851 0.09163984237026458
10 0.733087478945316 0.2182217690436354 0.054171294373985344 0.11088459676884857
10 0.7356574686627997 0.41055743168695735 0.05651919796307626 0.10609088962897112
10 0.7416662419821011 0.5139647718057863 0.05892304411692241 0.1061048747967859
10 0.741665399916787 0.6173371490050783 0.06138283283552381 0.11092655227229314
10 0.547987114772592 0.7340067971183563 0.06146674668265666 0.11813809073383161