3 0.72117241984012 0.625019880098387 0.08019400348144036 0.14996151385692258
6 0.8466610993584885 0.7490845262693653 0.08255589413184229 0.1427779466777616
2 0.8031487308627978 0.37715884113495995 0.08293349366284165 0.2076817928316079
5 0.6112955565090863 0.2967961385447514 0.06838455022943166 0.1858793497527268
6 0.6066285172346914 0.06595697956957663 0.05834961057960305 0.11365208000783181
9 0.6062649028715067 0.12845697956957663 0.058475477089936265 0.13528669539244717
9 0.44846954182797166 0.3922638462150322 0.0657149858871043 0.14017830154727223
4 0.535736033447952 0.061526057508667985 0.04869227046077421 0.10632865641678292
4 0.6934109178547624 0.23164139291482086 0.053485977600651595 0.10398075282769198
4 0.6806862374660338 0.14615101240020556 0.05106814627899052 0.1015489353914682
4 0.710411854174221 0.4085338698403452 0.05352793310409609 0.11119229128923044
4 0.7170150378358158 0.5131850913797857 0.05834961057960305 0.11365208000783183
4 0.6447240372675969 0.7491387847034925 0.06797898036280259 0.1161678112911882
4 0.5295577946944097 0.2970470380208358 0.05112408695024994 0.11116432000685282
8 0.1746338652228246 0.3542193507932157 0.08051566234118078 0.20524997539538412
12 0.21727536615068838 0.04940640105517347 0.060641575390930916 0.09444928205944018
12 0.2481034070507962 0.7421196769573412 0.07535834083811863 0.1450978789844753
7 0.15588478292651645 0.4778076430984605 0.0729544946842724 0.1450699077020974
11 0.19197124692498774 0.2666747651544743 0.07313630186586483 0.1763199077020975
9 0.3751320577390912 0.18827173646132633 0.06572897105491922 0.14258214770111846
9 0.16000720201128374 0.5956520472016773 0.07540029634156298 0.1523094174460135
10 0.44661111721890256 0.29848587493265455 0.04869227046077421 0.1063286564167829
10 0.2978042123045345 0.050343439014823306 0.05343003692939245 0.09436536821230736
10 0.28963468984768254 0.214922986706152 0.05352793310409602 0.11119229128923044
10 0.27649664565326804 0.4070908226019563 0.05590380892231261 0.10641257026391575
10 0.2650849683288315 0.5091284133697186 0.05830765507615876 0.10644054154629337
10 0.2596759138051029 0.612437855420348 0.06073947156563449 0.1112762051363633
10 0.447657600739564 0.7384316780100671 0.060781427069078776 0.11848774359790162