3 0.7210749846985975 0.6129807692307693 0.08106114258433468 0.14903846153846154
6 0.8499053662537016 0.7355769230769231 0.08338107489104811 0.14182692307692307
2 0.7998967405620956 0.3629807692307692 0.08413629951524343 0.20673076923076922
5 0.6054640728590192 0.28365384615384615 0.06946148105076808 0.18509615384615385
6 0.5967971856485311 0.055288461538461536 0.05654716924545374 0.10817307692307693
9 0.598726362067272 0.11778846153846154 0.05925869950545371 0.1346153846153846
9 0.44556718876999757 0.38341346153846156 0.06652618053174741 0.13942307692307693
4 0.527057675904615 0.052884615384615384 0.05171150565538395 0.10576923076923077
4 0.6876555261837048 0.21995192307692307 0.05408738052685235 0.10336538461538461
4 0.6722114974538453 0.13221153846153846 0.051655563090628714 0.10096153846153846
4 0.7089421846692283 0.39663461538461536 0.054171294373985344 0.11057692307692307
4 0.7149666277603465 0.5012019230769231 0.05900695796405513 0.11298076923076923
4 0.6480102606130024 0.7379807692307693 0.06865031386181751 0.11538461538461539
4 0.5249771836287395 0.28725961538461536 0.05176744822013919 0.11057692307692307
8 0.17112314363706077 0.3485576923076923 0.08170448207901966 0.20432692307692307
12 0.20845016103167807 0.04447115384615385 0.06113109129412537 0.0889423076923077
12 0.2513336883048206 0.734375 0.07619750771188727 0.14423076923076922
7 0.15333289544873832 0.4723557692307692 0.07379366155804104 0.14423076923076922
11 0.18569922054790047 0.25841346153846156 0.07415728822894997 0.17548076923076922
9 0.3674824615629359 0.18028846153846154 0.06655415181412504 0.14182692307692307
9 0.16071310366985644 0.5901442307692307 0.07628142155902005 0.15144230769230768
10 0.44085655388531286 0.28846153846153844 0.0493076595015378 0.10576923076923077
10 0.28897900718552416 0.04447115384615385 0.053919552832586835 0.0889423076923077
10 0.28246759284873996 0.20793269230769232 0.054171294373985344 0.11057692307692307
10 0.2726860646697178 0.40024038461538464 0.05651919796307626 0.10576923076923077
10 0.2642454739141927 0.5012019230769231 0.05892304411692241 0.10576923076923077
10 0.2594386236718144 0.6045673076923077 0.06138283283552381 0.11057692307692307
10 0.4507969765092961 0.7295673076923077 0.06146674668265653 0.11778846153846154