6 0.14777470143958496 0.7274563487074228 0.0809492574548243 0.13988458746096527
2 0.1879013732679051 0.48084534783706273 0.09858734772069798 0.20969402209720725
5 0.40044764303727454 0.2897177994994219 0.06937756720363521 0.17827620008342968
9 0.498433608186854 0.13170646970990696 0.0688461128384607 0.13260312316035275
4 0.4836337610169934 0.06088391176224158 0.051655563090628714 0.10125522698564919
4 0.2994013486632892 0.40087510704065904 0.056631083092586736 0.11570627424435574
4 0.3267255938158056 0.22164172431706516 0.058895072834544794 0.10370102864293976
4 0.48203855585615574 0.3012615345629496 0.05173947693776157 0.10846676544718771
4 0.3667501558292339 0.5002361451425527 0.059034929246432895 0.11572025941217053
3 0.5566828153307717 0.39336907869986043 0.06412233437790126 0.13978669128626164
9 0.83066365017385 0.6032992459396204 0.08106114258433468 0.14949997207634988
11 0.6384004409856663 0.2907371140396032 0.07169749951034851 0.17107864678970605
8 0.7288375281545478 0.36833067766264094 0.08164853951426455 0.19998074130711913
10 0.7283323609411227 0.6183166924948261 0.06141080411790129 0.11333039842613903
12 0.7328315270773474 0.7480894218829814 0.07373771899328574 0.13984263195752078
12 0.8009973958894409 0.05425275776501718 0.06616255386083864 0.10850551553003436
10 0.7240743189663641 0.055063496820700664 0.0565751405278315 0.11012699364140133
10 0.5625394307276242 0.303196877595 0.06132689027076857 0.1061188599646007
10 0.7149327620207706 0.2205850427918986 0.05182339078489443 0.1156783039087261
7 0.5530893476105632 0.5989049174376139 0.07144575796895006 0.14944403140509074
10 0.5394477824634312 0.7383979201997648 0.061494717965034286 0.12054193688767775