6 0.14783653846153846 0.7211538461538461 0.08173076923076923 0.14182692307692307
2 0.18629807692307693 0.46875 0.0985576923076923 0.21153846153846154
5 0.39903846153846156 0.2776442307692308 0.0673076923076923 0.18028846153846154
9 0.49759615384615385 0.11778846153846154 0.06971153846153846 0.1346153846153846
4 0.4831730769230769 0.04927884615384615 0.05048076923076923 0.0985576923076923
4 0.29927884615384615 0.3894230769230769 0.055288461538461536 0.11778846153846154
4 0.3233173076923077 0.20793269230769232 0.06009615384615385 0.10576923076923077
4 0.4831730769230769 0.28966346153846156 0.05048076923076923 0.10817307692307693
4 0.36778846153846156 0.49038461538461536 0.057692307692307696 0.11538461538461539
3 0.5600961538461539 0.38341346153846156 0.06490384615384616 0.14182692307692307
9 0.8413461538461539 0.5985576923076923 0.07932692307692307 0.15144230769230768
11 0.6418269230769231 0.2800480769230769 0.06971153846153846 0.17307692307692307
8 0.734375 0.359375 0.08173076923076923 0.20192307692307693
10 0.7367788461538461 0.6129807692307693 0.06009615384615385 0.11538461538461539
12 0.7427884615384616 0.7451923076923077 0.07451923076923077 0.14182692307692307
12 0.8052884615384616 0.05048076923076923 0.06490384615384616 0.09134615384615384
10 0.7271634615384616 0.05048076923076923 0.057692307692307696 0.09375
10 0.5649038461538461 0.2920673076923077 0.06009615384615385 0.10817307692307693
10 0.71875 0.2091346153846154 0.05048076923076923 0.11538461538461539
7 0.5576923076923077 0.5925480769230769 0.07211538461538461 0.15144230769230768
10 0.546875 0.7331730769230769 0.0625 0.12259615384615384