6 0.15678522354027197 0.7362490759192996 0.07772023148852035 0.13791431180531405
2 0.19308146505596527 0.48905850566762116 0.09254887827822635 0.20779367796111822
5 0.40094503287973293 0.29675249749055693 0.06353490241829499 0.17861186872643314
9 0.49441613087858644 0.13917554570824864 0.06807687653750623 0.13299473436811146
4 0.4791967007452156 0.06928219391125574 0.048664300125144506 0.1015209641090906
4 0.30173003768474527 0.40858644414384426 0.0535559034397256 0.11599998359692275
4 0.324406548071563 0.22975164722370425 0.058293669908343906 0.10403669539244721
4 0.48261286885533566 0.3085208287837033 0.048692270460774074 0.1063286564167829
4 0.3708681842658771 0.5079553036404871 0.05595974959357182 0.11602795487930037
3 0.5590045094014503 0.40076206366594047 0.06331113973325814 0.14015033026489476
9 0.8378498618924547 0.6107514872937011 0.07779015732759421 0.14993354257454497
11 0.6389327946944097 0.298319731369017 0.0683006392225428 0.17145627282964987
8 0.7298314231704899 0.376305717022443 0.0780698606838902 0.19801046565146804
10 0.7355815115953822 0.6275915539464989 0.05834961057960305 0.11365208000783183
12 0.7432467666557522 0.7562952226655898 0.07052267819479688 0.14023424411202748
12 0.7965603337241671 0.0633590185697153 0.06312933255166578 0.1089003302648947
10 0.7196302642171829 0.06366586061055493 0.05352793310409582 0.11119229128923044
10 0.5619327993483514 0.3106458041790873 0.05830765507615883 0.10644054154629337
10 0.713864587914177 0.22827337958426125 0.048748211132033356 0.1159440410321675
7 0.5590037080463008 0.6075068185378986 0.06817477271220973 0.14982165744503462
10 0.5497860993584885 0.7456300728957308 0.05839156608304755 0.1208636184693703