6 0.17083281343335205 0.7386669077143346 0.07854541130097818 0.1403181579591602
2 0.20279355493803888 0.4902744143857331 0.09375168413062805 0.20779367796111822
5 0.4072446646550331 0.2967664831317457 0.0645698748959429 0.17861186872643314
9 0.49914856001811103 0.13920351699062625 0.06887408412083833 0.13539858052195763
4 0.4826984071879717 0.06810824211671028 0.049251716936782555 0.10152096410909062
4 0.31001560826027724 0.40980235286195615 0.05422723693874058 0.11599998359692275
4 0.329552377466572 0.22976563286489304 0.05892304411692241 0.10644054154629337
4 0.4903172133746135 0.30975072314300395 0.0493076595015378 0.1063286564167829
4 0.38207589237622064 0.5091851979997879 0.056631083092586736 0.11602795487930037
3 0.5683031990280395 0.4019919580252412 0.06412233437790113 0.14015033026489476
9 0.8531746380306255 0.6132112760123024 0.07865729643048852 0.1499335425745451
11 0.6464133713215366 0.2983477026513946 0.06932162463888011 0.1738601189834961
8 0.7410724379988088 0.3775635826641213 0.07924469336041813 0.2004143118053142
10 0.7500050523918843 0.6288354339469884 0.059034929246432895 0.11605592616167798
12 0.7599289631787366 0.7587410257430024 0.07373771899328574 0.14026221539440525
12 0.8011101230842653 0.06340097549328172 0.06373073642461471 0.10649648411104856
10 0.7242010318023773 0.06370781753412134 0.054171294373985344 0.11119229128923044
10 0.5708460595284597 0.3106877611026538 0.05892304411692241 0.10644054154629337
10 0.721309372337551 0.22831533650782768 0.04941954463104828 0.1159440410321675
7 0.5731125754663599 0.608750698538388 0.06904191181510391 0.14982165744503462
10 0.5651195252288765 0.7480618903319546 0.061494717965034286 0.12089158975174777