6 0.16275288342144295 0.7396425343362948 0.0801380628101813 0.14034612924153797
2 0.1954643334580892 0.48807698458846277 0.09737055575373343 0.21025346667971961
5 0.39974310980280986 0.28739610353524725 0.06835657989380195 0.18107165744503462
9 0.49201927730864775 0.12647742557412894 0.06809086170532087 0.13539858052195763
4 0.4756049166822611 0.05575976301231067 0.05106814627899066 0.10154893539146823
4 0.3029109830099461 0.40510149329189005 0.055973734761386604 0.11843180103314652
4 0.3231906398268251 0.22458926149440758 0.05830765507615883 0.10644054154629337
4 0.48261986143924307 0.29604647890860447 0.05111010178243502 0.10876047385300666
4 0.3744599683288315 0.501618124051331 0.05836359574741797 0.11605592616167798
3 0.5602134250622808 0.386483566077486 0.0657149858871043 0.14017830154727223
9 0.8450893706896229 0.5862799834745508 0.08019400348144064 0.14996151385692258
11 0.6401556955230548 0.2797912829897942 0.07071847054420388 0.1738880902658737
8 0.7334581701529814 0.3556234799001444 0.08290552332721209 0.20287410052391558
10 0.7428210203925503 0.6054976091294452 0.060767441901264124 0.1160838974440556
12 0.7528831290228589 0.7351794306664383 0.07534435567030383 0.14269403283062915
12 0.7929685496612127 0.04726322969203034 0.06790905452372852 0.09452645938406068
10 0.7160384801542283 0.048884722004617534 0.05830765507615883 0.09776944400923507
10 0.5631487075930892 0.2951094409489546 0.060725486397819634 0.10887235898251707
10 0.7138925582498066 0.2068227742618926 0.05115205728587951 0.11597201231454513
7 0.5650203160148236 0.5931444071023113 0.07298246501990203 0.14987760000978986
10 0.556997637820027 0.7326513978725209 0.06319925839073985 0.12091956103412553