6 0.16156494551233466 0.7391826923076923 0.0801380628101813 0.13942307692307693
2 0.19426940296507353 0.4891826923076923 0.09737055575373343 0.2091346153846154
5 0.3985551718937016 0.28966346153846156 0.06835657989380195 0.18028846153846154
9 0.4908313393995395 0.12980769230769232 0.06809086170532087 0.1346153846153846
4 0.47441697877315286 0.05889423076923077 0.05106814627899066 0.10096153846153846
4 0.3017230451008378 0.40625 0.055973734761386604 0.11778846153846154
4 0.3208007788407938 0.22596153846153846 0.05830765507615869 0.10576923076923077
4 0.48142493094622735 0.3004807692307692 0.05111010178243502 0.10817307692307693
4 0.3732720304197233 0.5036057692307693 0.05836359574741797 0.11538461538461539
3 0.5590254871531725 0.390625 0.0657149858871043 0.13942307692307693
9 0.8439014327805144 0.59375 0.08019400348144064 0.14903846153846154
11 0.6377588419531162 0.2860576923076923 0.07071847054420388 0.17307692307692307
8 0.7322702322438731 0.36177884615384615 0.08290552332721209 0.20192307692307693
10 0.741633082483442 0.6117788461538461 0.060767441901264124 0.11538461538461539
12 0.7516951911137506 0.7415865384615384 0.07534435567030383 0.14182692307692307
12 0.7929755422451201 0.05048076923076923 0.06789506935591359 0.10096153846153846
10 0.7160384801542283 0.052884615384615384 0.06311534738385113 0.10576923076923077
10 0.5619537771000735 0.3004807692307692 0.060725486397819634 0.10817307692307693
10 0.7127046203406983 0.2127403846153846 0.05115205728587951 0.11538461538461539
7 0.5638253855218079 0.5985576923076923 0.07298246501990203 0.14903846153846154
10 0.5558096999109187 0.7367788461538461 0.06319925839073985 0.1201923076923077