6 0.15929956793877503 0.7325733784825865 0.0801380628101813 0.14034612924153797
2 0.19632063411538947 0.4854247651544743 0.09737055575373343 0.21025346667971961
5 0.4055383591517442 0.2955645600548226 0.06835657989380195 0.18107165744503456
9 0.5007761768137212 0.13923148827300388 0.06809086170532087 0.13539858052195763
4 0.4859405374401078 0.0681501990402767 0.05106814627899066 0.1015489353914682
4 0.3052271309935938 0.4061686123488093 0.055973734761386604 0.11843180103314652
4 0.3294186280228687 0.22617384927531262 0.05830765507615869 0.10644054154629337
4 0.4885479698824179 0.309750723143004 0.05111010178243502 0.10876047385300666
4 0.37551905391944634 0.5067393949223753 0.05836359574741797 0.11605592616167798
3 0.5648075526894414 0.40317989546097555 0.0657149858871043 0.14017830154727223
9 0.8436894708102816 0.6191509631909737 0.08019400348144064 0.14996151385692258
11 0.6459369597041744 0.30076553444642956 0.07071847054420388 0.1738880902658737
8 0.7377446240882166 0.3811553662537017 0.08290552332721209 0.20287410052391558
10 0.7404079972017859 0.6323712749718136 0.060767441901264124 0.11608389744405546
12 0.7471798042323077 0.763450818562373 0.07534435567030383 0.14269403283062887
12 0.8044291750730009 0.06825062472454044 0.06553317870551194 0.10892830154727232
10 0.727506098149924 0.06735554368845699 0.055931779257941974 0.11122026257160805
10 0.5690838086201715 0.31188968417957685 0.060725486397819634 0.10887235898251714
10 0.7212525436836992 0.2319350913797857 0.05115205728587951 0.11597201231454513
7 0.5648083540445908 0.609896679050556 0.07298246501990203 0.14987760000978972
10 0.5523983399316952 0.7491659139205561 0.06319925839073985 0.12091956103412553