6 0.8497596153846154 0.7310416944743303 0.08173076923076923 0.14277794667776186
2 0.8112980769230769 0.48059415395628863 0.09615384615384616 0.2126573128335658
5 0.5985576923076923 0.28701292623510116 0.0673076923076923 0.18107165744503448
9 0.5024038461538461 0.1272402287861507 0.06971153846153846 0.13542655180433522
4 0.5168269230769231 0.0576965180188779 0.052884615384615384 0.10398075282769198
4 0.6995192307692307 0.3999665662488068 0.055288461538461536 0.11843180103314652
4 0.6754807692307693 0.2193983918865692 0.057692307692307696 0.10644054154629337
4 0.515625 0.2980671477623045 0.05048076923076923 0.10876047385300666
4 0.6310096153846154 0.5001309231625835 0.057692307692307696 0.11605592616167798
3 0.43990384615384615 0.3909360523674098 0.06490384615384616 0.1425821477011184
9 0.15985576923076922 0.6016197056627262 0.07932692307692307 0.15236536001076872
11 0.3581730769230769 0.28661964415118657 0.06971153846153846 0.17388809026587365
8 0.2668269230769231 0.36488365849776055 0.08173076923076923 0.20287410052391558
10 0.2644230769230769 0.6172595333692291 0.06009615384615385 0.11608389744405546
12 0.25841346153846156 0.7494011436248236 0.07451923076923077 0.14269403283062887
12 0.19591346153846154 0.05516427489839038 0.06490384615384616 0.09690907077804155
10 0.27283653846153844 0.05605935593447382 0.057692307692307696 0.09922900308475488
10 0.43509615384615385 0.2995339559565008 0.06009615384615385 0.10887235898251714
10 0.28125 0.2148111015766416 0.05048076923076923 0.11597201231454513
7 0.4411057692307692 0.5988827303162909 0.07211538461538461 0.152281446163636
10 0.453125 0.7396475867281789 0.0625 0.12091956103412553