6 0.14713487600535036 0.7386224245948261 0.07773421665633513 0.1403181579591602
2 0.18344510268885844 0.4882168410003508 0.09256286344604113 0.21019752411496453
5 0.3937195092503797 0.28986987789503743 0.06593874857214115 0.17863984000881078
9 0.48840651549397107 0.12772130557461844 0.06809086170532087 0.13539858052195763
4 0.4731940779445076 0.05698965737161135 0.048664300125144506 0.1015209641090906
4 0.2932955983945615 0.4052133784214004 0.05355590343972567 0.11599998359692275
4 0.31718801702611715 0.22345726662342857 0.05830765507615869 0.10644054154629337
4 0.47658926830290543 0.29972217634531767 0.048706255628588865 0.10873250257062904
4 0.3636356680526164 0.5029459178989533 0.05836359574741797 0.11605592616167798
3 0.5529739162651127 0.39137517223231116 0.06331113973325814 0.14015033026489476
9 0.8366129758959946 0.59719519065518 0.07779015732759448 0.1499335425745451
11 0.6341111172189025 0.2858708265803536 0.06831462439035746 0.17386011898349601
8 0.727413591848829 0.3617030234907039 0.07809783101951978 0.20281815795916033
10 0.7319477720289834 0.6152388645155291 0.05836359574741797 0.11605592616167798
12 0.7396060345054458 0.7449486573348998 0.07292652434864302 0.14026221539440525
12 0.7929545644933979 0.049653090204687694 0.06312933255166578 0.09930618040937539
10 0.7160244949864136 0.051281575337869284 0.055931779257941974 0.10256315067573857
10 0.5571111218728443 0.2999870614625909 0.05830765507615883 0.10644054154629337
10 0.7102518260995002 0.21287434657007437 0.048748211132033356 0.1159440410321675
7 0.554168045402979 0.5992798932576259 0.06817477271220959 0.14982165744503462
10 0.5449434441312593 0.7388008696690245 0.0607954122368937 0.12089158975174777