6 0.8451116595871982 0.7270448398864388 0.0809492574548242 0.14034612924153797
2 0.8109666318611157 0.4786103896342707 0.09858734772069784 0.21025346667971961
5 0.6055479867061521 0.283858578379794 0.06937756720363535 0.1786678112911884
9 0.5135436656588104 0.12505173223818503 0.0688461128384607 0.13299473436811146
4 0.5295594215467828 0.05514439480000331 0.051655563090628714 0.10154893539146823
4 0.7030444544141233 0.3981243424693051 0.056631083092586736 0.11602795487930023
4 0.6829317477231455 0.21924758862559865 0.05889507283454493 0.10403669539244721
4 0.5239291026048932 0.29442498659601724 0.05173947693776157 0.10876047385300666
4 0.6320619067350317 0.4963192501714025 0.059034929246432895 0.11605592616167798
3 0.44685302569405355 0.38547828404252027 0.06412233437790113 0.14015033026489476
9 0.1643468441830033 0.5907159579273435 0.08106114258433475 0.14996151385692258
11 0.36751127491062757 0.2818200430274848 0.07169749951034851 0.17148424411202756
8 0.27464237030552224 0.3586320768863653 0.08164853951426441 0.2004422830876918
10 0.2667340759804857 0.6087579476570646 0.061410804117901424 0.11368005129020932
12 0.25739924625419114 0.7362876645816099 0.07373771899328588 0.14026221539440525
12 0.21454369026342623 0.05063376921853203 0.06851045744992941 0.10126753843706406
10 0.291480752827692 0.05136018049503578 0.05892304411692241 0.10272036099007156
10 0.443400256451047 0.29536202455566707 0.06132689027076857 0.106468512828671
10 0.2933548287469917 0.2105577825246172 0.05182339078489443 0.11597201231454513
7 0.44324894059391234 0.5922789814792335 0.07144575796895006 0.1498496287274121
10 0.4520688277921632 0.7304162214782546 0.061494717965034286 0.12089158975174777