6 0.1555763078794415 0.7374370133550339 0.08015204797799608 0.14274997539538412
2 0.18707184967134988 0.4889885774616772 0.08293349366284172 0.2076817928316079
4 0.4791967007452156 0.06928219391125576 0.04628842430692792 0.1063006851344053
3 0.5590045094014503 0.40076206366594047 0.06811883204095046 0.14020627282965
8 0.7334162146495371 0.37995344317677865 0.07812580135514935 0.20762585026685265
11 0.64014171035524 0.2971317939332827 0.06839853539724644 0.18828319590657294
5 0.4009520254636404 0.29555057441363386 0.0683425947259873 0.1786678112911884
4 0.3357133366373886 0.14574290260978812 0.04872024079640379 0.11113634872447523
4 0.32562944890020823 0.22615986363412383 0.0511240869502498 0.11116432000685282
4 0.2993261915308991 0.4085584728614666 0.053499962768466455 0.10638459898153813
4 0.373251052668001 0.5115890441536339 0.06319925839073985 0.12091956103412553
4 0.4838497548517957 0.30252519904027675 0.05355590343972567 0.11599998359692275
9 0.49443011604640125 0.1367716995544025 0.06817477271220959 0.14982165744503456
9 0.8366409462316242 0.6119394247294353 0.07781812766322378 0.15474123488223712
12 0.7420448435788292 0.756281237024401 0.0874055419429791 0.1500454277040553
12 0.7965533411402598 0.06456094164663838 0.06554716387332658 0.11133214770111846
7 0.5602126237071313 0.6063188811021643 0.06817477271220973 0.14982165744503462
10 0.5631557001769966 0.307054020589507 0.05347199243283681 0.10157690667384582
10 0.7184423263080745 0.06124802881551998 0.051054161111175875 0.09914508923762207
10 0.7175053200644831 0.22230572112321229 0.05355590343972567 0.11599998359692275
10 0.7379993429170432 0.6252156790750304 0.06318527322292493 0.11851571488027937
10 0.547375260620735 0.7468040246902763 0.060767441901264124 0.11608389744405546