6 0.16662998032673929 0.7502579242494244 0.082569879299657 0.14470626493647223
2 0.19640454512227826 0.4964703478370627 0.08294747883065651 0.20961011109031838
4 0.4895672844225993 0.06325978758045814 0.04872024079640379 0.110856626433219
3 0.574457900224363 0.3993157608293092 0.07055064853042617 0.14463633909739831
8 0.7522096565147378 0.37544431994947575 0.07813978652296427 0.2095821407546888
11 0.6555733220712813 0.29307103435437537 0.06842650573287602 0.1926992770065066
5 0.41279185311672706 0.2956854593805929 0.06837056506161687 0.18308389239112197
4 0.34459610265279517 0.14343281331017643 0.04872024079640379 0.110856626433219
4 0.3342542906661906 0.22522651579611222 0.05352793310409609 0.11088459676884857
4 0.3101047491403601 0.41287336005816755 0.05351394793628117 0.1084807506150025
4 0.3876291882794733 0.5157912193034787 0.06319925839073985 0.1205559220554924
4 0.49695443883697205 0.3000036708147673 0.05598771992920139 0.12051396655204798
9 0.5055908617053209 0.13167849937427734 0.06820274304783916 0.15423773854496814
9 0.8605443642228343 0.6091969799817174 0.0778321128310387 0.15669752537007356
12 0.7664595215504287 0.7587878556488634 0.0874055419429791 0.14954192757979412
12 0.8140305745205709 0.053613337015064946 0.06314331771948044 0.10722667403012989
7 0.578085448562004 0.6096383141230329 0.0682027430478393 0.15423773854496814
10 0.5787061858194634 0.3031339443398334 0.055889823754497754 0.1036870434751249
10 0.7334947357828171 0.051022985354948605 0.05347199243283667 0.10126921215346397
10 0.7344457271942234 0.21448452381648708 0.053583873775355235 0.12049998138423326
10 0.7596667367681846 0.6242074339530158 0.06319925839073985 0.1205559220554924
10 0.5668913426938461 0.7515351630390299 0.06318527322292493 0.11815207590164625