6 0.15745192307692307 0.735862817661977 0.07932692307692307 0.14228843361481142
2 0.1875 0.4880918492181382 0.08173076923076923 0.20720626493647223
4 0.47716346153846156 0.06332971341953213 0.04567307692307692 0.1060349489577119
3 0.5588942307692307 0.39338306386767524 0.0673076923076923 0.1398146616218912
8 0.7331730769230769 0.369532600739564 0.07692307692307693 0.20717829460084267
11 0.6394230769230769 0.28834725305357184 0.0673076923076923 0.18789158469881428
5 0.40024038461538464 0.2909407003280672 0.0673076923076923 0.17827620008342968
4 0.33413461538461536 0.14228683090451252 0.04807692307692308 0.110856626433219
4 0.3245192307692308 0.22287161772961786 0.05048076923076923 0.11087061160103379
4 0.3004807692307692 0.4057037771000735 0.052884615384615384 0.10607690446115633
4 0.375 0.5074336984362764 0.0625 0.1205559220554924
4 0.4831730769230769 0.29646782742307204 0.052884615384615384 0.11569228907654089
9 0.49278846153846156 0.13054650213642827 0.0673076923076923 0.14943004623727582
9 0.8377403846153846 0.5984915536319281 0.07692307692307693 0.15429367921622728
12 0.7439903846153846 0.7444696674843974 0.08653846153846154 0.14954192757979412
12 0.7956730769230769 0.05426674293283197 0.0625 0.10853348586566394
7 0.5612980769230769 0.5988979248537066 0.0673076923076923 0.14943004623727582
10 0.5637019230769231 0.2984031704551225 0.052884615384615384 0.10126921215346403
10 0.7163461538461539 0.05112088152965218 0.05048076923076923 0.09885138083180302
10 0.7163461538461539 0.2121785738373445 0.052884615384615384 0.11569228907654096
10 0.7391826923076923 0.6134880224354116 0.0625 0.11815207590164625
10 0.5492788461538461 0.7383909276158575 0.06009615384615385 0.11573424457998545