6 0.1709586842040513 0.7475961538461539 0.08340904617342566 0.14423076923076922
2 0.19927169955440252 0.4951923076923077 0.08413629951524343 0.20673076923076922
4 0.4875480564192304 0.06610576923076923 0.04936360206629304 0.11057692307692307
3 0.5743827426185989 0.4014423076923077 0.06895799796797118 0.14182692307692307
8 0.752001630820627 0.3786057692307692 0.07932860720755112 0.20673076923076922
11 0.6548827754247534 0.2956730769230769 0.06954539489790079 0.19230769230769232
5 0.41331022260440375 0.296875 0.06943350976839045 0.18269230769230768
4 0.3442403395069222 0.14543269230769232 0.04936360206629304 0.11057692307692307
4 0.3343740554154531 0.22716346153846154 0.05176744822013919 0.11057692307692307
4 0.3112874595431443 0.41225961538461536 0.05414332309160773 0.10817307692307693
4 0.38941330160845833 0.515625 0.06389856411888044 0.1201923076923077
4 0.4975147661949632 0.30288461538461536 0.05428317950349582 0.1201923076923077
9 0.5051721610439153 0.1346153846153846 0.06909785437985914 0.15384615384615385
9 0.8604840759804856 0.6117788461538461 0.07871323899524404 0.15384615384615385
12 0.7672523867697856 0.7596153846153846 0.08827268104587314 0.14903846153846154
12 0.8107534789820275 0.056490384615384616 0.06378667898936996 0.11057692307692307
7 0.5792200903392969 0.6105769230769231 0.06906988309748154 0.15144230769230768
10 0.5780715836311869 0.30528846153846156 0.05649122668069864 0.10336538461538461
10 0.7302106471869927 0.055288461538461536 0.05405940924447487 0.10096153846153846
10 0.7321126943886699 0.21875 0.05425520822111834 0.11778846153846154
10 0.760892288290136 0.6262019230769231 0.06389856411888044 0.1201923076923077
10 0.5700530883072681 0.7524038461538461 0.0638426215541252 0.11538461538461539