6 0.1447659927710412 0.734375 0.08498771062131795 0.1466346153846154
2 0.17989527412934841 0.4807692307692308 0.08776915630616368 0.21153846153846154
4 0.4852482716332754 0.056490384615384616 0.04872024079640379 0.11057692307692307
3 0.5614083555552966 0.3942307692307692 0.07295449468427233 0.14423076923076922
8 0.7394118448663375 0.3737980769230769 0.0829614639984715 0.21153846153846154
11 0.6461583183237629 0.28846153846153844 0.07323419804056833 0.19230769230769232
5 0.4021819188761931 0.2860576923076923 0.07317825736930918 0.18269230769230768
4 0.33816613087858644 0.13341346153846154 0.051138072118064586 0.11298076923076923
4 0.32567839698756 0.21394230769230768 0.053541918271910745 0.11298076923076923
4 0.29695031571268254 0.40024038461538464 0.05591779409012732 0.10817307692307693
4 0.3708541990980623 0.5060096153846154 0.0656170897124008 0.12259615384615384
4 0.48747650183428715 0.2932692307692308 0.05839156608304755 0.1201923076923077
9 0.500481686934461 0.12379807692307693 0.07060658920168546 0.15384615384615385
9 0.8401977673750416 0.6105769230769231 0.08024994415269979 0.15865384615384615
12 0.7419819103236625 0.7584134615384616 0.0898233732646399 0.15144230769230768
12 0.808565579325583 0.056490384615384616 0.06790905452372852 0.10336538461538461
7 0.5577808072176557 0.6045673076923077 0.07301043535553162 0.15384615384615385
10 0.5679773776525037 0.2980769230769231 0.058293669908343906 0.10336538461538461
10 0.7304685496612126 0.051682692307692304 0.05584786825105353 0.09615384615384616
10 0.7259257741868521 0.2127403846153846 0.05598771992920139 0.1201923076923077
10 0.740361233567445 0.6237980769230769 0.06560310454458601 0.1201923076923077
10 0.5437345284704288 0.7463942307692307 0.06318527322292507 0.11778846153846154