6 0.15985576923076922 0.7434466287396494 0.08173076923076923 0.14518179283160804
2 0.18629807692307693 0.4949562359227261 0.08413461538461539 0.2077097641139855
4 0.4675480769230769 0.0691423374993677 0.04807692307692308 0.10873250257062908
3 0.5540865384615384 0.3994762267418847 0.06971153846153846 0.14263809026587365
8 0.7283653846153846 0.3762637600988766 0.07932692307692307 0.20765382154923026
11 0.6334134615384616 0.29463004829111494 0.06971153846153846 0.19071501334279678
5 0.3954326923076923 0.29666858364342413 0.06971153846153846 0.17869578257356603
4 0.3269230769230769 0.14803486363412383 0.05048076923076923 0.11116432000685282
4 0.3173076923076923 0.22965374773538264 0.052884615384615384 0.11119229128923044
4 0.296875 0.4121082995274807 0.055288461538461536 0.10881641641776191
4 0.37259615384615385 0.5139509333839137 0.0625 0.12091956103412553
4 0.47836538461538464 0.30244128519314384 0.055288461538461536 0.11843180103314652
9 0.4855769230769231 0.13665981442489208 0.06971153846153846 0.15225347488125832
9 0.8377403846153846 0.6059018380624424 0.07932692307692307 0.1547692061646149
12 0.7475961538461539 0.7514875303578974 0.0889423076923077 0.15007339898643307
12 0.7860576923076923 0.06323314779901607 0.0673076923076923 0.10895627282964991
7 0.5600961538461539 0.6050750011016748 0.06971153846153846 0.1498496287274121
10 0.5576923076923077 0.30576818366545105 0.055288461538461536 0.10160487795622344
10 0.7055288461538461 0.05748841753167392 0.052884615384615384 0.09917306051999966
10 0.7091346153846154 0.21858806676293263 0.052884615384615384 0.1184038297507689
10 0.7403846153846154 0.6215959242030723 0.06490384615384616 0.11854368616265686
10 0.5516826923076923 0.7456021016133533 0.0625 0.11611186872643323