6 0.1566943199494758 0.7490629937564086 0.082569879299657 0.14470626493647223
2 0.18459807767842973 0.4977072338335228 0.08775517113834883 0.2096380814259481
4 0.47197816969976975 0.06215576067823865 0.048706255628588865 0.10845278027937286
3 0.557781608572805 0.39457799436069085 0.07294050951645768 0.14224647811136693
8 0.7334092220656296 0.3683166924948261 0.08294747883065658 0.20961011109031838
11 0.6377308716174865 0.28714532997664877 0.07083035188672217 0.1927132621743214
5 0.3973182858972416 0.29335153906582073 0.07316427220149425 0.1807080165729054
4 0.32847382784022044 0.14471864739398826 0.05112408695024994 0.11087061160103383
4 0.31957787801214843 0.22770028778903237 0.05352793310409609 0.11088459676884864
4 0.2968733972897012 0.4117203850685963 0.05591779409012732 0.10849473578281728
4 0.3732021045806492 0.5134363212369843 0.06319925839073985 0.1205559220554924
4 0.48142493094622735 0.2976697504999951 0.055973734761386604 0.11811012039820189
9 0.48840651549397107 0.13056747988815046 0.07059260403387067 0.1518478775589368
9 0.8426435690323323 0.5984426055445762 0.08023595898488486 0.15671151053788834
12 0.7504373273655685 0.7468105803830769 0.0898233732646399 0.1519597589014552
12 0.794156487570321 0.05186988936289321 0.06553317870551194 0.10373977872578642
7 0.5637834300183636 0.6024687311649388 0.07059260403387067 0.1518478775589369
10 0.5607378688553356 0.29961208611595297 0.058293669908343906 0.10370102864293976
10 0.7124466960912739 0.047883424986745485 0.05345800726502203 0.09576684997349097
10 0.7151014739106369 0.20977472768349836 0.055973734761386465 0.11811012039820189
10 0.7427930500569206 0.6146479900088904 0.06560310454458601 0.12056990722330706
10 0.5533429205019059 0.744351594913121 0.06318527322292493 0.11815207590164625