6 0.8389423076923077 0.7416596697212102 0.07932692307692307 0.14228843361481142
2 0.8088942307692307 0.49388870127737133 0.08173076923076923 0.20720626493647223
4 0.5192307692307693 0.06912656547876526 0.04567307692307692 0.10603494895771191
3 0.4387019230769231 0.3991869085108158 0.0673076923076923 0.1398146616218912
8 0.2644230769230769 0.37533644538270455 0.07692307692307693 0.20717829460084267
11 0.3581730769230769 0.2941510976967124 0.0673076923076923 0.18789158469881428
5 0.5961538461538461 0.2967375523873003 0.0673076923076923 0.17827620008342968
4 0.6622596153846154 0.1480836829637457 0.04807692307692308 0.110856626433219
4 0.6730769230769231 0.2286754623727584 0.05048076923076923 0.11087061160103379
4 0.6971153846153846 0.41150762174321404 0.052884615384615384 0.10607690446115633
4 0.6225961538461539 0.5132375430794169 0.0625 0.1205559220554924
4 0.5132211538461539 0.30226467948230523 0.052884615384615384 0.11569228907654089
9 0.5036057692307693 0.1363433541956614 0.0673076923076923 0.14943004623727582
9 0.15865384615384615 0.6042884056911612 0.07692307692307693 0.15429367921622728
12 0.25240384615384615 0.7502665195436306 0.08653846153846154 0.14954192757979412
12 0.20192307692307693 0.05766513871182752 0.0625 0.11334438359395395
7 0.4362980769230769 0.6047017694968471 0.0673076923076923 0.14943004623727582
10 0.4338942307692308 0.3042070150982631 0.052884615384615384 0.10126921215346396
10 0.28125 0.05692472617279273 0.05048076923076923 0.09885138083180303
10 0.28125 0.21798241848048505 0.052884615384615384 0.11569228907654096
10 0.25721153846153844 0.6192848744946448 0.0625 0.11815207590164625
10 0.44711538461538464 0.7441877796750906 0.06009615384615385 0.11573424457998545