6 0.8548948718968485 0.7512019230769231 0.08340904617342587 0.14423076923076922
2 0.8218958246829339 0.49759615384615385 0.08416427079762091 0.2091346153846154
4 0.5212019025730765 0.06610576923076923 0.04936360206629304 0.11057692307692307
3 0.44218518979824917 0.4026442307692308 0.07138981540419483 0.14423076923076922
8 0.2628329241541235 0.3798076923076923 0.07935657848992875 0.2091346153846154
11 0.35802176106594213 0.296875 0.06954539489790079 0.19230769230769232
5 0.6020261313225156 0.2980769230769231 0.06943350976839045 0.18269230769230768
4 0.6675576471992298 0.14543269230769232 0.04936360206629304 0.11057692307692307
4 0.6793259784923762 0.22716346153846154 0.054171294373985344 0.11057692307692307
4 0.7055462000562911 0.41466346153846156 0.05414332309160786 0.10817307692307693
4 0.6310278113523744 0.5180288461538461 0.06389856411888044 0.1201923076923077
4 0.5167455354257324 0.30288461538461536 0.056687025657341975 0.1201923076923077
9 0.5051721610439153 0.1346153846153846 0.06909785437985914 0.15384615384615385
9 0.15979089341670946 0.6141826923076923 0.07874121027762139 0.15625
12 0.25647703600104416 0.7632211538461539 0.08827268104587321 0.14903846153846154
12 0.19657078667433533 0.056490384615384616 0.06378667898936996 0.11057692307692307
7 0.44102690777552067 0.6129807692307693 0.06909785437985914 0.15384615384615385
10 0.4362586461954526 0.30649038461538464 0.05649122668069864 0.10336538461538461
10 0.2770856471869927 0.055288461538461536 0.05405940924447487 0.10096153846153846
10 0.27898769438866994 0.21875 0.05428317950349575 0.1201923076923077
10 0.25971833649559045 0.6286057692307693 0.06389856411888037 0.1201923076923077
10 0.4546964442050303 0.7548076923076923 0.06387059283650268 0.11778846153846154