6 0.8480084835996056 0.7221532337316137 0.08015204797799615 0.14274997539538412
2 0.8165129418076972 0.4737047978382568 0.08293349366284165 0.2076817928316079
4 0.5231721824890936 0.052980409709651906 0.046302409474742706 0.10596081941930381
3 0.4433713664167662 0.38429034660678596 0.06811883204095046 0.14020627282965
8 0.26775773809175646 0.36349571175881285 0.07812580135514942 0.20762585026685265
11 0.3622341654629765 0.28066007687412814 0.06841252056506122 0.19068704206041923
5 0.6014238503545761 0.27907885735447924 0.0683425947259873 0.17866781129118847
4 0.6666555465969206 0.12806926247371048 0.04872024079640379 0.11113634872447523
4 0.677941357411024 0.20847223785685737 0.05112408695024994 0.11116432000685282
4 0.7030496842873174 0.3920867558023121 0.05349996276846652 0.10638459898153813
4 0.6291318157341229 0.4963192501714025 0.06319925839073985 0.12091956103412553
4 0.5185261209664209 0.2860534819811221 0.05356988860754031 0.1184038297507689
9 0.5079387671879079 0.11909805941832484 0.06817477271220973 0.14982165744503456
9 0.16333807601665357 0.5966976020295814 0.07781812766322392 0.15474123488223726
12 0.25794117125335614 0.7422413374014701 0.08740554194297896 0.1500454277040553
12 0.20342568110801812 0.050682718962692844 0.06310136221603621 0.10136543792538569
7 0.44217723727889996 0.5922510101968559 0.06817477271220959 0.14982165744503462
10 0.43801125998038953 0.2893943660946181 0.05347199243283695 0.10157690667384582
10 0.28273162643321903 0.04658745229031548 0.053444022097207236 0.09317490458063096
10 0.28366863267681036 0.2058479897052465 0.05355590343972567 0.11599998359692275
10 0.26318160240815774 0.6099598707339877 0.06318527322292507 0.11851571488027937
10 0.4538056847044659 0.7315482163492336 0.060767441901264124 0.11608389744405546