2 0.7716346153846154 0.30977770040701125 0.09375 0.20968003692939247
3 0.6442307692307693 0.77898840958975 0.0889423076923077 0.16638283582453212
6 0.6694711538461539 0.1685583307748824 0.06490384615384616 0.13980067645407643
4 0.7007211538461539 0.5509516764180131 0.0625 0.11815207590164625
4 0.5204326923076923 0.35158548113959576 0.055288461538461536 0.11811012039820189
1 0.5348557692307693 0.5451790075310998 0.0625 0.1518059220554924
1 0.35697115384615385 0.14871141280511266 0.07211538461538461 0.16147724734213623
8 0.1778846153846154 0.3916599024182949 0.09375 0.21448772923708476
10 0.3401442307692308 0.5440462089381014 0.06009615384615385 0.12294578304152363
9 0.19951923076923078 0.1417857689286281 0.07451923076923077 0.16870277097148947
7 0.5108173076923077 0.07268338662218272 0.0673076923076923 0.1398146616218912
7 0.14302884615384615 0.6390532713311342 0.07692307692307693 0.15669752537007342