2 0.22858662867846335 0.2922149533095125 0.0986153190030756 0.2120978682510534
3 0.3359731414337111 0.7736414869660386 0.09090029745874026 0.16878668197837826
6 0.339555991773987 0.15583204767585496 0.06655415181412504 0.14220452260792257
4 0.2882195722347586 0.538972798441928 0.06387059283650275 0.11815207590164625
4 0.48037510662000216 0.3465680113146815 0.05665905437496422 0.11811012039820176
1 0.4564888030039894 0.5399517601889637 0.06429016207216684 0.15420976820933857
1 0.6557736461342666 0.14805571262811607 0.07642127797090809 0.16389507866379718
8 0.8258856132791633 0.40387033701847375 0.09867126156783083 0.2169055605587457
10 0.6535062881310524 0.5495120054882385 0.06152268924741177 0.12294578304152377
9 0.8144274922881128 0.14897873370389264 0.07650519181804108 0.17110661712533565
7 0.5016346358884619 0.0690286693040617 0.0640384205307684 0.13257515282472318
7 0.8482169845272767 0.6540171812805291 0.078769181559999 0.1591013715239196