2 0.7673801385607569 0.3016826923076923 0.09254887827822628 0.20673076923076922
3 0.6523257773300882 0.7716346153846154 0.08748945294986754 0.16346153846153846
6 0.662015676303006 0.16466346153846154 0.060907293579411985 0.13942307692307693
4 0.7038818017722979 0.5432692307692307 0.060767441901264124 0.11538461538461539
4 0.5188547724100686 0.3485576923076923 0.05355590343972567 0.11538461538461539
1 0.537995439405191 0.5396634615384616 0.06096323425067127 0.14903846153846154
1 0.3518356114499632 0.1502403846153846 0.07063455953731516 0.15865384615384615
8 0.17899024499713373 0.39663461538461536 0.09257684861385598 0.21153846153846154
10 0.34451379435620527 0.5444711538461539 0.05839156608304755 0.1201923076923077
9 0.19556463369824104 0.1466346153846154 0.07308036119460554 0.1658653846153846
7 0.5040113390973983 0.06971153846153846 0.060907293579411985 0.13942307692307693
7 0.15037564777507345 0.6430288461538461 0.07301043535553162 0.15384615384615385