2 0.765625 0.2972284163586796 0.09134615384615384 0.2072622056077315
3 0.6478365384615384 0.7678656126585277 0.08653846153846154 0.16396500450287105
6 0.6610576923076923 0.1608175403893925 0.06009615384615385 0.13977270611844686
4 0.7007211538461539 0.5391925543512176 0.06009615384615385 0.11573424457998531
4 0.5168269230769231 0.34555088122751104 0.052884615384615384 0.11569228907654096
1 0.5348557692307693 0.5365517616996693 0.06009615384615385 0.14938809073383147
1 0.35096153846153844 0.14819855011442432 0.06971153846153846 0.15905941602047527
8 0.17668269230769232 0.39560670555022787 0.09134615384615384 0.21206989791542383
10 0.34134615384615385 0.5424852600164527 0.057692307692307696 0.12052795171986283
9 0.19471153846153846 0.14550181679161686 0.07211538461538461 0.16628493964982852
7 0.5036057692307693 0.068333999431781 0.06009615384615385 0.136667998863562
7 0.1466346153846154 0.6421757509171435 0.07211538461538461 0.1542657088805977