2 0.2308646040616103 0.30031913844574964 0.09375168413062805 0.2072622056077315
3 0.3431846798952496 0.7695857882997477 0.08844050874013885 0.1639650045028713
6 0.3370262748494416 0.16269155287657522 0.06171848822405511 0.13977270611844686
4 0.2929573363365069 0.5415280773762886 0.06143877540027905 0.11573424457998531
4 0.47911724097832387 0.34574667357691824 0.05422723693874058 0.11569228907654096
1 0.4588646778754579 0.5369573315662984 0.06183037335356545 0.14938809073383133
1 0.647290256389861 0.14646438930538958 0.07155764309846055 0.15905941602047521
8 0.8187020461000025 0.39184469540804756 0.09380762669538328 0.21206989791542383
10 0.6523183506953181 0.5406392178648995 0.059090871811188134 0.12052795171986283
9 0.8035822133134274 0.14194958416665854 0.07404540309943942 0.16628493964982854
7 0.49558306358028015 0.0683549771835032 0.06171848822405511 0.1367099543670064
7 0.8458830665793747 0.6380641115795934 0.07390554668755146 0.1542657088805977