2 0.22857264303727456 0.2947665364417468 0.09380762669538328 0.2126013702688106
3 0.3431986655364384 0.7745304851760118 0.0884964513048941 0.16927619693482454
6 0.33596420818440653 0.1565741959432846 0.06412233437790126 0.1401503302648947
4 0.29181135582433904 0.5419299774763618 0.0614667466826566 0.11848774359790162
4 0.4804030779023798 0.3469823672452418 0.05425520822111807 0.1184038297507689
1 0.4601225435171362 0.540282198012025 0.06188631591832069 0.15454543590559405
1 0.6522238194682526 0.14703126572978611 0.07401743181706194 0.16430067693286668
8 0.8259974984086736 0.3990871549845402 0.09383559797776105 0.2150052164226567
10 0.6571819855677656 0.5473835354746812 0.05911884309356562 0.12326746462321644
9 0.8109196225456652 0.14527160113593898 0.07407337438181717 0.169108369240559
7 0.4980428522988815 0.07070788724719969 0.06641429540223694 0.1305629169318877
7 0.8531365619644795 0.6494367960142604 0.07633736412377537 0.1571171097537058