2 0.22658227571899808 0.30649038461538464 0.09739852608936307 0.21394230769230768
3 0.35241198913853017 0.7836538461538461 0.08992126943934355 0.16826923076923078
6 0.3307797778193631 0.16346153846153846 0.06572897105491922 0.14182692307692307
4 0.29606925014035035 0.5516826923076923 0.06319925839073985 0.1201923076923077
4 0.48113823500602404 0.34975961538461536 0.055973734761386604 0.11778846153846154
1 0.46557536690604123 0.5456730769230769 0.06579889689399301 0.15384615384615385
1 0.6493942819625894 0.14543269230769232 0.0754842073484517 0.1658653846153846
8 0.8294441942930499 0.39302884615384615 0.09741251125717773 0.21634615384615385
10 0.6638856820144414 0.546875 0.060823382572523274 0.125
9 0.809292006696803 0.13822115384615385 0.07551217768408126 0.17067307692307693
7 0.4923898842557398 0.06850961538461539 0.06570100071928965 0.13701923076923078
7 0.862838513487173 0.6442307692307693 0.07784609799885363 0.15865384615384615