2 0.23669745850265544 0.30288461538461536 0.09375168413062805 0.20673076923076922
3 0.36119818574642876 0.7764423076923077 0.08844050874013885 0.16346153846153846
6 0.3396564174582507 0.16466346153846154 0.06412233437790113 0.13942307692307693
4 0.30442640417663996 0.5456730769230769 0.06143877540027905 0.11538461538461539
4 0.4872568841502076 0.35096153846153844 0.05422723693874058 0.11538461538461539
1 0.47146574058657004 0.5432692307692307 0.06185834463594307 0.15144230769230768
1 0.6520025754051739 0.15144230769230768 0.0715856143808383 0.16105769230769232
8 0.8303643867208367 0.39903846153846156 0.09380762669538328 0.21153846153846154
10 0.6662332216128638 0.5480769230769231 0.059090871811187856 0.1201923076923077
9 0.8094125415585306 0.14783653846153846 0.07404540309943942 0.1658653846153846
7 0.49721938359937023 0.07091346153846154 0.06412233437790113 0.13942307692307693
7 0.8632935057288071 0.6466346153846154 0.07390554668755146 0.15384615384615385