2 0.22893957785094068 0.30793174772314547 0.09496670959988734 0.210225495397342
3 0.35907752431257955 0.7793661487660817 0.08990728427152862 0.16690032206335614
6 0.33148683014915975 0.16850951286538254 0.0657149858871043 0.14017830154727232
4 0.3012585487547893 0.5503434390148233 0.063185273222925 0.11851571488027937
4 0.4803932339485301 0.3541239775008362 0.055973734761386604 0.11843180103314652
1 0.4682978861114674 0.5474797508323748 0.06338106557233221 0.15216956103412554
1 0.6438819413905488 0.15411693342062535 0.07305239085897597 0.16189683077902056
8 0.8243879743852891 0.4001911785731417 0.09499467993551693 0.21503318770503446
10 0.6630094245730057 0.5497454247049609 0.06080939740470862 0.12329543590559393
9 0.8012989015479348 0.14993943703174326 0.07549819251626662 0.1691363405229366
7 0.4883863390973983 0.07538970878419275 0.0657149858871043 0.14017830154727232
7 0.8606842159009823 0.6481929160137708 0.0778321128310387 0.15714508103608354