2 0.765625 0.28796614656273206 0.09375 0.2102254953973421
3 0.6550480769230769 0.7652143640136404 0.0889423076923077 0.16690032206335614
6 0.6574519230769231 0.1534075465774167 0.06490384615384616 0.14017830154727232
4 0.7043269230769231 0.5326697988787457 0.0625 0.11851571488027937
4 0.5168269230769231 0.34374578967342984 0.055288461538461536 0.11843180103314652
1 0.5372596153846154 0.5346138030039894 0.0625 0.15216956103412554
1 0.3449519230769231 0.1486303517480441 0.07211538461538461 0.16189683077902053
8 0.17427884615384615 0.4018182358737773 0.09375 0.21503318770503446
10 0.3425480769230769 0.5452929384150371 0.06009615384615385 0.12329543590559407
9 0.1875 0.14926054766685432 0.07451923076923077 0.1691363405229366
7 0.49759615384615385 0.06700531689150495 0.06490384615384616 0.1340106337830099
7 0.14783653846153846 0.6497220738260848 0.07692307692307693 0.15714508103608354