6 0.8502319056697207 0.7451923076923077 0.07292652434864302 0.13942307692307693
2 0.7357143706896229 0.5961538461538461 0.08779712664179311 0.21634615384615385
5 0.6149223034915777 0.2860576923076923 0.07071847054420388 0.17307692307692307
4 0.6982325953302695 0.22115384615384615 0.048706255628588865 0.10817307692307693
4 0.6401059460805537 0.5024038461538461 0.05115205728587951 0.11538461538461539
4 0.5331425861734567 0.29447115384615385 0.05112408695024994 0.11057692307692307
3 0.45567408770560264 0.38822115384615385 0.07535834083811849 0.14423076923076922
11 0.376969504596438 0.28125 0.06839853539724644 0.1875
8 0.2828069421459015 0.35216346153846156 0.07331810904745711 0.20673076923076922
10 0.4514258021105022 0.2920673076923077 0.0583356254117884 0.11057692307692307
10 0.3838531929694782 0.1310096153846154 0.05351394793628117 0.10817307692307693
10 0.3014029889513964 0.04807692307692308 0.04863632978951493 0.09615384615384616
10 0.2693332539239319 0.6021634615384616 0.06324121389418422 0.12740384615384615
12 0.20439604756084767 0.19471153846153846 0.063255199061999 0.12980769230769232
12 0.6556322485507007 0.7259615384615384 0.07542826667719255 0.15625