6 0.8552829553163105 0.7378377121320235 0.07291253918082784 0.13743878580367463
2 0.7402471677719156 0.5918673922186111 0.0877691563061638 0.21204192757979426
5 0.6170698281062984 0.28608325857787364 0.06831462439035746 0.17346850777573736
4 0.698422997806068 0.2207039167183244 0.04628842430692806 0.10603494895771191
4 0.6435548926571999 0.49987872200812594 0.05115205728587951 0.11567830390872604
4 0.5353880069628809 0.29497221582203825 0.05111010178243502 0.10846676544718771
3 0.46020528207759676 0.38796082553128125 0.07294050951645768 0.14224647811136693
11 0.3814649346937457 0.2826461127160314 0.06837056506161687 0.18308389239112197
8 0.2893224276372979 0.35289608013843954 0.07331810904745711 0.2071503242652131
10 0.4548451756412199 0.29303687278998775 0.0583356254117884 0.11091256710447822
10 0.38660746967384374 0.13357268825803287 0.05349996276846652 0.10607690446115631
10 0.30438022698564915 0.049666133205557336 0.048664300125144506 0.09933226641111467
10 0.27874366915299115 0.6005621598236673 0.06322722872636942 0.12536361436318472
12 0.21028839172933608 0.19710059809242042 0.063255199061999 0.130171306670877
12 0.6616614585891768 0.7197327489103456 0.07301043535553148 0.1542657088805977