6 0.8477791114285227 0.7635215888336311 0.07292652434864302 0.14026221539440525
2 0.7320666459554092 0.6119245970229324 0.09020097279563927 0.21738109129412536
5 0.6100936334321632 0.29678215290356263 0.07073245571201867 0.1762919364197198
4 0.6946128409316855 0.23165537855600965 0.04872024079640379 0.1111363487244752
4 0.6352632908533243 0.5158398370097163 0.05356988860754031 0.1184038297507689
4 0.5271119930371191 0.3042306051999967 0.05112408695024994 0.11116432000685282
3 0.44843457890843463 0.39827346159964755 0.07776218699196463 0.14512585026685265
11 0.3685350653062543 0.28916334671692073 0.06839853539724644 0.18828319590657308
8 0.27436551027181044 0.3601878513195787 0.07334607938308668 0.21237760000978972
10 0.44418629331333415 0.30206367288104613 0.0583356254117884 0.11124823385398568
10 0.37542574626320185 0.1377909672305571 0.05352793310409609 0.11119229128923044
10 0.2929825348290275 0.052691342603914254 0.048650314957329716 0.09911711795524446
10 0.26087783688202604 0.6124518410615368 0.06565904521584515 0.13056291693188762
12 0.19476667777764822 0.19939504412915962 0.06565904521584515 0.1305629169318877
12 0.6507826007395641 0.7407952513709748 0.07784609799885335 0.15954892718992944