6 0.15337386356104846 0.7443252272877903 0.07292652434864283 0.13984263195752078
2 0.26789139854114646 0.5946154776942186 0.08779712664179325 0.2168496198874864
5 0.38868346573919155 0.2838060802895101 0.07071847054420388 0.17348249294355214
4 0.30537317390049973 0.2193847224252744 0.048706255628588865 0.10845278027937286
4 0.36470174622713863 0.5002990783977193 0.05115205728587951 0.11567830390872604
4 0.4716651061342357 0.2917370535383611 0.05112408695024994 0.11087061160103386
3 0.5479316815251666 0.3850465207521951 0.07535834083811849 0.14466430943302802
11 0.6278381877112543 0.27760686378424554 0.06839853539724644 0.18789158469881428
8 0.7207988270848678 0.3479818963618374 0.07331810904745704 0.2071503242652131
10 0.5533818901971901 0.2888577116788119 0.0583356254117884 0.11091256710447822
10 0.6209544993382141 0.12740144208839788 0.05351394793628117 0.10848075061500245
10 0.7022027802793729 0.046105014415036775 0.04863632978951507 0.09221002883007355
10 0.7342725153068373 0.5979119705227635 0.06324121389418408 0.12776746051703086
12 0.7992097216699215 0.19006846274702602 0.063255199061999 0.130171306670877
12 0.3491754437569916 0.7239546668801152 0.07542826667719255 0.1566835402022585