6 0.15898141035838692 0.7503278500884983 0.07373771899328588 0.13984263195752078
2 0.26779614264552076 0.59824222467671 0.09386356926013853 0.21687759022311612
5 0.38197630875727095 0.2874607976076311 0.0741572882289499 0.1759003242652131
4 0.2970864687484601 0.2230464323273028 0.04933563078391542 0.10845278027937286
4 0.3628591087866402 0.503932817964118 0.054255208221118206 0.1180961352303871
4 0.4649789292709073 0.29298792470263596 0.054171294373985344 0.11088459676884857
3 0.5441668380012563 0.3838795605948089 0.07860135386573329 0.14467829460084267
11 0.6210331302942641 0.2752519657177511 0.07189329848699198 0.18790556986662907
8 0.7156082831244035 0.34562000571143564 0.07935657848992861 0.2095821407546888
10 0.54666774157811 0.2889066597661637 0.058978986681677656 0.11091256710447815
10 0.610871463607202 0.12506052918971833 0.05414332309160773 0.10848075061500242
10 0.6892613487244752 0.04615396250238856 0.05640731283356578 0.09230792500477712
10 0.7341283108504857 0.5943271790437163 0.06638632411985959 0.12778144568484565
12 0.7906712697693694 0.1853167111105929 0.0664142954022368 0.13018529183869182
12 0.352225298560415 0.7263655056178687 0.078769181559999 0.1591013715239196