6 0.15653560728097438 0.7467360660255439 0.07370974771090825 0.13743878580367463
2 0.26899806572244384 0.5982352320928026 0.0890279056700686 0.21444577373364027
5 0.3879999097830751 0.2886277577650172 0.06932162463888011 0.17346850777573736
4 0.3043119928511874 0.2242063999007815 0.04690381334769164 0.10603494895771191
4 0.36526295494048633 0.5039188327963033 0.05182339078489443 0.11567830390872604
4 0.4698285785021659 0.2965657235977756 0.05176744822013919 0.11087061160103379
3 0.5478425354379696 0.3898681982277022 0.07619750771188713 0.14466430943302802
11 0.6259247364490891 0.28243553384366005 0.06946148105076808 0.18548773854496814
8 0.7180960431253823 0.3528175590051593 0.07452091489985882 0.2071503242652131
10 0.5515313764505576 0.29368638173822637 0.058978986681677656 0.11091256710447822
10 0.6181809015570621 0.13343203522473546 0.054115351809230106 0.10607690446115627
10 0.6989186902634261 0.0497247688136208 0.0516835343730062 0.0994495376272416
10 0.7330103016206956 0.6015457100891622 0.06395450668363568 0.12536361436318472
12 0.7955908472065722 0.19490412539034793 0.06401044924839064 0.130171306670877
12 0.35102337548349194 0.7263724982017761 0.07630939284139761 0.15427969404841235