6 0.14436253445866673 0.7351651619815359 0.07616953642950962 0.14226046327918157
2 0.2604167764897166 0.5868119736659995 0.0962953866963623 0.21929542154477707
5 0.38542823593496334 0.27866594937486033 0.0741572882289499 0.1759003242652131
4 0.30291427079762107 0.21088276136146494 0.04933563078391542 0.10845278027937286
4 0.3579115600670599 0.49603921170025234 0.05425520822111807 0.1180961352303871
4 0.468472813372166 0.2887638222798554 0.054171294373985344 0.11088459676884864
3 0.5453128185134243 0.38535820121986764 0.07862932514811104 0.1470821407546888
11 0.6258128513195786 0.28006446615634 0.07189329848699198 0.18790556986662915
8 0.7179981436370608 0.3527112871486869 0.07938454977230637 0.2119859869085351
10 0.5502035826029352 0.28923931798555846 0.05900695796405513 0.11331641325832437
10 0.6204448912990203 0.1286011807123101 0.05654716924545401 0.10849473578281724
10 0.7036844256475521 0.05216758466275105 0.05151570667874075 0.08923599621641842
10 0.7293346041839823 0.6039621583129617 0.06879017027370547 0.12779543085266043
12 0.8003006400259428 0.19574884494528166 0.06644226668461456 0.13258913799253796
12 0.34009418266167385 0.7206799531584418 0.078769181559999 0.15910137152391984