6 0.14350113643895154 0.7451923076923077 0.072912539180828 0.13701923076923078
2 0.2585509091511612 0.5961538461538461 0.08778314147397846 0.21394230769230768
5 0.38293716447760906 0.28846153846153844 0.06831462439035772 0.17307692307692307
4 0.30038207170091624 0.22355769230769232 0.04628842430692792 0.10576923076923077
4 0.3564451073428002 0.5036057692307693 0.05115205728587951 0.11538461538461539
4 0.46461898562102644 0.296875 0.05112408695024994 0.11057692307692307
3 0.5410036335832338 0.3894230769230769 0.07535834083811849 0.14423076923076922
11 0.6209459040440078 0.28365384615384615 0.06838455022943152 0.18509615384615385
8 0.7118794954396253 0.3545673076923077 0.07331810904745704 0.20673076923076922
10 0.5463637400196105 0.29447115384615385 0.0583356254117884 0.11057692307692307
10 0.6158103616478172 0.13341346153846154 0.05349996276846652 0.10576923076923077
10 0.696821696091274 0.05048076923076923 0.04866430012514437 0.10096153846153846
10 0.7224582539239319 0.6021634615384616 0.06322722872636942 0.125
12 0.7921224470084175 0.1971153846153846 0.063255199061999 0.12980769230769232
12 0.3383245562430084 0.7259615384615384 0.07541428150937776 0.15384615384615385