6 0.1433004677936317 0.7456110613716022 0.07616953642950958 0.14226046327918157
2 0.26055663290160463 0.5958803340263081 0.0962953866963623 0.21929542154477707
5 0.3855680923468513 0.2862378967789858 0.0741572882289499 0.1759003242652131
4 0.3030541272095091 0.2194057001769966 0.04933563078391542 0.10845278027937286
4 0.3580514164789479 0.5039607882997477 0.054255208221118206 0.1180961352303871
4 0.46861266978405414 0.29537079310475994 0.054171294373985344 0.11088459676884857
3 0.5454526749253122 0.39108410647244 0.07862932514811104 0.1470821407546888
11 0.6259527077314667 0.2848393799975062 0.07189329848699198 0.18790556986662907
8 0.7181380000489488 0.35642332823592854 0.07938454977230637 0.21198598690853496
10 0.5503434390148233 0.29489529739905684 0.05900695796405513 0.11331641325832437
10 0.6205847477109082 0.13341805005692067 0.05654716924545374 0.10849473578281724
10 0.7037543538534963 0.050311745184267544 0.051655563090628985 0.10062349036853509
10 0.7282725375189472 0.6075832958094072 0.06879017027370574 0.12779543085266043
12 0.7992385733609079 0.19848891686939496 0.06644226668461456 0.13258913799253796
12 0.34023403907356187 0.7288392776107889 0.078769181559999 0.15910137152391984