6 0.14254257070092596 0.7427884615384616 0.07292652434864283 0.13942307692307693
2 0.25824804359013226 0.5913461538461539 0.09021495796345419 0.21875
5 0.3802210561133782 0.2776442307692308 0.07315028703367961 0.1778846153846154
4 0.29570184861385596 0.21153846153846154 0.04872024079640372 0.11057692307692307
4 0.3562603143530475 0.49759615384615385 0.05356988860754031 0.11778846153846154
4 0.4644046195853454 0.2860576923076923 0.05352793310409609 0.11057692307692307
3 0.54308203371403 0.38100961538461536 0.07776218699196463 0.14423076923076922
11 0.6229815473162101 0.27283653846153844 0.06839853539724644 0.1875
8 0.717151102350654 0.3449519230769231 0.07334607938308689 0.21153846153846154
10 0.5473233267252229 0.28365384615384615 0.05834961057960319 0.11298076923076923
10 0.6160838737753552 0.1201923076923077 0.05352793310409609 0.11057692307692307
10 0.6985690407129741 0.04326923076923077 0.05098423527210208 0.08653846153846154
10 0.7318476914012689 0.5985576923076923 0.06565904521584515 0.12980769230769232
12 0.7979448653378319 0.18389423076923078 0.06567303038366007 0.13221153846153846
12 0.3407479970507153 0.7235576923076923 0.07784609799885349 0.15865384615384615