2 0.7733408058580207 0.2977584696377804 0.08293349366284165 0.2072062649364723
1 0.5946240729884248 0.15369472106563936 0.05854540292901033 0.1469702594121705
6 0.5725559174015508 0.07904962378607541 0.05839156608304755 0.1205279517198628
6 0.5145986928759113 0.2397646794823052 0.06563107488021558 0.1253775995309995
3 0.43650865579544834 0.24531977691293966 0.058475477089936265 0.13495102864293976
4 0.4168793092819574 0.17669828018580594 0.053499962768466386 0.10607690446115633
4 0.6882560004171483 0.34053122694958593 0.05112408695024966 0.11087061160103372
4 0.6089158935275599 0.5443896469047134 0.053583873775355235 0.12049998138423326
4 0.7473686039978074 0.7915810322393875 0.06319925839073985 0.1205559220554924
4 0.5435513381909749 0.6714089009436527 0.06324121389418422 0.12776746051703086
3 0.4432680803684541 0.7874080623569696 0.07549819251626662 0.16870277097148928
8 0.15139496231525476 0.40591515732759426 0.08776915630616364 0.21204192757979426
12 0.18792654761835131 0.07440815078186182 0.06809086170532087 0.13500696931419892
9 0.23298048999426746 0.7945978217116364 0.0850995919638363 0.16635486548890255
11 0.3361546707787041 0.14257593091016413 0.06838455022943166 0.18548773854496817
7 0.17510397105491915 0.1428408477434958 0.05853141776119548 0.14456641325832437
7 0.3510330670109113 0.4275086185639147 0.06336708040451743 0.14940207590164625
10 0.5020829886492553 0.1543582151816928 0.05352793310409609 0.11088459676884864
10 0.2665480210757766 0.16019920719738118 0.0583635957474179 0.11572025941217053
10 0.25072803008151884 0.3331782340996006 0.05352793310409602 0.11088459676884864
10 0.2501204766367246 0.43533470305415484 0.06317128805511021 0.1157482297478001
10 0.3542270751462934 0.5633399114240372 0.0632132435585545 0.12295976820933856