2 0.7740384615384616 0.299583314425174 0.08413461538461539 0.2096240962581333
1 0.5985576923076923 0.15396961629103872 0.06009615384615385 0.14698424457998532
6 0.578125 0.07956925944823376 0.06009615384615385 0.12054193688767761
6 0.5168269230769231 0.23978165045828026 0.0673076923076923 0.12539158469881428
3 0.4387019230769231 0.24504386071995346 0.06009615384615385 0.13496501381075454
4 0.4206730769230769 0.17663913409394907 0.055288461538461536 0.10849473578281721
4 0.6875 0.3421540881588143 0.052884615384615384 0.11088459676884864
4 0.6033653846153846 0.5457685690323323 0.055288461538461536 0.12051396655204805
4 0.7367788461538461 0.7925885460647648 0.06490384615384616 0.12056990722330706
4 0.5348557692307693 0.6723690693919769 0.06490384615384616 0.1277814456848455
3 0.4326923076923077 0.7871461313317981 0.07692307692307693 0.17112060229315063
8 0.1502403846153846 0.4041740039346521 0.09134615384615384 0.21206989791542383
12 0.1935096153846154 0.07219150168321659 0.0673076923076923 0.13741081546804507
9 0.22235576923076922 0.7931775258232852 0.08653846153846154 0.16877269681056362
11 0.34134615384615385 0.14224487540106812 0.07211538461538461 0.18551570888059774
7 0.18028846153846154 0.14077803549081333 0.0625 0.14459438359395393
7 0.3485576923076923 0.42705868912839295 0.06490384615384616 0.14941606106946104
10 0.5060096153846154 0.15450804525190842 0.055288461538461536 0.11330242809050958
10 0.2704326923076923 0.15948436092852772 0.06009615384615385 0.11813809073383147
10 0.2512019230769231 0.3314712422710461 0.055288461538461536 0.11330242809050958
10 0.24759615384615385 0.4336556815612298 0.06490384615384616 0.11576221491561488
10 0.3485576923076923 0.5628759968207007 0.06490384615384616 0.12297375337715348