2 0.22181653891475014 0.3005794667606222 0.08293349366284172 0.20720626493647237
1 0.39932435612351547 0.15978045351808667 0.05853141776119554 0.14456641325832437
6 0.42139251171038955 0.0853870892591891 0.05839156608304755 0.1205279517198628
6 0.47934973623602894 0.24678741817834388 0.06563107488021558 0.1253775995309995
3 0.5574467659003994 0.2520496284400171 0.058475477089936265 0.13495102864293976
4 0.5770691198299829 0.18485381747484317 0.05349996276846652 0.10607690446115627
4 0.3056924286947918 0.345540101480294 0.05112408695024987 0.11087061160103372
4 0.3850395281682876 0.5491336046020897 0.05356988860754031 0.1180961352303871
4 0.2477957333588707 0.7935357503128613 0.06319925839073985 0.1205559220554924
4 0.4504110760887801 0.6757201197939195 0.06322722872636942 0.12536361436318472
3 0.5494924108343778 0.7928870427197722 0.07549819251626648 0.16870277097148956
8 0.8401496206428394 0.41716141670370155 0.08775517113834862 0.20963808142594795
12 0.8048129658327585 0.08641580044872607 0.06809086170532087 0.1350069693141989
9 0.7597800012085644 0.8025242064420284 0.08268176064217524 0.16393703416724145
11 0.6565918352563131 0.1516614818588853 0.0683845502294318 0.18548773854496814
7 0.8164406119031751 0.15379341859549234 0.05853141776119541 0.14456641325832437
7 0.6417204316080133 0.4352384095897501 0.06336708040451729 0.14940207590164625
10 0.491865440462685 0.16152080555587942 0.05352793310409609 0.11088459676884864
10 0.7261984849592407 0.17009589787936055 0.05836359574741797 0.11572025941217053
10 0.7408235454604827 0.34206180147015675 0.05352793310409609 0.11088459676884864
10 0.7426330219821999 0.44423924817643307 0.06317128805511028 0.1157482297478001
10 0.6397353391334615 0.5698468016212274 0.06321324355855477 0.12295976820933856