2 0.7745986696062028 0.30738084683707245 0.08533733981668781 0.20722025010428716
1 0.600682636460392 0.1621431455236379 0.06093526391504156 0.14458039842613915
6 0.5798233965343483 0.08870696390490442 0.0607954122368937 0.12054193688767761
6 0.5206432711800637 0.2458092577864576 0.0656170897124008 0.12297375337715334
3 0.4437411720087089 0.24896750164715334 0.06087932324378242 0.13496501381075454
4 0.42532074115604845 0.18155492058085004 0.05590380892231268 0.10609088962897112
4 0.6895068715814232 0.3489516810719549 0.05351394793628117 0.1084807506150025
4 0.6077349482023592 0.5479884235515752 0.055973734761386465 0.11811012039820189
4 0.7401710507040838 0.7939429228897892 0.06319925839073957 0.1205559220554924
4 0.5423564076979592 0.6726038314366682 0.06322722872636942 0.12536361436318472
3 0.4408432564628858 0.7837883079583856 0.07790203867011278 0.16871675613930448
8 0.16099636176282456 0.40356725184500736 0.09015901729219497 0.20965206659376287
12 0.20116867921622733 0.07809083843561243 0.06809086170532087 0.13500696931419892
9 0.23414045756774618 0.7873932758340054 0.0850995919638363 0.16635486548890255
11 0.3469999488066413 0.147446556473023 0.07077441121546303 0.1830978775589368
7 0.18833211748498038 0.1441196892434003 0.06332512490107299 0.1421905374401078
7 0.35704268239552667 0.4275435814834517 0.06575694139054879 0.1470122149156149
10 0.5105384056911612 0.161618701730583 0.055931779257942245 0.11089858193666344
10 0.27738630651980645 0.163867909683317 0.060767441901264124 0.11573424457998531
10 0.259134499036073 0.33202525911002934 0.055931779257942175 0.11089858193666344
10 0.2561161068535252 0.43296581981984567 0.0631573028872955 0.11334438359395395
10 0.35661693613232476 0.5609500504380058 0.0656170897124008 0.12297375337715348