2 0.21225010238671732 0.2921100645509015 0.08535132498450267 0.20962409625813325
1 0.38857697427028176 0.14769828949368932 0.06094924908285648 0.14698424457998532
6 0.41065212244106325 0.07210300215786866 0.0607954122368937 0.12054193688767761
6 0.46981127004362566 0.23351032366093089 0.06803492103406174 0.12539158469881428
3 0.5491172153688265 0.23757760342958842 0.06087932324378242 0.13496501381075454
4 0.5675446388053944 0.169172876803584 0.05591779409012732 0.10849473578281721
4 0.29853683090451255 0.33588276136146494 0.053527933104095954 0.11088459676884864
4 0.381496692192685 0.5382953191580597 0.05598771992920139 0.12051396655204791
4 0.2466287732014846 0.7875191423443385 0.06560310454458601 0.12056990722330706
4 0.44927208626702353 0.6648958195177046 0.06564506004803036 0.1277814456848455
3 0.5507712523342823 0.7796728814575256 0.07791602383792742 0.17112060229315063
8 0.8354538096776654 0.39790267713730276 0.09257684861385584 0.21206989791542383
12 0.7952814922242626 0.07193678285438995 0.07289855401301318 0.13503493964982852
9 0.7622747509532068 0.7869131916098433 0.08751742328549739 0.16877269681056362
11 0.6470743468156321 0.13477861811070302 0.0731922425371241 0.18551570888059774
7 0.8081460242911391 0.13331177820044823 0.06333911006888772 0.14459438359395393
7 0.6370036428911171 0.41958543925412045 0.06577092655836345 0.14941606106946104
10 0.4811250511933587 0.14823671845455902 0.0559457644257569 0.11330242809050951
10 0.7178829195954827 0.1532200267150857 0.060781427069078776 0.11813809073383147
10 0.7349118262505707 0.3251999154736967 0.05594576442575717 0.11330242809050944
10 0.7391321415100417 0.4261894242708647 0.06557513420895643 0.11576221491561488
10 0.6374154039865042 0.5554097395303356 0.06561708971240093 0.12297375337715334