2 0.23413977029573244 0.291006037648682 0.08654014566908959 0.20722025010428707
1 0.41043002258482425 0.1550217092977462 0.06177443078881021 0.14458039842613915
6 0.4312115138569226 0.08183026811577165 0.061494717965034286 0.12054193688767759
6 0.4883740513146838 0.24320961928320425 0.06633038155510408 0.12297375337715334
3 0.5665689795206278 0.24967375262180058 0.06166254565929973 0.13496501381075454
4 0.5850165528448241 0.18247794165662662 0.05651919796307626 0.10609088962897112
4 0.31758993132741054 0.3359596797844463 0.05414332309160773 0.1084807506150025
4 0.3956606728932834 0.5383232894936893 0.05665905437496422 0.11811012039820176
4 0.25904870984915596 0.7790986882219696 0.06389856411888037 0.1205559220554924
4 0.46084507393621965 0.6660977425946276 0.06395450668363555 0.12536361436318472
3 0.5583555272853797 0.783243687768758 0.07888106668950948 0.1687167561393042
8 0.8449273200558017 0.41594550845896366 0.09137580925915938 0.20965206659376287
12 0.8110611630881812 0.08764569386127873 0.06887408412083847 0.13500696931419892
9 0.7664420616461489 0.7976745586308917 0.08606463386867019 0.16635486548890255
11 0.6639658636096495 0.1504875291175918 0.07183735592223647 0.1830978775589368
7 0.8226756523282508 0.1562182425010607 0.06415030566027888 0.1421905374401078
7 0.6491956718527945 0.4304307172820578 0.06661009437888 0.1470122149156149
10 0.5006022246364326 0.1579499992446472 0.0565751405278315 0.11089858193666344
10 0.7326992492532857 0.17011687563108274 0.06143877540027905 0.11573424457998531
10 0.7467184267125154 0.34206180147015675 0.0565751405278315 0.11089858193666344
10 0.749095143649298 0.4430303325156026 0.06381465027174744 0.11334438359395395
10 0.6471562944351714 0.5650251241457201 0.06633038155510408 0.12297375337715334