2 0.234375 0.28829990767651886 0.08173076923076923 0.20720626493647237
1 0.41346153846153844 0.14422916652047038 0.057692307692307696 0.14697025941217048
6 0.43509615384615385 0.06958406924090645 0.057692307692307696 0.1205279517198628
6 0.49278846153846156 0.23150804059796673 0.06490384615384616 0.1253775995309995
3 0.5721153846153846 0.23585422236777076 0.057692307692307696 0.13495102864293976
4 0.5913461538461539 0.16723272564063701 0.052884615384615384 0.10607690446115633
4 0.31971153846153844 0.3310726649883244 0.05048076923076923 0.11087061160103372
4 0.4014423076923077 0.5349240923595443 0.052884615384615384 0.12049998138423326
4 0.26322115384615385 0.783324393355049 0.0625 0.1205559220554924
4 0.4675480769230769 0.6619433463984836 0.0625 0.12776746051703086
3 0.5673076923076923 0.777949500395708 0.07451923076923077 0.16870277097148956
8 0.8569711538461539 0.39765851844325584 0.08653846153846154 0.21204192757979426
12 0.8197115384615384 0.06682400198535769 0.0673076923076923 0.13364800397071538
9 0.7788461538461539 0.7863341902433907 0.08413461538461539 0.16635486548890227
11 0.6706730769230769 0.13311736894890253 0.0673076923076923 0.18548773854496814
7 0.8317307692307693 0.13338228578223424 0.057692307692307696 0.14456641325832434
7 0.6574519230769231 0.41805005660265315 0.0625 0.14940207590164625
10 0.5048076923076923 0.14489965322043122 0.052884615384615384 0.11088459676884861
10 0.7415865384615384 0.1507336526522122 0.057692307692307696 0.11572025941217053
10 0.7572115384615384 0.3237196721383391 0.052884615384615384 0.11088459676884864
10 0.7596153846153846 0.42586914850898583 0.0625 0.1157482297478001
10 0.65625 0.5538743568788682 0.0625 0.12295976820933856