2 0.7726992082455926 0.28912611271608873 0.0840803569504882 0.20287410052391558
1 0.5967840420726565 0.15052903068846524 0.0569667384811179 0.1448741087254542
6 0.5743102882167127 0.0786653876144791 0.05906290052881037 0.11845977231552414
6 0.5184640851613271 0.23799054454538784 0.06392653540125792 0.12332340718797169
3 0.4427988738799285 0.24367933224797478 0.059230728223076096 0.13288284923860105
4 0.42278490874258623 0.1765954101993033 0.054115351809230106 0.10638459898153813
4 0.6890680759437742 0.3333743383685358 0.05173947693776171 0.10876047385300666
4 0.6132646923811155 0.5338026358150387 0.054227236938740445 0.11599998359692275
4 0.7506911908754497 0.7738227824634312 0.06387059283650268 0.11851571488027937
4 0.5486134298339819 0.659571846080423 0.06395450668363555 0.12572725334181784
3 0.45258629651614896 0.7748873753244084 0.07404540309943942 0.16670452308671294
8 0.16461088723496248 0.40679375587573524 0.08654014566908959 0.2077097641139855
12 0.19808039385741208 0.08063904715272852 0.06644226668461456 0.13296676308573385
9 0.24595342677370138 0.7857063671473442 0.08363281643244655 0.16441256206237725
11 0.3442822964304886 0.14505255379965248 0.06943350976839045 0.1834755035988807
7 0.18684435899475432 0.14808659587230885 0.05934261335258657 0.1424982338539857
7 0.35954619595552184 0.4237588512339183 0.06177443078881021 0.1449300512902093
10 0.5066677825858033 0.15398179993147168 0.054171294373985344 0.11119229128923044
10 0.2747805425867822 0.16389256714244926 0.059034929246432825 0.11605592616167798
10 0.2611135323532147 0.33234361124713446 0.054171294373985344 0.11119229128923044
10 0.2610864031361511 0.4333191353498617 0.06381465027174758 0.11370802257258707
10 0.36348846264013634 0.5559424184130791 0.06389856411888044 0.12091956103412553