2 0.7716346153846154 0.2932692307692308 0.08173076923076923 0.20673076923076922
1 0.5949519230769231 0.15144230769230768 0.057692307692307696 0.14423076923076922
6 0.5733173076923077 0.07692307692307693 0.057692307692307696 0.1201923076923077
6 0.515625 0.23798076923076922 0.06490384615384616 0.125
3 0.4387019230769231 0.24278846153846154 0.057692307692307696 0.1346153846153846
4 0.41947115384615385 0.17548076923076922 0.052884615384615384 0.10576923076923077
4 0.6875 0.33653846153846156 0.05048076923076923 0.11057692307692307
4 0.6069711538461539 0.5384615384615384 0.052884615384615384 0.11778846153846154
4 0.7427884615384616 0.7836538461538461 0.0625 0.1201923076923077
4 0.5408653846153846 0.6646634615384616 0.0625 0.125
3 0.4423076923076923 0.7800480769230769 0.07211538461538461 0.16826923076923078
8 0.15625 0.40384615384615385 0.08653846153846154 0.20673076923076922
12 0.1935096153846154 0.07572115384615384 0.06490384615384616 0.1346153846153846
9 0.23317307692307693 0.7884615384615384 0.08173076923076923 0.16346153846153846
11 0.3401442307692308 0.14182692307692307 0.0673076923076923 0.18269230769230768
7 0.18028846153846154 0.14302884615384615 0.057692307692307696 0.14423076923076922
7 0.35336538461538464 0.4230769230769231 0.0625 0.14903846153846154
10 0.5036057692307693 0.15264423076923078 0.052884615384615384 0.11057692307692307
10 0.2704326923076923 0.15985576923076922 0.057692307692307696 0.11538461538461539
10 0.2548076923076923 0.33052884615384615 0.052884615384615384 0.11057692307692307
10 0.25240384615384615 0.4326923076923077 0.0625 0.11538461538461539
10 0.3545673076923077 0.5576923076923077 0.0625 0.1201923076923077