2 0.7764423076923077 0.30740182458879467 0.08413461538461539 0.20722025010428716
1 0.6033653846153846 0.16216412327536006 0.06009615384615385 0.14458039842613915
6 0.5829326923076923 0.0887279416566266 0.06009615384615385 0.12054193688767759
6 0.5228365384615384 0.2458302355381798 0.06490384615384616 0.12297375337715334
3 0.44591346153846156 0.2489884793988755 0.06009615384615385 0.13496501381075454
4 0.42788461538461536 0.18157589833257223 0.055288461538461536 0.10609088962897112
4 0.6911057692307693 0.348972658823677 0.052884615384615384 0.1084807506150025
4 0.6081730769230769 0.5480094013032973 0.055288461538461536 0.11811012039820176
4 0.7391826923076923 0.7951658237184346 0.0625 0.1205559220554924
4 0.5408653846153846 0.672617816604483 0.0625 0.12536361436318472
3 0.43990384615384615 0.7838092857101078 0.07692307692307693 0.1687167561393042
8 0.16105769230769232 0.4035812370128221 0.0889423076923077 0.20965206659376287
12 0.20432692307692307 0.07811181618733463 0.0673076923076923 0.1350069693141989
9 0.23317307692307693 0.7874142535857275 0.08413461538461539 0.16635486548890227
11 0.34975961538461536 0.1474675342247452 0.06971153846153846 0.1830978775589368
7 0.19110576923076922 0.14414066699512246 0.0625 0.1421905374401078
7 0.3581730769230769 0.42756455923517395 0.06490384615384616 0.1470122149156149
10 0.5120192307692307 0.16163268689839777 0.055288461538461536 0.11089858193666344
10 0.2800480769230769 0.16388888743503915 0.06009615384615385 0.11573424457998531
10 0.2608173076923077 0.3332481599386746 0.055288461538461536 0.11089858193666344
10 0.25721153846153844 0.4329867975715678 0.0625 0.11334438359395395
10 0.35697115384615385 0.5609710281897281 0.06490384615384616 0.1229737533771532