5 0.7867203850685963 0.29927884615384615 0.0754842073484517 0.1658653846153846
2 0.7923104454187678 0.3713942307692308 0.08043175133429187 0.18990384615384615
6 0.8346558537570725 0.7367788461538461 0.07531638533467398 0.13701923076923078
6 0.7484064922242626 0.0673076923076923 0.053541918271910745 0.11298076923076923
1 0.7571687816029447 0.21394230769230768 0.05124995346058315 0.13221153846153846
1 0.7031295885184592 0.6189903846153846 0.06322722872636942 0.125
4 0.6983856308210827 0.4014423076923077 0.04623248363566891 0.09615384615384616
4 0.7073786754687089 0.5084134615384616 0.05108213144680572 0.10336538461538461
4 0.6351086526522122 0.7415865384615384 0.05347199243283695 0.10096153846153846
4 0.61179741984012 0.6165865384615384 0.05351394793628117 0.10817307692307693
4 0.6813567241659946 0.22956730769230768 0.04621849846785399 0.09375
4 0.6710288973472047 0.14543269230769232 0.04139682099234676 0.09134615384615384
4 0.6667176784969379 0.06009615384615385 0.043856607817452056 0.10096153846153846
3 0.5941967240149241 0.12980769230769232 0.05124995346058288 0.13221153846153846
3 0.6257877579160878 0.484375 0.0657149858871043 0.13942307692307693
4 0.5186845463308427 0.3004807692307692 0.04627443913911314 0.10336538461538461
11 0.18834449994249633 0.26802884615384615 0.06347896174703578 0.16826923076923078
8 0.17221603390116366 0.3545673076923077 0.07084433705453695 0.19471153846153846
7 0.15705873566780992 0.4807692307692308 0.05848946225775112 0.13701923076923078
7 0.19478765552937044 0.1935096153846154 0.05365379961442917 0.13221153846153846
9 0.3690595090993092 0.19471153846153846 0.06336708040451729 0.14903846153846154
9 0.16242503333294467 0.5913461538461539 0.07301043535553162 0.15384615384615385
10 0.4428359232640569 0.7355769230769231 0.05590380892231268 0.10576923076923077
10 0.25365930583658014 0.6105769230769231 0.06069751606219006 0.10336538461538461
10 0.2590333974407717 0.5132211538461539 0.0607254863978197 0.10817307692307693
10 0.27288388383859136 0.4050480769230769 0.05587583858668296 0.10096153846153846
10 0.2782789531945052 0.30408653846153844 0.060669545726560484 0.0985576923076923
10 0.2823951810505144 0.21634615384615385 0.05343003692939245 0.09375
10 0.2888872847247403 0.13341346153846154 0.05341605176157767 0.09134615384615384
10 0.2917666265842896 0.051682692307692304 0.04142479132797647 0.09615384615384616
12 0.21605246532204314 0.05048076923076923 0.05347199243283681 0.10096153846153846
12 0.24572053864867227 0.7355769230769231 0.06328316939762864 0.1346153846153846