5 0.20986723398459337 0.28479814253538593 0.08030588482395878 0.1691922830876918
2 0.20342407839771928 0.3593873015105607 0.08045972166992157 0.1956345907799995
6 0.14358504744584033 0.7290489969030081 0.07772023148852031 0.13791431180531405
6 0.2592937257556443 0.05391786870195878 0.04872024079640372 0.10783573740391755
1 0.241620700025926 0.1978960543260155 0.05129190896402737 0.14001047385300666
1 0.2776907747911343 0.6085062061156661 0.0633111397332582 0.14015033026489462
4 0.3422613809828736 0.04741875587573526 0.04624646880348356 0.09483751175147052
4 0.32083574176033075 0.21620377123832368 0.043856607817452195 0.10146502154433534
4 0.33334445340307933 0.13192929944182025 0.04382863748182263 0.09665732923664311
4 0.279536015587538 0.4979152973975542 0.05586185341886818 0.09920103180237728
4 0.29578335555529645 0.39076233021594586 0.04628842430692792 0.10630068513440541
4 0.3418534070507962 0.7351548276453168 0.05111010178243502 0.1087604738530068
4 0.3702108813785816 0.6122370040518206 0.05352793310409609 0.11119229128923044
4 0.4802509782049339 0.2900648348063667 0.046260453971298486 0.10149299282671304
3 0.41034444874913767 0.11781306455958299 0.05363981444661438 0.13042306051999966
3 0.5530368495202793 0.3805578645400035 0.06093526391504156 0.1449300512902093
11 0.8144974749320676 0.26694605732511 0.06589679306869665 0.17142830154727232
8 0.8284100932299043 0.354518614246229 0.0684125205650611 0.19068704206041923
7 0.8101303154105414 0.19128084604371137 0.0512639386283978 0.13520278154531434
7 0.8384722018602132 0.484200435783222 0.058475477089936265 0.13528669539244723
9 0.6382693005783563 0.19087694657986412 0.053723725453503096 0.1448461374430766
9 0.8305893753435646 0.5996689650149702 0.07295449468427233 0.14506990770209754
12 0.7360282356103063 0.7401829219507738 0.06331113973325814 0.14015033026489476
12 0.8013680260318594 0.04715134456251991 0.04624646880348356 0.09430268912503982
10 0.7232570111996742 0.04518105328552668 0.03900696000631553 0.09036210657105335
10 0.7191757462632018 0.12503606246636811 0.04139682099234676 0.09182166564657318
10 0.7210691337918079 0.21274847579937514 0.041410806160161684 0.09422551180041933
10 0.7253803526420749 0.2980290716961584 0.046260453971298215 0.10149299282671297
10 0.723584059933023 0.4002065188758087 0.048650314957329716 0.09911711795524443
10 0.7325980823323714 0.5034600183616829 0.05108213144680544 0.10395278154531436
10 0.7307808118715974 0.6092432347721025 0.051096116614620365 0.10635662769916064
10 0.5413796304039344 0.7316312881310524 0.05355590343972567 0.11599998359692275