5 0.7901257734314993 0.28147055726443904 0.07790203867011278 0.16871675613930434
2 0.7953739985253576 0.3571637407749633 0.07805587551607555 0.19515906383161188
6 0.8492243918443434 0.7294592135130991 0.0777062463207055 0.13506290998545806
6 0.7443050508912175 0.05138780175085745 0.04628842430692806 0.1027756035017149
1 0.7595672378831823 0.19390498724673938 0.04888806281018122 0.13970278027937286
1 0.7163066024081577 0.6088341669736821 0.06331113973325841 0.13978669128626164
4 0.662532326157004 0.04501147638867837 0.043814652314007836 0.09002295277735674
4 0.6803521961487776 0.2135972670153969 0.041452761663605904 0.10119928631438996
4 0.667829499338214 0.12712873131600935 0.04142479132797661 0.0963915940066977
4 0.7168582151816927 0.49704832823592854 0.05345800726502203 0.09886536599961787
4 0.7030077287838731 0.3889521697358329 0.0438845781530819 0.1060209637898972
4 0.6497401239946498 0.7366295978263425 0.04869227046077421 0.10604893412552677
4 0.6225705875759725 0.6117834346723053 0.05352793310409609 0.11088459676884864
4 0.517310212721683 0.2866636430421877 0.046260453971298486 0.10122725665001961
3 0.5896205883313252 0.11316017234691332 0.05363981444661438 0.13011536599961784
3 0.4421204952524915 0.3784503296745076 0.05853141776119541 0.14456641325832437
11 0.179422983844243 0.263388174504782 0.06350693208266535 0.1734405374401078
8 0.1643084424694831 0.35121946271096277 0.06842650573287602 0.1926992770065066
7 0.1849990590265997 0.18883398081601424 0.04886009247455171 0.13489508797168054
7 0.15185647285314302 0.48350791959548256 0.05847547708993633 0.13495102864293976
9 0.35927091259653837 0.1866181330725184 0.04891603314581079 0.14451047258706515
9 0.15733545321594558 0.5988645646444684 0.06814680237658009 0.1446223539295835
12 0.2495067319631724 0.7401600513444292 0.0633111397332582 0.13978669128626164
12 0.19858302588078883 0.04515912200588315 0.04380066714619305 0.0903182440117663
10 0.2779029563738045 0.043118489537647 0.03896500450287117 0.086236979075294
10 0.278350481743878 0.11977894388662177 0.03899297483850074 0.09156991653119056
10 0.27526915630616366 0.20994415240757475 0.03900696000631553 0.09397376268503671
10 0.26975601437897356 0.2953156537886502 0.043856607817452195 0.10121327148220474
10 0.2691554535180867 0.39868803098794225 0.048664300125144506 0.10124124181783446
10 0.25894650062572266 0.5033182719354165 0.04867828529295929 0.10364508797168061
10 0.25835992493265064 0.6090944952885546 0.05109611661462023 0.10606291929334141
10 0.44899099981286617 0.7329896670311857 0.05355590343972567 0.11569228907654096