5 0.21033653846153846 0.2932692307692308 0.07211538461538461 0.16826923076923078
2 0.20432692307692307 0.36778846153846156 0.07932692307692307 0.19230769230769232
6 0.15264423076923078 0.7391826923076923 0.07211538461538461 0.13942307692307693
6 0.2536057692307692 0.057692307692307696 0.055288461538461536 0.11538461538461539
1 0.24278846153846154 0.20552884615384615 0.04807692307692308 0.1346153846153846
1 0.28846153846153844 0.6213942307692307 0.0625 0.12740384615384615
4 0.2980769230769231 0.39903846153846156 0.04567307692307692 0.0985576923076923
4 0.28725961538461536 0.5072115384615384 0.04807692307692308 0.10576923076923077
4 0.3557692307692308 0.7475961538461539 0.052884615384615384 0.10336538461538461
4 0.38100961538461536 0.6201923076923077 0.052884615384615384 0.11057692307692307
4 0.32091346153846156 0.2247596153846154 0.04326923076923077 0.09615384615384616
4 0.3329326923076923 0.13942307692307693 0.040865384615384616 0.09134615384615384
4 0.3389423076923077 0.052884615384615384 0.040865384615384616 0.10096153846153846
3 0.4110576923076923 0.125 0.04807692307692308 0.1346153846153846
3 0.3701923076923077 0.484375 0.0625 0.14182692307692307
4 0.484375 0.29927884615384615 0.04326923076923077 0.10576923076923077
11 0.8209134615384616 0.27283653846153844 0.0625 0.17067307692307693
8 0.8377403846153846 0.3605769230769231 0.0673076923076923 0.1971153846153846
7 0.8485576923076923 0.49038461538461536 0.057692307692307696 0.13942307692307693
7 0.8173076923076923 0.19591346153846154 0.052884615384615384 0.1346153846153846
9 0.6382211538461539 0.19471153846153846 0.06009615384615385 0.15384615384615385
9 0.8425480769230769 0.6021634615384616 0.06971153846153846 0.15625
10 0.5516826923076923 0.7439903846153846 0.052884615384615384 0.10576923076923077
10 0.7475961538461539 0.6213942307692307 0.057692307692307696 0.10576923076923077
10 0.7439903846153846 0.5204326923076923 0.057692307692307696 0.11057692307692307
10 0.7331730769230769 0.4098557692307692 0.055288461538461536 0.10096153846153846
10 0.7307692307692307 0.30649038461538464 0.057692307692307696 0.10096153846153846
10 0.7271634615384616 0.21754807692307693 0.052884615384615384 0.09615384615384616
10 0.7223557692307693 0.13221153846153846 0.052884615384615384 0.09134615384615384
10 0.7211538461538461 0.04927884615384615 0.038461538461538464 0.09615384615384616
12 0.8004807692307693 0.05048076923076923 0.052884615384615384 0.10096153846153846
12 0.7536057692307693 0.7475961538461539 0.0625 0.1346153846153846