5 0.7795508021105023 0.2829766409195853 0.07547022218063677 0.16432864821524426
2 0.7863427855375966 0.3550081116878371 0.08043175133429187 0.1908268984723072
6 0.840735394980762 0.7149277096288864 0.07531638533467398 0.13788634052293658
6 0.7340113856368153 0.05537642097758962 0.053541918271910745 0.11075284195517925
1 0.7475953524910045 0.19801771477014452 0.048846107306737 0.1327709641090906
1 0.7079792363295958 0.6034993465700744 0.06322722872636942 0.12572725334181784
4 0.6948148245098505 0.38732102041818617 0.04623248363566891 0.09668530051902079
4 0.7062187078952303 0.4929503947755289 0.05108213144680544 0.10395278154531436
4 0.6423481614493802 0.7292545711942697 0.05347199243283667 0.10157690667384582
4 0.616633082483442 0.6045622553004234 0.05351394793628117 0.10878844513538428
4 0.6705673868093165 0.21694164196007412 0.043814652314007836 0.09425348308279695
4 0.6578147360849584 0.1365666378593048 0.04139682099234676 0.09182166564657318
4 0.6510996710808452 0.051314013244899176 0.04384262264963741 0.09906117539048923
3 0.5821705006617859 0.12422657940804561 0.05124995346058302 0.1327989353914682
3 0.6258087356678099 0.4734547404274864 0.06331113973325814 0.14015033026489476
4 0.5114660152853969 0.29571082352007316 0.04627443913911314 0.10389683898055911
11 0.18345289662791525 0.2802981343338473 0.06346497657922093 0.16659263795720244
8 0.16853334624741306 0.3658025004896514 0.07084433705453695 0.19552270565048901
7 0.15938566339867472 0.4921023230548961 0.058475477089936265 0.13528669539244723
7 0.1874991986448506 0.20453502356412703 0.05365379961442917 0.13282690667384583
9 0.3606040920574033 0.197713398925247 0.06336708040451729 0.14976571488027937
9 0.16596087672463994 0.6013934092077633 0.07059260403387067 0.15225347488125826
10 0.451242392218611 0.7314782881432896 0.05349996276846652 0.10638459898153813
10 0.25961298054993637 0.6171294522719596 0.058293669908343906 0.10403669539244721
10 0.26138829550726606 0.5185577743230786 0.0607254863978197 0.10887235898251714
10 0.27163301267431655 0.4102728122704912 0.05586185341886818 0.09920103180237728
10 0.272220389722538 0.30931127380895274 0.060669545726560484 0.09925697436713239
10 0.2739257788407938 0.2227588266293024 0.05343003692939245 0.09436536821230736
10 0.2792159594380965 0.1397701917568549 0.05341605176157767 0.09196152205846121
10 0.27848253948296914 0.059255331244197545 0.041410806160161684 0.09422551180041933
12 0.2015804403116144 0.05654464304951175 0.05591779409012732 0.10881641641776188
12 0.2552869751767051 0.740969486118603 0.06326918422981379 0.1329387918033563