5 0.21705080211050226 0.2895219209959455 0.07788805350229785 0.16676046565146804
2 0.20940572344670508 0.364125065612309 0.07804189034826063 0.19320277334377572
6 0.1507895933234714 0.7301670061327982 0.07770624632070552 0.1355104656514679
6 0.26645631612983095 0.060597110733008656 0.04631639464255756 0.11110837744209762
1 0.2487972755679275 0.20382175586349807 0.051277923796212654 0.13760662769916052
1 0.2836864050079349 0.6108401240635681 0.06329715456544342 0.13774648411104862
4 0.345818202126291 0.05366444302993223 0.04624646880348356 0.09908914667286685
4 0.32560847114848607 0.22215744405818386 0.043856607817452195 0.10146502154433541
4 0.33931211328425037 0.1390709096974147 0.04142479132797647 0.09662935795426549
4 0.2855246532204312 0.5014511384223794 0.055847868251053395 0.09679718564853114
4 0.2993681470343435 0.39432614252314874 0.04627443913911314 0.10389683898055925
4 0.3454521836976581 0.7363147937986734 0.051096116614620365 0.10635662769916038
4 0.3750115811023665 0.6133829845639884 0.05352793310409609 0.11119229128923044
4 0.4850237075930892 0.29601850762622683 0.04626045397129835 0.10149299282671297
3 0.41511018555338564 0.12496866045636625 0.053625829278799594 0.12801921436615352
3 0.556614648415419 0.38532359992412935 0.06093526391504156 0.14493005129020944
11 0.8156644350894537 0.27294168706853655 0.06589679306869665 0.17142830154727232
8 0.8283821228942748 0.3593263065539213 0.0684125205650611 0.19068704206041923
7 0.810088359907097 0.1984923845052498 0.0512639386283978 0.13520278154531434
7 0.838451224108491 0.48780620501399125 0.05846149192212161 0.13288284923860105
9 0.6406381838126654 0.19685859068210193 0.05370974028568845 0.14244229128923044
9 0.8305753901757497 0.6020728111688164 0.07053666336261152 0.14263809026587376
12 0.7372301586872292 0.740168936309585 0.06329715456544321 0.13774648411104862
12 0.8001451252032141 0.050764106613883545 0.04628842430692806 0.10152821322776709
10 0.7232080631123223 0.051676797850494026 0.03900696000631553 0.09419754051804173
10 0.7203357138366806 0.1322336152867178 0.04138283582453211 0.08941781949272702
10 0.7222291013652866 0.21994602861972481 0.041410806160161684 0.09422551180041933
10 0.726547312799461 0.304024701439585 0.04624646880348356 0.0990891466728668
10 0.7235560895973935 0.405014211183501 0.048650314957329716 0.09911711795524443
10 0.7325771045806493 0.5070657875924522 0.04866430012514437 0.10152096410909059
10 0.7319687497807055 0.6116330952847598 0.051096116614620365 0.10635662769916052
10 0.5437764839738731 0.7328052399255979 0.053541918271910745 0.11359613744307659