5 0.2134590180475478 0.2921668913112574 0.0754842073484517 0.1667324943690904
2 0.20462600147464236 0.36418437643832036 0.08283559748813815 0.19085486975468482
6 0.14600987135140867 0.728911666687062 0.07533037050248897 0.14029018667678272
6 0.26169057932558304 0.059539254394543814 0.05354191827191081 0.11359613744307659
1 0.24641440716580354 0.20600604208489356 0.05124995346058302 0.1327989353914682
1 0.2812895514379961 0.6162953661925157 0.06324121389418422 0.12813109949566398
4 0.2981872017091426 0.3977271795279702 0.04624646880348356 0.09908914667286695
4 0.28434370789523034 0.5045444913210472 0.05108213144680551 0.10395278154531436
4 0.34666109935848854 0.743266499534823 0.053485977600651595 0.10398075282769198
4 0.3738376283610731 0.6173722605640536 0.05351394793628117 0.10878844513538428
4 0.3232256027463621 0.22613189235174624 0.04621849846785399 0.0942814543651745
4 0.3369292448821264 0.14335304209713076 0.0413968209923469 0.09182166564657318
4 0.3446372568010902 0.058100417482725125 0.043856607817452334 0.1014650215443354
3 0.4139292402281847 0.13102696928706037 0.0512639386283978 0.13520278154531434
3 0.3662003436363327 0.48386089953727046 0.06572897105491922 0.1425821477011184
4 0.4838357696839809 0.30492904519412284 0.04627443913911314 0.10389683898055918
11 0.8144764971803453 0.28954432729027463 0.06347896174703585 0.16899648411104853
8 0.8283961080620897 0.3762506165230018 0.07085832222235175 0.1979265518043352
7 0.8372702787832901 0.5037663478063584 0.05848946225775119 0.13769054154629337
7 0.8125131838126654 0.2137952021617432 0.0536537996144293 0.13282690667384583
9 0.637067377501433 0.20574368316356245 0.06338106557233221 0.15216956103412546
9 0.828213499525348 0.6142453713949598 0.07301043535553148 0.15468529231748201
10 0.5401707147431039 0.7455181877662204 0.05590380892231268 0.10641257026391561
10 0.7343725959345517 0.6287794913822332 0.06071150123000498 0.10646851282867086
10 0.7337440647380352 0.5302078134333521 0.06073947156563428 0.11127620513636316
10 0.724765005258224 0.4207209283038416 0.05587583858668283 0.10160487795622344
10 0.7253593748903527 0.31855746676538005 0.060669545726560484 0.09925697436713253
10 0.7234659873617466 0.23078911086761786 0.05343003692939245 0.09436536821230736
10 0.7203427064205881 0.14781446163635914 0.05341605176157753 0.09196152205846121
10 0.7220201252032141 0.06609767804677871 0.04142479132797661 0.09662935795426549
12 0.7989501947101985 0.06579083600593907 0.053485977600651595 0.10398075282769198
12 0.7372441438550441 0.7550233713827227 0.06568701555147473 0.13537060923958022