5 0.21463996337274868 0.29452789587256245 0.07547022218063691 0.1638950786637971
2 0.2093917382788903 0.37022107938308674 0.07563804419441447 0.1927412325099511
6 0.15678522354027197 0.7353120062435914 0.0753024001668594 0.13504892481764338
6 0.2604467007452156 0.0652193137848285 0.04391254848871141 0.11082865609758939
1 0.24518451375325087 0.20936617200870894 0.04886009247455165 0.13489508797168054
1 0.2872921742387041 0.6158748976132826 0.06329715456544342 0.13738284513241547
4 0.3410175024025061 0.058476278445085725 0.04382863748182263 0.09640557917451249
4 0.3231976324107325 0.22905145919345907 0.04145276166360604 0.10119928631439003
4 0.3345044209765581 0.14497977706401027 0.039020945174130316 0.0963776088388829
4 0.28672657629735426 0.5064929050293754 0.053444022097207236 0.09646151984577173
4 0.30056307752735917 0.40080059268312596 0.04387059298526698 0.10361711763605104
4 0.3526707147431039 0.7412594897281897 0.04869227046077421 0.10604893412552677
4 0.3786173503331357 0.6200121032210142 0.05352793310409609 0.11088459676884864
4 0.48264083919096523 0.3008949343916046 0.043856607817452195 0.10121327148220481
3 0.4103164784135081 0.12979530985017634 0.05122198312495344 0.12769753467795686
3 0.5554406956741255 0.39026378970226355 0.05853141776119541 0.14456641325832437
11 0.8133165296068667 0.27757751035075445 0.06347896174703585 0.16863284513241547
8 0.8284380635655341 0.36420687548001224 0.0659946892434003 0.1878775995309995
7 0.8077334618406027 0.20422523973890977 0.04886009247455165 0.13489508797168054
7 0.8409110109335963 0.49288956313376286 0.05605764576827546 0.1325331973212787
9 0.637067377501433 0.20203036974713617 0.04890204797799614 0.142106626433219
9 0.8342371000777781 0.6070372925219181 0.06813281720876538 0.14221850777573736
12 0.7444836526522122 0.7459429182358477 0.06087932324378242 0.13496501381075468
12 0.7941704727381356 0.056304790270482546 0.043856607817452056 0.1012132714822048
10 0.7172404032311513 0.05705918797733214 0.03658912868465446 0.0915559313633758
10 0.7167719001093557 0.13758803413117832 0.03897898967068596 0.0891660703773444
10 0.7198672107148849 0.22534939649828514 0.03899297483850061 0.09156991653119056
10 0.7241854221490592 0.3095119822185301 0.04384262264963741 0.0988094253283586
10 0.7247999681777609 0.4104805132639759 0.048650314957329716 0.0988373956639883
10 0.7350229062379398 0.512706908057604 0.04866430012514437 0.10124124181783446
10 0.7356164745149193 0.6172812083338192 0.04869227046077421 0.10604893412552677
10 0.548612146617195 0.7375915885974033 0.053541918271910745 0.1132884429226948