5 0.2025857696839809 0.29927884615384615 0.07790203867011264 0.16826923076923078
2 0.19612862892929203 0.3762019230769231 0.07805587551607542 0.19471153846153846
6 0.14227823561030628 0.7487980769230769 0.07770624632070552 0.1346153846153846
6 0.24842047739207743 0.06490384615384616 0.04631639464255756 0.11057692307692307
1 0.2331373126483905 0.2127403846153846 0.048888062810181286 0.13942307692307693
1 0.27639794812341506 0.6274038461538461 0.0633111397332582 0.13942307692307693
4 0.330193202126291 0.057692307692307696 0.043856607817452334 0.10096153846153846
4 0.31235934696670264 0.23076923076923078 0.04145276166360618 0.10096153846153846
4 0.3236731281164356 0.14543269230769232 0.04142479132797647 0.09615384615384616
4 0.27584633534988 0.515625 0.05345800726502203 0.0985576923076923
4 0.288501891254684 0.40625 0.04388457815308184 0.10576923076923077
4 0.34176250346000003 0.7548076923076923 0.04869227046077421 0.10576923076923077
4 0.3689320398786772 0.6298076923076923 0.05352793310409609 0.11057692307692307
4 0.4753943378098898 0.30408653846153844 0.04626045397129835 0.10096153846153846
3 0.4018890317072318 0.12980769230769232 0.05363981444661438 0.12980769230769232
3 0.5493821322021583 0.3954326923076923 0.05853141776119554 0.14423076923076922
11 0.8120796436104066 0.27884615384615385 0.06350693208266542 0.17307692307692307
8 0.8283961080620897 0.36658653846153844 0.06842650573287602 0.19230769230769232
7 0.8065105610119574 0.203125 0.04886009247455165 0.1346153846153846
7 0.8408480776784297 0.4987980769230769 0.058475477089936265 0.1346153846153846
9 0.6334336379350343 0.203125 0.04891603314581079 0.14423076923076922
9 0.8341671742387041 0.6141826923076923 0.06814680237658002 0.14423076923076922
12 0.7419958954914774 0.7560096153846154 0.06331113973325841 0.13942307692307693
12 0.7929615570773052 0.052884615384615384 0.0438845781530819 0.10576923076923077
10 0.7148295644933979 0.054086538461538464 0.03900696000631553 0.09375
10 0.7131521457107718 0.13581730769230768 0.03899297483850061 0.09134615384615384
10 0.7174353942254091 0.22596153846153846 0.03900696000631553 0.09375
10 0.7217466130756761 0.3112980769230769 0.043856607817452056 0.10096153846153846
10 0.7223471739365629 0.41466346153846156 0.04866430012514437 0.10096153846153846
10 0.7325561268289271 0.5192307692307693 0.04867828529295956 0.10336538461538461
10 0.733142702521999 0.625 0.051096116614620365 0.10576923076923077
10 0.5425116276417834 0.75 0.05355590343972567 0.11538461538461539