5 0.20552884615384615 0.2884738399720992 0.07211538461538461 0.16670452308671285
2 0.19831730769230768 0.3618750615115397 0.07692307692307693 0.19079892718992958
6 0.14783653846153846 0.730250919979931 0.07211538461538461 0.14026221539440525
6 0.24879807692307693 0.055196712805420274 0.052884615384615384 0.11039342561084055
1 0.23677884615384615 0.20157175176272876 0.04807692307692308 0.13517481026293673
1 0.2824519230769231 0.6120979897052465 0.0625 0.12572725334181784
4 0.2920673076923077 0.39203418149881303 0.04326923076923077 0.09665732923664304
4 0.28125 0.4991312061156661 0.04807692307692308 0.1063286564167829
4 0.34975961538461536 0.7363147937986736 0.052884615384615384 0.10157690667384582
4 0.375 0.6098191722567855 0.052884615384615384 0.11119229128923044
4 0.3137019230769231 0.21870551688049147 0.04326923076923077 0.09665732923664311
4 0.3269230769230769 0.13441705944279925 0.038461538461538464 0.09179369436419556
4 0.3329326923076923 0.04926359741468629 0.040865384615384616 0.09852719482937258
3 0.40384615384615385 0.1190989014836389 0.04807692307692308 0.13517481026293673
3 0.3629807692307692 0.47534364405328905 0.0625 0.14015033026489476
4 0.47716346153846156 0.2913227004480449 0.04326923076923077 0.1038688676981815
11 0.8100961538461539 0.2610063701464386 0.0625 0.16899648411104862
8 0.8257211538461539 0.3485649414263688 0.0673076923076923 0.1978985805219577
7 0.8377403846153846 0.4758289311683269 0.057692307692307696 0.13769054154629337
7 0.8052884615384616 0.18534115886504 0.052884615384615384 0.13523075282769198
9 0.6298076923076923 0.18497921632475917 0.06009615384615385 0.1521415897517479
9 0.8305288461538461 0.5876916911693059 0.0673076923076923 0.1546293497527268
10 0.5432692307692307 0.7304573363365068 0.052884615384615384 0.10638459898153813
10 0.7367788461538461 0.6068114173358787 0.057692307692307696 0.10644054154629337
10 0.7331730769230769 0.5070937588748298 0.057692307692307696 0.11124823385398568
10 0.7223557692307693 0.39784462964552897 0.055288461538461536 0.10160487795622344
10 0.7199519230769231 0.29570913938944504 0.057692307692307696 0.09922900308475491
10 0.7175480769230769 0.20799672605643804 0.052884615384615384 0.09436536821230736
10 0.7115384615384616 0.1227301158008436 0.052884615384615384 0.09196152205846121
10 0.7115384615384616 0.04465001995300915 0.038461538461538464 0.0893000399060183
12 0.7896634615384616 0.044831412255806585 0.05048076923076923 0.08966282451161317
12 0.7427884615384616 0.7329434122068578 0.0625 0.13534263795720244