5 0.8052884615384616 0.2837765072435816 0.07692307692307693 0.16871675613930434
2 0.8112980769230769 0.3594626981701985 0.08173076923076923 0.19518703416724145
6 0.8569711538461539 0.730591210750948 0.07692307692307693 0.14227444844699677
6 0.765625 0.053238031743295 0.055288461538461536 0.10609088962897109
1 0.7752403846153846 0.19621093722588198 0.05048076923076923 0.13490907313949532
1 0.7223557692307693 0.609980149379346 0.0625 0.12776746051703086
4 0.7163461538461539 0.38886126614503674 0.04807692307692308 0.0988373956639883
4 0.7247596153846154 0.496985394980762 0.05048076923076923 0.10606291929334141
4 0.6526442307692307 0.7365876423228982 0.055288461538461536 0.10368704347512483
4 0.6286057692307693 0.6093236478472 0.052884615384615384 0.11088459676884851
4 0.6971153846153846 0.21349237825678594 0.04567307692307692 0.09641956434232729
4 0.6862980769230769 0.12821877305041404 0.04326923076923077 0.0915978868668202
4 0.6814903846153846 0.04675842033280379 0.04326923076923077 0.09351684066560759
3 0.609375 0.11304129842048755 0.05048076923076923 0.13490907313949532
3 0.6418269230769231 0.4734294217319108 0.06490384615384616 0.14220452260792257
4 0.53125 0.2865727394513915 0.04567307692307692 0.10603494895771191
11 0.19471153846153846 0.25728066294546303 0.06490384615384616 0.17105067645407643
8 0.1778846153846154 0.34391702065862817 0.06971153846153846 0.19992480063585985
7 0.16346153846153846 0.47260670089628615 0.057692307692307696 0.13975872095063208
7 0.20192307692307693 0.1803156305189417 0.052884615384615384 0.1349230583073102
9 0.3798076923076923 0.17928072810064677 0.0625 0.15420976820933857
9 0.16947115384615385 0.5855525072075184 0.07211538461538461 0.15666955503444385
10 0.4567307692307692 0.7305158950382656 0.055288461538461536 0.10849473578281714
10 0.26322115384615385 0.6066417010473567 0.06009615384615385 0.10611885996460083
10 0.26802884615384615 0.5056521922501886 0.06009615384615385 0.110926552272293
10 0.28125 0.39499835075028417 0.057692307692307696 0.1012971824890936
10 0.2860576923076923 0.29160499579927 0.06009615384615385 0.10131116765690838
10 0.28966346153846156 0.20264171035524012 0.052884615384615384 0.09646151984577173
10 0.2980769230769231 0.11725622380634985 0.055288461538461536 0.09166781270589416
10 0.3004807692307692 0.042458091035972575 0.04326923076923077 0.08491618207194515
12 0.22235576923076922 0.04270283147273151 0.055288461538461536 0.08540566294546302
12 0.2548076923076923 0.7316906491347085 0.06490384615384616 0.13739683030023014