5 0.7836538461538461 0.2860576923076923 0.07692307692307693 0.16826923076923078
2 0.7920673076923077 0.359375 0.08173076923076923 0.19471153846153846
6 0.8497596153846154 0.7295673076923077 0.07692307692307693 0.14182692307692307
6 0.7367788461538461 0.055288461538461536 0.06009615384615385 0.11057692307692307
1 0.7512019230769231 0.19831730769230768 0.05048076923076923 0.1346153846153846
1 0.7127403846153846 0.6141826923076923 0.0625 0.12740384615384615
4 0.6971153846153846 0.3918269230769231 0.04807692307692308 0.0985576923076923
4 0.7103365384615384 0.5012019230769231 0.05048076923076923 0.10576923076923077
4 0.6466346153846154 0.7415865384615384 0.055288461538461536 0.10336538461538461
4 0.6189903846153846 0.6141826923076923 0.052884615384615384 0.11057692307692307
4 0.6730769230769231 0.21754807692307693 0.04567307692307692 0.09615384615384616
4 0.6598557692307693 0.13341346153846154 0.04326923076923077 0.09134615384615384
4 0.6502403846153846 0.05048076923076923 0.04567307692307692 0.10096153846153846
3 0.5805288461538461 0.1201923076923077 0.05048076923076923 0.1346153846153846
3 0.6286057692307693 0.47836538461538464 0.06490384615384616 0.14182692307692307
4 0.5096153846153846 0.2956730769230769 0.04567307692307692 0.10576923076923077
11 0.17307692307692307 0.27524038461538464 0.06490384615384616 0.17067307692307693
8 0.15865384615384615 0.3641826923076923 0.06971153846153846 0.19951923076923078
7 0.14903846153846154 0.49278846153846156 0.057692307692307696 0.13942307692307693
7 0.17668269230769232 0.19831730769230768 0.052884615384615384 0.1346153846153846
9 0.3545673076923077 0.1935096153846154 0.0625 0.15384615384615385
9 0.15745192307692307 0.6057692307692307 0.07211538461538461 0.15625
10 0.4495192307692308 0.7415865384615384 0.055288461538461536 0.10817307692307693
10 0.2536057692307692 0.6225961538461539 0.06009615384615385 0.10576923076923077
10 0.2536057692307692 0.5216346153846154 0.06009615384615385 0.11057692307692307
10 0.2644230769230769 0.4098557692307692 0.057692307692307696 0.10096153846153846
10 0.2644230769230769 0.30649038461538464 0.06009615384615385 0.10096153846153846
10 0.265625 0.21754807692307693 0.052884615384615384 0.09615384615384616
10 0.2704326923076923 0.13221153846153846 0.055288461538461536 0.09134615384615384
10 0.26802884615384615 0.051682692307692304 0.040865384615384616 0.09615384615384616
12 0.18990384615384615 0.052884615384615384 0.052884615384615384 0.09615384615384616
12 0.24879807692307693 0.75 0.06490384615384616 0.13701923076923078