5 0.7906581261934947 0.2829067127136413 0.07404540309943942 0.16670452308671285
2 0.7975208656906271 0.356154092200005 0.07913280823090793 0.19079892718992958
6 0.8534831642020934 0.7233411711673481 0.07373771899328574 0.14026221539440525
6 0.7434597723155242 0.05292362507958266 0.05419926565636283 0.10584725015916532
1 0.7571992369509777 0.19674586348727746 0.049643314890069234 0.13517481026293673
1 0.7175111723913947 0.6083210245189554 0.06395450668363568 0.12572725334181784
4 0.704134492361536 0.3884949722127316 0.04438808206433501 0.09665732923664304
4 0.7174124308377591 0.49652819272392057 0.0493076595015378 0.1063286564167829
4 0.6516579867673381 0.7341042204255286 0.05405940924447487 0.10157690667384582
4 0.624949109827129 0.6081959958135703 0.054171294373985344 0.11119229128923044
4 0.6804859446457328 0.21566979067720704 0.04438808206433501 0.09665732923664311
4 0.6674877189932857 0.13167503170447967 0.03952444719188774 0.09179369436419556
4 0.6604851230842654 0.04856347328993206 0.04204017847524437 0.09712694657986412
3 0.5903968143759433 0.11814703581748619 0.049643314890069096 0.13517481026293676
3 0.6342140113474796 0.4746566635044095 0.06412233437790113 0.14015033026489476
4 0.5190934390148233 0.2920770830069263 0.044471995911468006 0.1038688676981815
11 0.1858530626009773 0.2695087979239172 0.0644579897664325 0.16899648411104853
8 0.17124901440776 0.3574309958747563 0.0696013374626561 0.1978985805219577
7 0.16071226160454238 0.48497469844049046 0.059286670787831335 0.13769054154629337
7 0.1885777364368519 0.19374568715419696 0.05445100719776141 0.13523075282769198
9 0.3652324574621666 0.18928595174559665 0.061858344635943203 0.1521415897517479
9 0.16922446469663963 0.5966696307472038 0.06909785437985914 0.1546293497527268
10 0.458120400100345 0.7339520625030798 0.054115351809230106 0.10638459898153813
10 0.26318424931447165 0.6136075968883232 0.05892304411692241 0.10644054154629337
10 0.2644272872496471 0.5138200102213303 0.058978986681677656 0.11124823385398568
10 0.27397190159377366 0.404319139450631 0.05646325539832102 0.10160487795622344
10 0.2763888913234946 0.30211372098860306 0.058839130269789625 0.09922900308475491
10 0.27777178567055805 0.21434536509084087 0.053975495397342074 0.09436536821230736
10 0.28158649745384534 0.1289528840645472 0.05394752411496452 0.09196152205846121
10 0.28183739692992976 0.04775441126426656 0.0395803897566427 0.09550882252853311
12 0.2049143200068528 0.04944583178279776 0.05405940924447487 0.09889166356559552
12 0.2574412031777576 0.7398934338123792 0.06406639181314602 0.13534263795720244