5 0.2092020173946173 0.302848851109929 0.07888106668950948 0.16871675613930426
2 0.20472913841014223 0.37738905963088193 0.0791887507956631 0.19515906383161188
6 0.15596439271902562 0.7466381698508402 0.07848946873622295 0.1350629099854583
6 0.252766630759441 0.07063994941092358 0.04695975591244688 0.11084264126540422
1 0.23905513740636497 0.2161425675576899 0.05207513232629287 0.1373129192933415
1 0.2859966973510529 0.6232938095265949 0.06409436309552365 0.13738284513241547
4 0.3333933764016088 0.061757984750666364 0.04681989950055892 0.09882341049617344
4 0.31697035278853297 0.23371689575755517 0.04444402462909025 0.10121327148220474
4 0.32879462664643455 0.147115500963927 0.04438808206433501 0.0964055791745125
4 0.28486554454538787 0.5139327946944097 0.05640731283356578 0.09647550501358637
4 0.2969275743034991 0.4068987075930892 0.04690381334769164 0.10603494895771184
4 0.3530518060520326 0.7478952322438731 0.05171150565538395 0.10606291929334141
4 0.37851680299175217 0.6251592267195712 0.054171294373985344 0.11088459676884864
4 0.4784327866253865 0.30128251231467174 0.0468478707829364 0.10122725665001961
3 0.40469759382804277 0.13104996817776093 0.05439506463300617 0.13011536599961784
3 0.5531329886647577 0.3885823641438903 0.06177443078881021 0.14458039842613915
11 0.8117291056039877 0.2680955665723225 0.06688980720265647 0.17105067645407643
8 0.8263471394383939 0.3545431245199878 0.06951742361552331 0.19029543085266043
7 0.8041687681780432 0.19482720696736655 0.05204716104391539 0.13490907313949532
7 0.840461690190003 0.4842599132368839 0.05925869950545385 0.13495102864293976
9 0.6334817056137775 0.19702207695914017 0.054562892327271746 0.14453844292269474
9 0.8367292081232206 0.598456590712391 0.07136184412181734 0.14223249294355228
12 0.7473525034887459 0.7395920493376311 0.06409436309552337 0.13738284513241547
12 0.7890480933261542 0.050660973702062746 0.05171150565538395 0.10132194740412549
10 0.7121110307618884 0.0499399362044513 0.039552418474264946 0.09397376268503675
10 0.7123759158791617 0.13046178977439005 0.04190032206335614 0.08918005554515923
10 0.7161626563800714 0.21817420405414512 0.041956264628111375 0.0939877478528515
10 0.7211792912402817 0.3034757795961465 0.04684787078293668 0.10122725665001966
10 0.7236102666111914 0.4044163403059628 0.04922374565440508 0.0988373956639883
10 0.734426732238185 0.5077117990822735 0.04927968821916004 0.10364508797168061
10 0.7368297363267171 0.6110562059459359 0.05171150565538395 0.10606291929334141
10 0.5514670132326619 0.7383279943606909 0.05422723693874058 0.11569228907654096