5 0.790560226705173 0.2790737036945003 0.07647722053566333 0.16870277097148947
2 0.7986248892792285 0.35234905588336357 0.08396847182097772 0.1927831880133953
6 0.8605968031753103 0.7198018733942699 0.0761415651471319 0.13985661712533543
6 0.7422298779562234 0.053218656701871654 0.06138283283552381 0.10643731340374331
1 0.7558994143857329 0.19273103450544593 0.05204716104391539 0.13490907313949532
1 0.7234368739288773 0.6052074199911905 0.06398247796601343 0.12776746051703086
4 0.7052525015913264 0.3853464005050637 0.04681989950055892 0.09882341049617338
4 0.7209342862213954 0.4934355664212519 0.05171150565538395 0.10606291929334141
4 0.6588135826641213 0.7329958582599437 0.05408738052685235 0.10367305830731019
4 0.6308887970058005 0.6057458489520603 0.054171294373985344 0.11088459676884864
4 0.6792001077216769 0.21240932910628862 0.046791928218181164 0.09641956434232722
4 0.6650139446334957 0.1295535552215777 0.04192829334573389 0.09158390169900542
4 0.6556354738530067 0.04864171966312349 0.0468478707829364 0.09728343932624697
3 0.5867351025804188 0.11678691932940474 0.052047161043915255 0.13490907313949532
3 0.6377498523723047 0.472283439326247 0.06655415181412504 0.14220452260792257
4 0.519051482091257 0.29147133534988 0.046875842065314026 0.10363110280386575
11 0.18588103388335495 0.27297558878453704 0.06688980720265626 0.17105067645407643
8 0.17247890876706068 0.36079988440681043 0.07200518361650225 0.19752095448201382
7 0.16434600211768924 0.4882596712319157 0.059286670787831335 0.1373548747967859
7 0.18740378464230645 0.19724044977056837 0.05445100719776141 0.1349230583073101
9 0.36401654874405476 0.19020292455156543 0.06426219078978936 0.1518059220554924
9 0.17285820520978648 0.5999965618823175 0.07390554668755146 0.1542657088805977
10 0.4653039672795059 0.7341216642690349 0.05654716924545388 0.10849473578281714
10 0.26920785034027583 0.6162640782466487 0.06132689027076857 0.10611885996460056
10 0.26803305648041637 0.5153025397851103 0.06138283283552381 0.11092655227229287
10 0.2763757477476198 0.40587159911385107 0.05886710155216717 0.1012971824890936
10 0.2751869682465715 0.30370813757538956 0.06124297642363578 0.09890732150306224
10 0.276569862593635 0.21595376779219014 0.053975495397342074 0.09405767369192557
10 0.27919663694118796 0.13179817465585256 0.05394752411496446 0.09165382753807935
10 0.27704369026342623 0.05007439800899071 0.04198423591048893 0.0963915940066977
12 0.19893267590461505 0.05173083903989468 0.0540034666797197 0.09646151984577168
12 0.2658686503574079 0.7424939716592013 0.06647023796699217 0.13499298414638397