5 0.21942667792871878 0.29944835797873987 0.07790203867011264 0.1691643118053142
2 0.21178159926492163 0.37388367490083785 0.08284958265595294 0.19325871590853097
6 0.15074763782002698 0.740986840021048 0.07533037050248897 0.14029018667678272
6 0.26886016228367715 0.0668347067032151 0.055945764425756966 0.11362410872545421
1 0.25358399012389765 0.21330149439356486 0.0512639386283978 0.13520278154531434
1 0.288438156644368 0.6271965877319562 0.06324121389418422 0.12813109949566398
4 0.3041408764224988 0.40741249234929877 0.048650314957329716 0.09911711795524443
4 0.29149930568550964 0.5142437897835646 0.05109611661462023 0.10635662769916052
4 0.35380271198095303 0.7553696441511867 0.055889823754497754 0.10400872411006973
4 0.38218116406046054 0.6294893908216059 0.05352793310409609 0.11119229128923044
4 0.33038819312054873 0.23462926773734058 0.04623248363566878 0.09668530051902066
4 0.3440988278402205 0.15064849440580202 0.0413968209923469 0.09182166564657318
4 0.3530157554200147 0.06420793235566212 0.043856607817452195 0.1014650215443354
3 0.4223077388471093 0.13713448415999735 0.0512639386283978 0.1352027815453144
3 0.373355941426612 0.4935601979997878 0.06572897105491922 0.1425821477011184
4 0.4922002831350906 0.313440406220906 0.04628842430692806 0.10630068513440527
11 0.827655695523055 0.2969097078048899 0.06589679306869665 0.17142830154727232
8 0.8415683138208917 0.38481792011454014 0.07085832222235175 0.1979265518043352
7 0.8504354919581847 0.5135355744748199 0.05848946225775091 0.13769054154629337
7 0.8244904590784518 0.22114659703516967 0.05366778478224395 0.13523075282769198
9 0.6478427296902964 0.21308109239580014 0.06338106557233221 0.15216956103412554
9 0.8401697970394122 0.6252025354991555 0.0730244205233464 0.15708913847132833
10 0.5485142504424915 0.7576353180237729 0.05591779409012732 0.10881641641776205
10 0.745112985203878 0.6421265159990862 0.06071150123000498 0.10646851282867086
10 0.7457003622520996 0.5411649775375478 0.06073947156563428 0.11127620513636316
10 0.736735287940103 0.42927424625419125 0.058279684740528984 0.10163284923860107
10 0.7373296575722317 0.32711078471572963 0.060669545726560484 0.09925697436713253
10 0.7354362700436258 0.2393424288179674 0.05343003692939245 0.09436536821230736
10 0.7323269742702816 0.15396393343286258 0.05581989791542368 0.09198949334083882
10 0.7328094625598922 0.07103124112517024 0.04142479132797661 0.09662935795426549
12 0.81215037080463 0.06955044728978513 0.055931779257942245 0.11122026257160804
12 0.7491934487852009 0.7671824585638414 0.06570100071928937 0.1377744553934261