5 0.7843934573377316 0.28148454243225385 0.07790203867011278 0.16871675613930426
2 0.7899695325200883 0.35596881028194766 0.07804189034826063 0.19275521767776574
6 0.8382965859073788 0.7258674294501446 0.0777062463207055 0.13506290998545806
6 0.7424668026787213 0.05319767895014946 0.04872024079640351 0.10639535790029891
1 0.7548488464559872 0.19512089549147726 0.048888062810181494 0.13970278027937286
1 0.7079932214974106 0.6052353903268203 0.06331113973325814 0.13978669128626164
4 0.6607779889513963 0.04621689575755514 0.04382863748182276 0.09243379151511028
4 0.6766189576973762 0.2136042595993043 0.041452761663605904 0.10119928631438996
4 0.6650962003855707 0.12833764697683983 0.04142479132797661 0.0963915940066977
4 0.7098384622938142 0.49465147466598974 0.053444022097207375 0.09646151984577173
4 0.6972396484154189 0.3877572392428173 0.0438845781530819 0.1060209637898972
4 0.6411532309563645 0.7318219055186502 0.04869227046077421 0.10604893412552677
4 0.6154241668226116 0.6093795885184592 0.05352793310409582 0.11088459676884864
4 0.513939787278317 0.2866636430421877 0.043856607817452334 0.10121327148220481
3 0.5882570344693826 0.1143620954238364 0.05363981444661438 0.13011536599961784
3 0.4388961127160314 0.37724141401367717 0.05853141776119554 0.14456641325832437
11 0.17995201615575698 0.2633671967530598 0.0634929469148505 0.17103669128626164
8 0.1638165575305169 0.3511984849592406 0.06600867441121508 0.19028144568484565
7 0.18639517174263107 0.18881300306429202 0.04886009247455171 0.13489508797168054
7 0.14984020462236408 0.4810830956899143 0.05847547708993633 0.13495102864293976
9 0.35947209481955417 0.18780607098162666 0.04891603314581093 0.14451047258706515
9 0.15517853195186923 0.5964327481549927 0.06814680237658009 0.1446223539295835
12 0.24450463040393441 0.7365333043619379 0.0633111397332582 0.13978669128626164
12 0.20165036615068838 0.04635754879085253 0.04862234462170015 0.09271509758170506
10 0.2797823587345958 0.04491787786107791 0.0413968209923469 0.08983575572215582
10 0.2793278407806149 0.12216880487265312 0.03899297483850074 0.09156991653119059
10 0.2752116129246056 0.20993016723975993 0.03899297483850074 0.09156991653119056
10 0.269907447159488 0.295294676036928 0.043856607817452195 0.10121327148220474
10 0.2681111544504361 0.39746513015929696 0.048650314957329716 0.0988373956639883
10 0.25669248454209215 0.5008934480298481 0.048664300125144506 0.10124124181783446
10 0.254875214081318 0.6066696713829862 0.048692270460774144 0.10604893412552677
10 0.44165497793885594 0.729376905216509 0.05355590343972567 0.11569228907654096