5 0.779599750197854 0.29274451292656856 0.08030588482395892 0.1691922830876918
2 0.7851688327963035 0.36853559497866645 0.08045972166992171 0.1956345907799995
6 0.8407214098129471 0.7369953672941905 0.07772023148852014 0.13791431180531405
6 0.732858410647244 0.06261777958670871 0.048706255628588865 0.10873250257062907
1 0.7488532162391868 0.2058424247171981 0.05129190896402737 0.14001047385300666
1 0.7092021371582411 0.6164665621480375 0.06331113973325814 0.14015033026489476
4 0.6511556117521043 0.05685906367817775 0.048650314957329716 0.09911711795524446
4 0.6706163348966684 0.2241641272706951 0.043856607817452056 0.10146502154433541
4 0.6578776693401249 0.14107759290992597 0.04382863748182276 0.09665732923664311
4 0.7074346161399683 0.5070635908656599 0.05586185341886818 0.09920103180237715
4 0.693640871768557 0.3987226862483173 0.04628842430692806 0.10630068513440541
4 0.6435500845263034 0.7443171067546113 0.05111010178243502 0.10876047385300652
4 0.6166260898995346 0.620197360084192 0.05352793310409582 0.11119229128923044
4 0.5091181098028099 0.2980112051975493 0.046260453971298486 0.10149299282671297
3 0.5798365803470138 0.12574544930957682 0.05363981444661438 0.13042306051999966
3 0.4352693657335399 0.3885042349311861 0.06093526391504156 0.14493005129020944
11 0.1750883831768055 0.27609435079321565 0.06589679306869672 0.17142830154727232
8 0.1601618402123959 0.3624649846374116 0.06841252056506122 0.1906870420604191
7 0.18032961568675648 0.20163106258874014 0.0512639386283978 0.13520278154531434
7 0.14858234087418182 0.49334872925132767 0.058475477089936265 0.13528669539244723
9 0.3522325860223861 0.19882331697104674 0.053723725453503096 0.1448461374430766
9 0.15512958386451745 0.6076153354061529 0.0729544946842724 0.14506990770209754
12 0.24806844413125925 0.7481292923419566 0.0633111397332582 0.14015033026489476
12 0.19200001861576677 0.05512231797482397 0.04623248363566878 0.09668530051902069
10 0.2701390037835816 0.053627538498250055 0.041410806160161684 0.09422551180041931
10 0.2720813393995395 0.13298243285755074 0.0413968209923469 0.09182166564657318
10 0.2691600420365458 0.2218967692674808 0.041410806160161684 0.09422551180041933
10 0.26506479193225874 0.30598942772852983 0.04626045397129835 0.10149299282671297
10 0.265672345377053 0.40816687490818016 0.048650314957329716 0.09911711795524443
10 0.2554486059617247 0.5126222974709774 0.05108213144680544 0.1039527815453145
10 0.2560351816547967 0.618405513881397 0.05109611661462023 0.10635662769916064
10 0.44403784634098 0.740793567240347 0.05355590343972567 0.11599998359692275