5 0.7932692307692307 0.30028818230195975 0.07692307692307693 0.16871675613930434
2 0.7992788461538461 0.37604429906765063 0.07692307692307693 0.19275521767776574
6 0.8497596153846154 0.7453283722071459 0.07692307692307693 0.1350629099854583
6 0.7487980769230769 0.06685637977430911 0.04326923076923077 0.11082865609758942
1 0.7632211538461539 0.2135749061658133 0.04807692307692308 0.13970278027937286
1 0.71875 0.6243738728689319 0.0625 0.13978669128626164
4 0.6682692307692307 0.05917633819097497 0.04326923076923077 0.09880942532835862
4 0.6850961538461539 0.23114923436567852 0.040865384615384616 0.10119928631438996
4 0.6730769230769231 0.14694469314198916 0.040865384615384616 0.09639159400669772
4 0.71875 0.5137969497920089 0.052884615384615384 0.09646151984577173
4 0.7067307692307693 0.4055539470298578 0.04326923076923077 0.1060209637898972
4 0.6526442307692307 0.750191203830948 0.04807692307692308 0.10604893412552677
4 0.6262019230769231 0.6262392900619083 0.052884615384615384 0.11088459676884864
4 0.5228365384615384 0.30232062015356437 0.04326923076923077 0.10121327148220474
3 0.5961538461538461 0.13087216777191568 0.052884615384615384 0.13011536599961784
3 0.4483173076923077 0.39203131072053654 0.057692307692307696 0.14456641325832437
11 0.18870192307692307 0.27633822028884614 0.0625 0.17103669128626164
8 0.17307692307692307 0.3627857782365115 0.06490384615384616 0.19028144568484565
7 0.19471153846153846 0.20185395243915238 0.04807692307692308 0.13489508797168054
7 0.15985576923076922 0.4937184751981455 0.057692307692307696 0.13495102864293976
9 0.36778846153846156 0.20165896144489465 0.04807692307692308 0.14451047258706515
9 0.1658653846153846 0.6079361304253748 0.0673076923076923 0.1446223539295835
12 0.25600961538461536 0.7490855742184297 0.0625 0.13978669128626164
12 0.2091346153846154 0.052899401907579593 0.04326923076923077 0.1012132714822048
10 0.28725961538461536 0.054555842938483576 0.038461538461538464 0.09156991653119059
10 0.28725961538461536 0.13508468909232973 0.038461538461538464 0.09156991653119059
10 0.28365384615384615 0.22400601903291523 0.038461538461538464 0.09156991653119056
10 0.27884615384615385 0.3093145871588241 0.04326923076923077 0.10121327148220474
10 0.2776442307692308 0.4102691330364551 0.04807692307692308 0.0988373956639883
10 0.2668269230769231 0.5147735074735962 0.04807692307692308 0.10124124181783446
10 0.265625 0.6193338225819965 0.04807692307692308 0.10604893412552677
10 0.453125 0.7442227425946276 0.052884615384615384 0.11569228907654096