5 0.7853670292111588 0.30358979190125385 0.0754842073484517 0.1667324943690904
2 0.7918171773819402 0.37938087395335174 0.07563804419441447 0.19317480206139812
6 0.8444376772883733 0.7477567324217429 0.0777062463207055 0.1355104656514679
6 0.7395532992547843 0.07230309240803734 0.043912548488711206 0.11108040615972001
1 0.7548224788306566 0.21790361240999528 0.048874077642366294 0.13757865641678288
1 0.7127218109291107 0.6248380667629326 0.06329715456544349 0.13774648411104862
4 0.6589824975974939 0.06415451598684903 0.04382863748182276 0.09665732923664308
4 0.6780042906661906 0.235037377527758 0.041452761663605904 0.10143705026195779
4 0.6654955790234419 0.1507629057312546 0.04142479132797661 0.09662935795426549
4 0.7132874088704606 0.5154770524041214 0.053444022097207375 0.09676921436615352
4 0.6994439150565482 0.40835205650489076 0.0438845781530819 0.10627271385202765
4 0.6473502630086182 0.7502707795744714 0.04869227046077421 0.1063286564167829
4 0.620194711757756 0.6273669416221639 0.05352793310409582 0.11119229128923044
4 0.5161642303160191 0.30526470058265415 0.043856607817452195 0.10146502154433541
3 0.5884815985095688 0.13424282469517118 0.05363981444661438 0.13042306051999966
3 0.44336437383285887 0.3933538841624448 0.05853141776119541 0.14490208000783183
11 0.18428661682319447 0.2761642789991597 0.06347896174703571 0.16899648411104862
8 0.16916508286452714 0.3625209272021668 0.0659946892434003 0.18825522462419533
7 0.18986269200555123 0.20171497643587297 0.04886009247455165 0.13517481026293673
7 0.15669912808037234 0.49217477745678223 0.056071630936090175 0.13525872411006945
9 0.36053576892862804 0.20370093748468307 0.04891603314581079 0.14479019487832134
9 0.16337303893619054 0.6064273979704186 0.06813281720876531 0.14261011898349601
12 0.25312648636175644 0.7468854123414671 0.06089330841159727 0.13771851282867084
12 0.20342568110801812 0.05404626566860012 0.043856607817452195 0.1014650215443354
10 0.2803557506150024 0.05614326978160665 0.03899297483850074 0.09179369436419556
10 0.28202617681372116 0.1366861015766416 0.03897898967068596 0.0893898482103494
10 0.27772894313126895 0.224370543627271 0.03899297483850074 0.09179369436419563
10 0.2734177242810019 0.30965113952405426 0.043856607817452195 0.10146502154433534
10 0.2728031782523003 0.4105986923444039 0.048650314957329716 0.09911711795524443
10 0.26258723277602886 0.5138382061890893 0.048664300125144506 0.10152096410909059
10 0.26199366449904943 0.6183915282402082 0.048692270460774074 0.1063286564167829
10 0.450206908057604 0.7431694421118155 0.05355590343972567 0.11599998359692275